* Measurement data measured by REW V5.40 beta 133
* Source: U18dB [plughw:3,0], Mic (Mic), R, Volume: 1.000. Timing signal peak level -27.0 dBFS, measurement signal peak level -15.9 dBFS
* Format: 512k Log Swept Sine, 1 sweep at -12.0 dBFS using an acoustic timing reference
* Dated: Sep 10, 2026, 11:18:33 AM
* REW Settings:
*  C-weighting compensation: Off
*  Target level: 75.0 dB
* Note: ; 10 sept 2026  Position MLP+20cm AHEAD 4.387m from front wall 3.49/3.49m from RLand L speaker  2 screen panels prolongation - new setup DAC level -29dB MIC HEIGHT: 1.000m mic boom arm height: 1.040 -12dBFS OKTO -28dB DELAY -0.0097 ms (-3.3 mm, -0.13 in) using estimated IR delay relative to Acoustic reference played from DAC8STEREO L with no timing offset Clock adjustment: -17.1 ppm
* Measurement: L 120.green.2
* Smoothing: 1/48 octave
* Frequency Step: 96 ppo
* Start Frequency: 15.014648 Hz
*
* Freq(Hz) SPL(dB) Phase(degrees)
15.014648 68.578 -157.4832
15.123451 68.745 -158.1674
15.233042 68.961 -158.8298
15.343426 69.200 -159.4961
15.454611 69.460 -160.1634
15.566602 69.737 -160.8012
15.679404 70.021 -161.4743
15.793023 70.305 -162.2364
15.907466 70.592 -163.0372
16.022738 70.874 -163.9117
16.138845 71.140 -164.9176
16.255794 71.393 -166.0404
16.373590 71.632 -167.2726
16.492240 71.853 -168.6322
16.611750 72.057 -170.1315
16.732125 72.249 -171.7551
16.853373 72.431 -173.4786
16.975500 72.606 -175.3120
17.098511 72.777 -177.2466
17.222414 72.949 -179.2366
17.347215 73.127 178.7186
17.472920 73.309 176.6256
17.599536 73.496 174.5236
17.727069 73.690 172.4117
17.855527 73.887 170.2967
17.984915 74.083 168.1923
18.115241 74.278 166.0897
18.246512 74.467 163.9911
18.378734 74.643 161.8897
18.511914 74.808 159.7683
18.646058 74.957 157.6337
18.781175 75.089 155.4705
18.917272 75.205 153.2615
19.054354 75.305 151.0379
19.192430 75.390 148.7719
19.331506 75.463 146.4740
19.471590 75.526 144.1953
19.612689 75.580 141.8976
19.754811 75.631 139.6340
19.897962 75.680 137.4373
20.042151 75.728 135.2883
20.187385 75.779 133.2377
20.333671 75.833 131.2867
20.481017 75.891 129.4240
20.629431 75.955 127.6585
20.778920 76.023 125.9805
20.929493 76.097 124.3382
21.081157 76.176 122.7462
21.233919 76.256 121.1504
21.387789 76.339 119.5197
21.542774 76.421 117.8554
21.698882 76.501 116.1089
21.856121 76.577 114.2852
22.014499 76.647 112.3806
22.174025 76.710 110.3766
22.334708 76.766 108.2990
22.496554 76.813 106.1417
22.659573 76.852 103.9138
22.823774 76.884 101.6399
22.989164 76.909 99.3060
23.155753 76.926 96.9440
23.323549 76.936 94.5367
23.492562 76.939 92.1080
23.662798 76.935 89.6427
23.834269 76.922 87.1580
24.006982 76.898 84.6386
24.180946 76.861 82.0993
24.356171 76.809 79.5258
24.532666 76.739 76.9311
24.710440 76.651 74.3088
24.889502 76.540 71.6677
25.069862 76.406 69.0165
25.251528 76.248 66.3596
25.434511 76.063 63.7222
25.618820 75.850 61.1078
25.804465 75.610 58.5539
25.991454 75.340 56.0662
26.179799 75.039 53.6853
26.369509 74.707 51.4222
26.560593 74.341 49.3127
26.753062 73.939 47.3755
26.946926 73.499 45.6449
27.142194 73.020 44.1520
27.338878 72.497 42.9437
27.536987 71.930 42.0790
27.736531 71.316 41.6419
27.937521 70.658 41.7473
28.139968 69.961 42.5496
28.343882 69.242 44.2403
28.549273 68.529 47.0365
28.756153 67.877 51.1278
28.964532 67.363 56.5250
29.174421 67.074 63.0349
29.385831 67.078 69.9162
29.598773 67.381 76.4654
29.813258 67.923 81.8516
30.029297 68.616 85.8462
30.246902 69.373 88.3923
30.466083 70.135 89.7130
30.686853 70.868 90.0313
30.909222 71.548 89.5966
31.133203 72.172 88.5882
31.358807 72.738 87.1524
31.586046 73.247 85.4170
31.814932 73.705 83.4372
32.045476 74.116 81.2924
32.277691 74.486 79.0097
32.511588 74.821 76.6104
32.747180 75.125 74.1215
32.984480 75.401 71.5426
33.223499 75.652 68.8765
33.464250 75.879 66.1274
33.706746 76.083 63.2883
33.950999 76.263 60.3522
34.197022 76.417 57.3247
34.444828 76.543 54.1994
34.694429 76.639 50.9726
34.945839 76.699 47.6635
35.199071 76.721 44.2766
35.454138 76.700 40.8256
35.711054 76.633 37.3499
35.969831 76.518 33.8567
36.230483 76.350 30.3548
36.493024 76.130 26.8912
36.757467 75.854 23.4968
37.023827 75.524 20.1981
37.292117 75.140 17.0441
37.562351 74.706 14.0988
37.834543 74.227 11.4125
38.108708 73.705 9.0530
38.384859 73.147 7.0980
38.663012 72.562 5.6157
38.943180 71.957 4.6783
39.225378 71.341 4.3619
39.509622 70.726 4.7290
39.795925 70.127 5.8083
40.084302 69.559 7.6230
40.374770 69.045 10.1643
40.667342 68.605 13.3734
40.962034 68.262 17.1293
41.258862 68.034 21.2578
41.557841 67.931 25.5508
41.858986 67.954 29.7836
42.162313 68.094 33.7508
42.467839 68.333 37.2954
42.775578 68.651 40.3241
43.085548 69.024 42.8085
43.397763 69.437 44.7696
43.712242 69.875 46.2590
44.028998 70.328 47.3420
44.348051 70.792 48.0831
44.669415 71.264 48.5356
44.993108 71.743 48.7324
45.319147 72.232 48.6796
45.647548 72.729 48.3630
45.978329 73.235 47.7538
46.311507 73.747 46.8168
46.647099 74.264 45.5176
46.985123 74.782 43.8298
47.325597 75.294 41.7389
47.668537 75.796 39.2440
48.013963 76.280 36.3563
48.361892 76.742 33.0978
48.712342 77.173 29.4965
49.065332 77.567 25.5842
49.420880 77.917 21.3961
49.779004 78.217 16.9675
50.139723 78.461 12.3333
50.503056 78.644 7.5300
50.869022 78.765 2.5963
51.237640 78.823 -2.4270
51.608929 78.817 -7.4963
51.982909 78.751 -12.5674
52.359598 78.626 -17.5967
52.739018 78.449 -22.5445
53.121186 78.225 -27.3786
53.506124 77.958 -32.0753
53.893852 77.658 -36.6237
54.284389 77.331 -41.0260
54.677756 76.986 -45.2977
55.073973 76.630 -49.4693
55.473062 76.268 -53.5840
55.875043 75.909 -57.6958
56.279936 75.558 -61.8661
56.687764 75.217 -66.1617
57.098547 74.888 -70.6519
57.512306 74.571 -75.4058
57.929064 74.266 -80.4922
58.348842 73.968 -85.9814
58.771662 73.674 -91.9427
59.197546 73.381 -98.4460
59.626515 73.083 -105.5610
60.058594 72.781 -113.3528
60.493803 72.477 -121.8798
60.932166 72.176 -131.1843
61.373706 71.890 -141.2737
61.818445 71.632 -152.1086
62.266407 71.416 -163.5930
62.717615 71.256 -175.5884
63.172093 71.159 172.0890
63.629864 71.125 159.6542
64.090952 71.144 147.3132
64.555381 71.203 135.2199
65.023176 71.281 123.4860
65.494361 71.362 112.1991
65.968960 71.426 101.4103
66.446998 71.456 91.1191
66.928501 71.439 81.3331
67.413492 71.362 72.0529
67.901998 71.213 63.2466
68.394044 70.984 54.8904
68.889655 70.666 46.9613
69.388858 70.246 39.4106
69.891679 69.713 32.1950
70.398142 69.047 25.2665
70.908276 68.222 18.5555
71.422107 67.196 11.9937
71.939661 65.904 5.4786
72.460965 64.234 -1.1438
72.986047 61.989 -8.1782
73.514934 58.786 -16.5489
74.047654 54.091 -31.5109
74.584234 52.248 -158.1927
75.124702 57.638 163.8323
75.669086 62.006 153.5569
76.217416 65.156 145.9712
76.769719 67.588 139.1250
77.326024 69.560 132.5333
77.886360 71.212 126.0153
78.450757 72.624 119.4900
79.019243 73.844 112.9182
79.591849 74.901 106.2931
80.168605 75.817 99.6194
80.749539 76.604 92.9236
81.334684 77.274 86.2397
81.924068 77.834 79.6042
82.517724 78.294 73.0662
83.115681 78.661 66.6576
83.717972 78.942 60.4158
84.324627 79.148 54.3634
84.935678 79.286 48.5093
85.551157 79.363 42.8599
86.171096 79.384 37.4093
86.795527 79.354 32.1478
87.424483 79.273 27.0692
88.057997 79.144 22.1715
88.696102 78.965 17.4598
89.338830 78.736 12.9507
89.986216 78.454 8.6743
90.638293 78.120 4.6725
91.295096 77.733 1.0002
91.956658 77.295 -2.2754
92.623013 76.811 -5.0752
93.294198 76.291 -7.3142
93.970246 75.745 -8.9091
94.651193 75.194 -9.7883
95.337075 74.661 -9.9093
96.027927 74.175 -9.2812
96.723785 73.768 -7.9885
97.424685 73.469 -6.2065
98.130664 73.296 -4.1909
98.841760 73.250 -2.2352
99.558008 73.315 -0.6086
100.279446 73.459 0.4983
101.006112 73.648 0.9980
101.738044 73.844 0.9023
102.475280 74.020 0.3011
103.217858 74.152 -0.6617
103.965817 74.228 -1.8094
104.719197 74.247 -2.9506
105.478035 74.215 -3.8977
106.242372 74.152 -4.4941
107.012248 74.088 -4.6469
107.787703 74.056 -4.3643
108.568777 74.087 -3.7767
109.355511 74.200 -3.1172
110.147947 74.395 -2.6578
110.946124 74.653 -2.6267
111.750085 74.945 -3.1509
112.559873 75.238 -4.2472
113.375528 75.506 -5.8474
114.197094 75.729 -7.8315
115.024613 75.899 -10.0598
115.858129 76.012 -12.3959
116.697684 76.072 -14.7208
117.543324 76.088 -16.9437
118.395091 76.072 -19.0084
119.253031 76.036 -20.8956
120.117188 75.991 -22.6205
120.987606 75.942 -24.2234
121.864332 75.895 -25.7579
122.747411 75.846 -27.2734
123.636890 75.793 -28.8010
124.532814 75.727 -30.3457
125.435230 75.643 -31.8839
126.344185 75.537 -33.3687
127.259727 75.408 -34.7378
128.181904 75.260 -35.9242
129.110763 75.100 -36.8689
130.046352 74.940 -37.5322
130.988722 74.797 -37.9058
131.937920 74.684 -38.0217
132.893997 74.616 -37.9550
133.857001 74.601 -37.8193
134.826984 74.641 -37.7484
135.803996 74.729 -37.8723
136.788088 74.851 -38.2938
137.779311 74.989 -39.0702
138.777717 75.123 -40.2087
139.783357 75.235 -41.6702
140.796285 75.311 -43.3767
141.816553 75.343 -45.2239
142.844214 75.328 -47.0912
143.879322 75.268 -48.8550
144.921931 75.174 -50.4022
145.972095 75.062 -51.6484
147.029869 74.951 -52.5555
148.095308 74.862 -53.1465
149.168468 74.815 -53.5087
150.249404 74.822 -53.7800
151.338173 74.886 -54.1191
152.434832 74.999 -54.6725
153.539437 75.149 -55.5504
154.652047 75.320 -56.8197
155.772720 75.494 -58.5045
156.901513 75.655 -60.5955
158.038486 75.789 -63.0569
159.183698 75.884 -65.8358
160.337209 75.930 -68.8684
161.499079 75.921 -72.0848
162.669367 75.852 -75.4152
163.848137 75.722 -78.7926
165.035448 75.529 -82.1544
166.231363 75.274 -85.4430
167.435944 74.960 -88.6046
168.649254 74.589 -91.5911
169.871356 74.164 -94.3623
171.102314 73.690 -96.8899
172.342191 73.171 -99.1599
173.591054 72.607 -101.1750
174.848966 71.996 -102.9487
176.115994 71.328 -104.4879
177.392203 70.584 -105.7655
178.677660 69.737 -106.6787
179.972432 68.752 -106.9816
181.276587 67.589 -106.1741
182.590191 66.231 -103.3025
183.913315 64.750 -96.6711
185.246027 63.490 -84.0133
186.588396 63.189 -65.5178
187.940492 64.254 -47.9557
189.302387 66.085 -37.1927
190.674150 67.999 -32.6370
192.055853 69.722 -32.0001
193.447569 71.202 -33.6791
194.849370 72.452 -36.7504
196.261329 73.503 -40.6844
197.683519 74.383 -45.1658
199.116016 75.117 -49.9979
200.558892 75.721 -55.0510
202.012225 76.212 -60.2338
203.476089 76.601 -65.4750
204.950560 76.897 -70.7146
206.435716 77.109 -75.9003
207.931635 77.247 -80.9877
209.438393 77.317 -85.9412
210.956070 77.329 -90.7351
212.484745 77.290 -95.3546
214.024497 77.208 -99.7932
215.575406 77.090 -104.0511
217.137555 76.940 -108.1318
218.711023 76.763 -112.0416
220.295893 76.565 -115.7887
221.892248 76.347 -119.3850
223.500171 76.113 -122.8442
225.119745 75.865 -126.1808
226.751056 75.603 -129.4048
228.394187 75.326 -132.5209
230.049226 75.037 -135.5278
231.716257 74.735 -138.4216
233.395369 74.425 -141.2015
235.086648 74.107 -143.8765
236.790182 73.786 -146.4675
238.506062 73.462 -149.0046
240.234375 73.133 -151.5225
241.975212 72.797 -154.0513
243.728664 72.450 -156.6097
245.494823 72.087 -159.2035
247.273780 71.704 -161.8260
249.065627 71.297 -164.4663
250.870459 70.863 -167.1173
252.688370 70.400 -169.7836
254.519454 69.902 -172.4838
256.363807 69.360 -175.2432
258.221525 68.759 -178.0798
260.092705 68.075 179.0183
261.977444 67.277 176.1229
263.875840 66.331 173.3981
265.787993 65.194 171.1494
267.714003 63.824 169.9100
269.653969 62.190 170.6041
271.607992 60.321 174.8408
273.576176 58.449 -174.9203
275.558622 57.242 -157.3086
277.555433 57.433 -137.6102
279.566714 58.717 -123.6735
281.592570 60.292 -116.3140
283.633106 61.761 -113.1600
285.688428 63.038 -112.4142
287.758644 64.135 -113.1100
289.843862 65.082 -114.7594
291.944190 65.900 -117.1068
294.059738 66.604 -119.9982
296.190616 67.205 -123.3149
298.336935 67.708 -126.9492
300.498808 68.120 -130.7996
302.676346 68.449 -134.7780
304.869664 68.706 -138.8186
307.078875 68.903 -142.8879
309.304095 69.048 -146.9882
311.545440 69.149 -151.1542
313.803027 69.207 -155.4404
316.076973 69.218 -159.9032
318.367397 69.171 -164.5822
320.674418 69.054 -169.4865
322.998157 68.849 -174.5914
325.338735 68.540 -179.8401
327.696273 68.111 174.8499
330.070896 67.546 169.5813
332.462726 66.826 164.4762
334.871888 65.927 159.6855
337.298507 64.819 155.4153
339.742711 63.458 151.9906
342.204627 61.783 150.0077
344.684383 59.719 150.7213
347.182108 57.263 157.0636
349.697933 54.935 175.2435
352.231988 54.534 -153.9606
354.784406 56.526 -131.5527
357.355320 59.006 -122.8016
359.944864 61.135 -120.9460
362.553173 62.850 -122.1973
365.180383 64.228 -124.9049
367.826630 65.350 -128.2952
370.492054 66.281 -131.9855
373.176792 67.071 -135.8000
375.880985 67.758 -139.6838
378.604773 68.364 -143.6515
381.348300 68.906 -147.7443
384.111707 69.387 -151.9988
386.895138 69.807 -156.4280
389.698740 70.164 -161.0153
392.522658 70.455 -165.7228
395.367039 70.681 -170.5013
398.232031 70.841 -175.3003
401.117785 70.936 179.9272
404.024450 70.971 175.2218
406.952177 70.949 170.6191
409.901120 70.872 166.1469
412.871433 70.744 161.8239
415.863270 70.567 157.6583
418.876786 70.342 153.6487
421.912140 70.066 149.7946
424.969489 69.731 146.1140
428.048993 69.327 142.6663
431.150813 68.843 139.5728
434.275109 68.275 137.0308
437.422046 67.626 135.3156
440.591786 66.923 134.7649
443.784496 66.220 135.7104
447.000341 65.611 138.3192
450.239490 65.209 142.3517
453.502111 65.101 147.0272
456.788374 65.288 151.2849
460.098451 65.686 154.3280
463.432514 66.175 155.9193
466.790737 66.659 156.2693
470.173295 67.081 155.7931
473.580365 67.421 154.9426
477.012124 67.689 154.1191
480.468750 67.921 153.6122
483.950425 68.167 153.5403
487.457329 68.475 153.8030
490.989646 68.880 154.0973
494.547559 69.382 154.0316
498.131254 69.953 153.2874
501.740919 70.548 151.7205
505.376740 71.125 149.3627
509.038909 71.652 146.3580
512.727614 72.112 142.8933
516.443050 72.501 139.1471
520.185409 72.821 135.2623
523.954887 73.083 131.3353
527.751680 73.296 127.4159
531.575987 73.470 123.5160
535.428005 73.611 119.6215
539.307937 73.721 115.7047
543.215985 73.802 111.7382
547.152352 73.847 107.7029
551.117243 73.852 103.5964
555.110866 73.809 99.4359
559.133428 73.711 95.2599
563.185140 73.552 91.1260
567.266211 73.327 87.1078
571.376856 73.033 83.2957
575.517288 72.669 79.7972
579.687724 72.239 76.7419
583.888380 71.753 74.2794
588.119476 71.227 72.5682
592.381232 70.693 71.7495
596.673871 70.193 71.8998
600.997615 69.779 72.9677
605.352692 69.503 74.7198
609.739327 69.398 76.7434
614.157750 69.465 78.5388
618.608190 69.670 79.6704
623.090880 69.957 79.8807
627.606053 70.266 79.1134
632.153945 70.546 77.4663
636.734793 70.760 75.1248
641.348836 70.883 72.3102
645.996314 70.902 69.2502
650.677470 70.813 66.1655
655.392547 70.618 63.2662
660.141792 70.323 60.7579
664.925451 69.946 58.8475
669.743775 69.510 57.7432
674.597014 69.053 57.6335
679.485423 68.630 58.6353
684.409254 68.306 60.6989
689.368766 68.148 63.5221
694.364216 68.192 66.5634
699.395865 68.429 69.2086
704.463976 68.807 70.9958
709.568812 69.257 71.7297
714.710640 69.718 71.4490
719.889728 70.142 70.3312
725.106346 70.502 68.6082
730.360766 70.788 66.5128
735.653261 70.999 64.2535
740.984108 71.144 62.0002
746.353584 71.238 59.8766
751.761970 71.299 57.9528
757.209547 71.346 56.2429
762.696599 71.394 54.7106
768.223413 71.455 53.2866
773.790277 71.532 51.8907
779.397480 71.628 50.4501
785.045315 71.738 48.9073
790.734077 71.858 47.2213
796.464062 71.982 45.3618
802.235569 72.103 43.3101
808.048899 72.214 41.0574
813.904354 72.309 38.6074
819.802241 72.381 35.9749
825.742866 72.424 33.1826
831.726539 72.435 30.2581
837.753572 72.409 27.2318
843.824280 72.345 24.1381
849.938979 72.242 21.0127
856.097987 72.099 17.8911
862.301626 71.917 14.8024
868.550219 71.698 11.7659
874.844092 71.442 8.7910
881.183573 71.149 5.8828
887.568992 70.817 3.0513
894.000683 70.443 0.3221
900.478980 70.026 -2.2601
907.004222 69.566 -4.6384
913.576749 69.068 -6.7582
920.196903 68.542 -8.5890
926.865029 67.998 -10.1469
933.581475 67.442 -11.5012
940.346591 66.875 -12.7635
947.160730 66.282 -14.0546
954.024247 65.639 -15.4644
960.937500 64.909 -17.0151
967.900849 64.042 -18.6310
974.914658 62.978 -20.0999
981.979291 61.642 -20.9877
989.095118 59.943 -20.4259
996.262509 57.796 -16.5271
1003.481838 55.303 -4.8477
1010.753481 53.537 21.9403
1018.077817 54.434 54.3041
1025.455229 56.959 71.7416
1032.886100 59.408 78.2816
1040.370819 61.425 79.9995
1047.909774 63.062 79.5151
1055.503361 64.408 77.9198
1063.151973 65.534 75.7006
1070.856010 66.489 73.0868
1078.615875 67.304 70.1990
1086.431970 67.997 67.1205
1094.304704 68.584 63.9313
1102.234487 69.075 60.7156
1110.221732 69.482 57.5577
1118.266856 69.818 54.5319
1126.370279 70.098 51.6865
1134.532422 70.335 49.0409
1142.753712 70.544 46.5836
1151.034577 70.734 44.2804
1159.375448 70.913 42.0823
1167.776760 71.084 39.9351
1176.238952 71.247 37.7870
1184.762464 71.398 35.6011
1193.347741 71.533 33.3610
1201.995231 71.644 31.0760
1210.705384 71.727 28.7820
1219.478654 71.779 26.5365
1228.315499 71.805 24.4056
1237.216380 71.811 22.4495
1246.181760 71.807 20.7062
1255.212106 71.807 19.1803
1264.307891 71.824 17.8376
1273.469587 71.866 16.6117
1282.697672 71.939 15.4163
1291.992628 72.044 14.1582
1301.354940 72.178 12.7496
1310.785094 72.331 11.1163
1320.283583 72.495 9.2073
1329.850902 72.657 6.9980
1339.487550 72.807 4.4875
1349.194029 72.935 1.6912
1358.970845 73.035 -1.3693
1368.818508 73.099 -4.6735
1378.737531 73.124 -8.2061
1388.728432 73.103 -11.9561
1398.791730 73.028 -15.9115
1408.927952 72.892 -20.0503
1419.137625 72.685 -24.3364
1429.421281 72.398 -28.7179
1439.779457 72.022 -33.1315
1450.212692 71.550 -37.5084
1460.721531 70.974 -41.7769
1471.306521 70.282 -45.8607
1481.968215 69.463 -49.6709
1492.707168 68.496 -53.0841
1503.523939 67.354 -55.9032
1514.419093 66.004 -57.7867
1525.393198 64.407 -58.1107
1536.446826 62.544 -55.6998
1547.580553 60.505 -48.3955
1558.794960 58.732 -33.3239
1570.090631 58.165 -11.7528
1581.468155 59.122 6.7866
1592.928125 60.733 17.3531
1604.471139 62.303 22.1831
1616.097798 63.633 23.9075
1627.808709 64.720 24.0621
1639.604482 65.606 23.4690
1651.485732 66.342 22.5703
1663.453078 66.971 21.5995
1675.507145 67.534 20.6595
1687.648560 68.062 19.7566
1699.877958 68.580 18.8232
1712.195974 69.100 17.7450
1724.603252 69.624 16.3990
1737.100438 70.144 14.6901
1749.688184 70.648 12.5706
1762.367146 71.122 10.0421
1775.137984 71.555 7.1421
1788.001366 71.939 3.9269
1800.957961 72.270 0.4572
1814.008445 72.543 -3.2101
1827.153498 72.760 -7.0244
1840.393805 72.919 -10.9415
1853.730057 73.020 -14.9221
1867.162949 73.065 -18.9307
1880.693182 73.053 -22.9365
1894.321460 72.986 -26.9114
1908.048494 72.863 -30.8276
1921.875000 72.684 -34.6541
1935.801698 72.448 -38.3503
1949.829316 72.154 -41.8649
1963.958583 71.803 -45.1357
1978.190236 71.400 -48.0974
1992.525018 70.952 -50.6890
2006.963676 70.465 -52.8608
2021.506962 69.951 -54.5771
2036.155634 69.417 -55.8126
2050.910458 68.873 -56.5433
2065.772200 68.329 -56.7391
2080.741637 67.798 -56.3674
2095.819549 67.298 -55.4100
2111.006721 66.850 -53.8895
2126.303946 66.476 -51.8872
2141.712021 66.192 -49.5426
2157.231749 66.007 -47.0273
2172.863940 65.921 -44.5125
2188.609407 65.925 -42.1425
2204.468973 66.009 -40.0284
2220.443464 66.157 -38.2512
2236.533713 66.354 -36.8701
2252.740558 66.585 -35.9271
2269.064845 66.834 -35.4448
2285.507424 67.082 -35.4183
2302.069153 67.313 -35.8099
2318.750895 67.511 -36.5493
2335.553520 67.668 -37.5414
2352.477904 67.776 -38.6765
2369.524928 67.834 -39.8378
2386.695483 67.846 -40.9062
2403.990462 67.819 -41.7650
2421.410768 67.769 -42.3081
2438.957308 67.716 -42.4600
2456.630998 67.690 -42.2057
2474.432759 67.717 -41.6207
2492.363519 67.821 -40.8794
2510.424213 68.009 -40.2247
2528.615781 68.272 -39.9021
2546.939174 68.588 -40.0951
2565.395345 68.926 -40.8918
2583.985257 69.258 -42.2930
2602.709879 69.558 -44.2377
2621.570188 69.808 -46.6310
2640.567166 69.995 -49.3615
2659.701804 70.111 -52.3101
2678.975100 70.151 -55.3555
2698.388058 70.116 -58.3777
2717.941690 70.009 -61.2629
2737.637016 69.836 -63.9061
2757.475062 69.606 -66.2148
2777.456863 69.332 -68.1105
2797.583461 69.028 -69.5310
2817.855904 68.711 -70.4357
2838.275249 68.399 -70.8064
2858.842562 68.113 -70.6516
2879.558913 67.873 -70.0128
2900.425384 67.701 -68.9736
2921.443062 67.611 -67.6642
2942.613043 67.616 -66.2555
2963.936430 67.715 -64.9396
2985.414335 67.901 -63.9001
3007.047878 68.155 -63.2847
3028.838187 68.456 -63.1847
3050.786397 68.779 -63.6335
3072.893653 69.105 -64.6182
3095.161107 69.415 -66.0969
3117.589920 69.696 -68.0153
3140.181262 69.937 -70.3141
3162.936310 70.129 -72.9320
3185.856250 70.263 -75.8024
3208.942278 70.333 -78.8490
3232.195596 70.332 -81.9844
3255.617418 70.258 -85.1068
3279.208964 70.111 -88.1029
3302.971464 69.893 -90.8533
3326.906156 69.614 -93.2391
3351.014290 69.287 -95.1525
3375.297121 68.932 -96.5093
3399.755915 68.570 -97.2670
3424.391948 68.226 -97.4363
3449.206504 67.924 -97.0845
3474.200876 67.682 -96.3275
3499.376367 67.509 -95.3070
3524.734291 67.410 -94.1611
3550.275969 67.382 -93.0077
3576.002732 67.419 -91.9368
3601.915922 67.513 -91.0159
3628.016889 67.657 -90.2998
3654.306995 67.843 -89.8391
3680.787610 68.063 -89.6823
3707.460115 68.305 -89.8723
3734.325899 68.558 -90.4399
3761.386364 68.805 -91.3914
3788.642920 69.033 -92.7029
3816.096988 69.228 -94.3187
3843.750000 69.379 -96.1567
3871.603397 69.483 -98.1166
3899.658631 69.536 -100.0908
3927.917165 69.546 -101.9779
3956.380472 69.519 -103.6947
3985.050036 69.469 -105.1892
4013.927351 69.408 -106.4448
4043.013923 69.348 -107.4767
4072.311269 69.298 -108.3237
4101.820915 69.266 -109.0358
4131.544400 69.253 -109.6635
4161.483274 69.261 -110.2510
4191.639097 69.290 -110.8376
4222.013442 69.338 -111.4601
4252.607892 69.404 -112.1562
4283.424042 69.485 -112.9656
4314.463498 69.574 -113.9254
4345.727879 69.665 -115.0635
4377.218815 69.748 -116.3927
4408.937947 69.813 -117.9043
4440.886929 69.849 -119.5626
4473.067426 69.847 -121.3021
4505.481116 69.804 -123.0281
4538.129690 69.719 -124.6254
4571.014848 69.601 -125.9768
4604.138306 69.466 -126.9932
4637.501790 69.336 -127.6465
4671.107040 69.233 -127.9922
4704.955807 69.171 -128.1652
4739.049856 69.155 -128.3370
4773.390965 69.174 -128.6578
4807.980924 69.210 -129.2100
4842.821536 69.241 -129.9901
4877.914617 69.253 -130.9271
4913.261997 69.237 -131.9121
4948.865519 69.195 -132.8335
4984.727038 69.135 -133.6036
5020.848425 69.070 -134.1805
5057.231563 69.013 -134.5797
5093.878347 68.977 -134.8693
5130.790689 68.964 -135.1487
5167.970514 68.970 -135.5160
5205.419759 68.984 -136.0387
5243.140376 68.992 -136.7377
5281.134332 68.977 -137.5835
5319.403609 68.929 -138.5040
5357.950200 68.838 -139.3911
5396.776116 68.703 -140.1095
5435.883380 68.529 -140.5056
5475.274032 68.334 -140.4285
5514.950125 68.148 -139.7664
5554.913727 68.006 -138.5002
5595.166922 67.950 -136.7556
5635.711808 68.008 -134.8097
5676.550498 68.186 -133.0253
5717.685123 68.460 -131.7307
5759.117827 68.791 -131.1198
5800.850769 69.137 -131.2283
5842.886124 69.463 -131.9735
5885.226086 69.743 -133.2113
5927.872860 69.965 -134.7826
5970.828671 70.123 -136.5387
6014.095756 70.221 -138.3521
6057.676373 70.262 -140.1178
6101.572794 70.256 -141.7545
6145.787305 70.211 -143.2054
6190.322213 70.140 -144.4414
6235.179840 70.051 -145.4597
6280.362523 69.954 -146.2780
6325.872619 69.854 -146.9229
6371.712500 69.752 -147.4176
6417.884555 69.651 -147.7747
6464.391192 69.552 -147.9949
6511.234836 69.458 -148.0770
6558.417927 69.372 -148.0249
6605.942927 69.296 -147.8533
6653.812313 69.233 -147.5820
6702.028580 69.185 -147.2290
6750.594241 69.150 -146.8036
6799.511830 69.132 -146.3065
6848.783896 69.133 -145.7412
6898.413007 69.159 -145.1279
6948.401751 69.213 -144.5142
6998.752735 69.298 -143.9729
7049.468582 69.408 -143.5867
7100.551937 69.533 -143.4213
7152.005464 69.659 -143.5063
7203.831844 69.772 -143.8218
7256.033779 69.858 -144.3003
7308.613991 69.912 -144.8400
7361.575220 69.935 -145.3256
7414.920229 69.936 -145.6562
7468.651798 69.929 -145.7778
7522.772727 69.934 -145.7056
7577.285840 69.963 -145.5277
7632.193976 70.019 -145.3755
7687.500000 70.097 -145.3749
7743.206794 70.179 -145.5964
7799.317262 70.246 -146.0337
7855.834330 70.285 -146.6104
7912.760944 70.288 -147.2070
7970.100072 70.257 -147.6960
8027.854702 70.203 -147.9750
8086.027847 70.142 -147.9929
8144.622538 70.092 -147.7690
8203.641830 70.065 -147.3867
8263.088801 70.068 -146.9611
8322.966548 70.094 -146.5946
8383.278195 70.132 -146.3407
8444.026884 70.171 -146.1924
8505.215784 70.204 -146.0968
8566.848084 70.229 -145.9878
8628.926996 70.253 -145.8157
8691.455758 70.281 -145.5670
8754.437630 70.322 -145.2698
8817.875894 70.380 -144.9818
8881.773857 70.453 -144.7670
8946.134852 70.535 -144.6713
9010.962233 70.619 -144.7085
9076.259380 70.698 -144.8636
9142.029697 70.767 -145.1051
9208.276612 70.823 -145.4006
9275.003581 70.867 -145.7256
9342.214080 70.900 -146.0642
9409.911614 70.922 -146.4052
9478.099713 70.933 -146.7377
9546.781930 70.935 -147.0505
9615.961848 70.928 -147.3334
9685.643071 70.915 -147.5800
9755.829233 70.895 -147.7894
9826.523994 70.870 -147.9631
9897.731037 70.841 -148.0996
9969.454076 70.807 -148.1915
10041.696850 70.770 -148.2267
10114.463125 70.733 -148.1948
10187.756694 70.698 -148.0988
10261.581379 70.669 -147.9595
10335.941028 70.647 -147.8091
10410.839517 70.629 -147.6796
10486.280752 70.613 -147.5853
10562.268665 70.592 -147.5146
10638.807218 70.565 -147.4346
10715.900400 70.536 -147.3090
10793.552232 70.508 -147.1205
10871.766761 70.489 -146.8881
10950.548064 70.482 -146.6639
11029.900250 70.484 -146.5112
11109.827454 70.489 -146.4727
11190.333843 70.486 -146.5483
11271.423615 70.468 -146.6948
11353.100997 70.434 -146.8440
11435.370247 70.383 -146.9310
11518.235653 70.326 -146.9193
11601.701537 70.268 -146.8093
11685.772249 70.216 -146.6315
11770.452172 70.171 -146.4270
11855.745720 70.134 -146.2318
11941.657341 70.100 -146.0676
12028.191513 70.067 -145.9430
12115.352747 70.030 -145.8547
12203.145587 69.985 -145.7872
12291.574610 69.931 -145.7133
12380.644427 69.869 -145.5968
12470.359680 69.800 -145.4031
12560.725047 69.732 -145.1130
12651.745238 69.670 -144.7334
12743.425000 69.620 -144.2963
12835.769110 69.585 -143.8484
12928.782385 69.562 -143.4341
13022.469671 69.549 -143.0850
13116.835855 69.540 -142.8167
13211.885854 69.532 -142.6301
13307.624625 69.520 -142.5176
13404.057159 69.502 -142.4637
13501.188483 69.475 -142.4501
13599.023660 69.439 -142.4565
13697.567791 69.395 -142.4656
13796.826014 69.341 -142.4619
13896.803503 69.280 -142.4304
13997.505470 69.214 -142.3578
14098.937164 69.145 -142.2363
14201.103875 69.076 -142.0677
14304.010928 69.010 -141.8623
14407.663687 68.948 -141.6345
14512.067557 68.890 -141.3954
14617.227981 68.837 -141.1515
14723.150441 68.790 -140.9064
14829.840458 68.749 -140.6655
14937.303595 68.714 -140.4392
15045.545455 68.686 -140.2413
15154.571679 68.665 -140.0859
15264.387953 68.649 -139.9860
15375.000000 68.636 -139.9546
15486.413588 68.623 -140.0001
15598.634525 68.608 -140.1208
15711.668661 68.588 -140.3029
15825.521888 68.560 -140.5227
15940.200144 68.526 -140.7557
16055.709405 68.487 -140.9855
16172.055694 68.449 -141.2079
16289.245076 68.411 -141.4308
16407.283660 68.377 -141.6698
16526.177601 68.345 -141.9397
16645.933097 68.317 -142.2491
16766.556390 68.290 -142.5996
16888.053769 68.265 -142.9865
17010.431568 68.243 -143.4042
17133.696167 68.224 -143.8533
17257.853993 68.211 -144.3422
17382.911517 68.206 -144.8823
17508.875259 68.210 -145.4894
17635.751787 68.222 -146.2002
17763.547714 68.238 -147.0315
17892.269704 68.258 -147.9503
18021.924466 68.284 -148.9775
18152.518759 68.315 -150.1416
18284.059393 68.350 -151.4513
18416.553225 68.386 -152.9133
18550.007161 68.421 -154.5320
18684.428160 68.456 -156.3098
18819.823228 68.488 -158.2485
18956.199425 68.516 -160.3511
19093.563861 68.538 -162.6199
19231.923695 68.556 -165.0547
19371.286142 68.567 -167.6548
19511.658467 68.571 -170.4215
19653.047987 68.568 -173.3600
19795.462074 68.558 -176.4825
19938.908153 68.541 -179.8151
20083.393701 68.508 176.7491
20228.926250 68.460 173.2358
20375.513389 68.399 169.4900
20523.162758 68.322 165.5016
20671.882055 68.226 161.2657
20821.679034 68.106 156.7845
20972.561504 67.954 152.0675
21124.537330 67.764 147.1323
21277.614435 67.523 142.0073
21431.800801 67.219 136.7307
21587.104464 66.830 131.3512
21743.533521 66.331 125.9249
21901.096129 65.690 120.5133
22059.800499 64.862 115.1770
22219.654907 63.792 109.9723
22380.667686 62.413 104.9474
22542.847230 60.639 100.1383
22706.201994 58.365 95.5693
22870.740494 55.460 91.2522
23036.471307 51.769 87.1874
23203.403074 47.113 83.3661
23371.544498 41.316 79.7729
23540.904344 34.296 76.3877
23711.491441 26.182 73.1880
23883.314682 17.703 70.1503
