* Measurement data measured by REW V5.40 beta 133
* Source: U18dB [plughw:3,0], Mic (Mic), R, Volume: 1.000. Timing signal peak level -25.2 dBFS, measurement signal peak level -14.1 dBFS
* Format: 512k Log Swept Sine, 1 sweep at -12.0 dBFS using an acoustic timing reference
* Dated: Sep 10, 2026, 11:24:19 AM
* REW Settings:
*  C-weighting compensation: Off
*  Target level: 75.0 dB
* Note: ; 10 sept 2026  Position MLP+20cm TO THE LEFT 4.186m from front wall  2 screen panels prolongation - new setup DAC level -29dB MIC HEIGHT: 1.000m mic boom arm height: 1.040 -12dBFS OKTO -28dB DELAY -0.0095 ms (-3.3 mm, -0.13 in) using estimated IR delay relative to Acoustic reference played from DAC8STEREO L with no timing offset Clock adjustment: -17.0 ppm
* Measurement: L 120.green.3
* Smoothing: 1/48 octave
* Frequency Step: 96 ppo
* Start Frequency: 15.014648 Hz
*
* Freq(Hz) SPL(dB) Phase(degrees)
15.014648 67.756 -154.4136
15.123451 68.022 -154.9466
15.233042 68.352 -155.3960
15.343426 68.691 -155.8821
15.454611 69.027 -156.4569
15.566602 69.361 -157.0454
15.679404 69.682 -157.7386
15.793023 69.980 -158.6217
15.907466 70.260 -159.6482
16.022738 70.520 -160.8188
16.138845 70.755 -162.1608
16.255794 70.969 -163.6953
16.373590 71.165 -165.3826
16.492240 71.346 -167.1707
16.611750 71.514 -169.0905
16.732125 71.673 -171.1204
16.853373 71.826 -173.1709
16.975500 71.976 -175.2480
17.098511 72.124 -177.3573
17.222414 72.270 -179.4366
17.347215 72.416 178.5207
17.472920 72.559 176.4941
17.599536 72.699 174.4882
17.727069 72.836 172.5043
17.855527 72.969 170.5225
17.984915 73.096 168.5158
18.115241 73.221 166.4799
18.246512 73.341 164.4108
18.378734 73.458 162.2959
18.511914 73.573 160.1232
18.646058 73.687 157.9276
18.781175 73.799 155.7156
18.917272 73.910 153.4768
19.054354 74.018 151.2838
19.192430 74.121 149.1231
19.331506 74.218 147.0103
19.471590 74.304 145.0063
19.612689 74.379 143.0762
19.754811 74.441 141.2508
19.897962 74.490 139.5485
20.042151 74.526 137.9446
20.187385 74.553 136.4506
20.333671 74.570 135.0674
20.481017 74.584 133.7677
20.629431 74.601 132.5470
20.778920 74.622 131.4006
20.929493 74.655 130.2744
21.081157 74.701 129.1884
21.233919 74.761 128.0905
21.387789 74.837 126.9583
21.542774 74.925 125.7940
21.698882 75.023 124.5449
21.856121 75.129 123.2274
22.014499 75.237 121.8171
22.174025 75.345 120.3064
22.334708 75.449 118.7062
22.496554 75.546 117.0027
22.659573 75.636 115.2089
22.823774 75.717 113.3346
22.989164 75.790 111.3736
23.155753 75.854 109.3549
23.323549 75.910 107.2633
23.492562 75.958 105.1317
23.662798 75.998 102.9457
23.834269 76.030 100.7321
24.006982 76.052 98.4804
24.180946 76.063 96.2100
24.356171 76.060 93.9133
24.532666 76.043 91.6057
24.710440 76.008 89.2854
24.889502 75.953 86.9637
25.069862 75.874 84.6500
25.251528 75.770 82.3502
25.434511 75.638 80.0857
25.618820 75.475 77.8588
25.804465 75.280 75.6983
25.991454 75.051 73.6070
26.179799 74.786 71.6146
26.369509 74.486 69.7314
26.560593 74.149 67.9853
26.753062 73.776 66.4038
26.946926 73.366 65.0215
27.142194 72.920 63.8954
27.338878 72.438 63.0834
27.536987 71.925 62.6883
27.736531 71.386 62.8135
27.937521 70.837 63.6095
28.139968 70.296 65.2243
28.343882 69.803 67.7868
28.549273 69.406 71.3516
28.756153 69.165 75.8010
28.964532 69.131 80.7620
29.174421 69.328 85.7795
29.385831 69.735 90.1862
29.598773 70.301 93.7043
29.813258 70.958 96.0488
30.029297 71.652 97.3288
30.246902 72.339 97.6208
30.466083 72.990 97.1342
30.686853 73.596 96.0044
30.909222 74.145 94.4126
31.133203 74.639 92.4605
31.358807 75.078 90.2471
31.586046 75.466 87.8653
31.814932 75.808 85.3404
32.045476 76.108 82.7389
32.277691 76.371 80.0713
32.511588 76.603 77.3487
32.747180 76.805 74.5918
32.984480 76.981 71.7923
33.223499 77.134 68.9487
33.464250 77.265 66.0628
33.706746 77.372 63.1232
33.950999 77.457 60.1217
34.197022 77.515 57.0595
34.444828 77.546 53.9255
34.694429 77.547 50.7124
34.945839 77.515 47.4334
35.199071 77.447 44.0914
35.454138 77.340 40.7017
35.711054 77.194 37.3082
35.969831 77.007 33.9277
36.230483 76.778 30.5848
36.493024 76.505 27.3417
36.757467 76.188 24.2423
37.023827 75.826 21.3282
37.292117 75.418 18.6573
37.562351 74.968 16.2853
37.834543 74.479 14.2552
38.108708 73.953 12.6206
38.384859 73.398 11.4298
38.663012 72.823 10.7129
38.943180 72.239 10.5078
39.225378 71.657 10.8477
39.509622 71.094 11.7461
39.795925 70.565 13.1871
40.084302 70.087 15.1519
40.374770 69.678 17.5939
40.667342 69.351 20.4352
40.962034 69.117 23.5699
41.258862 68.979 26.8819
41.557841 68.936 30.2552
41.858986 68.980 33.5833
42.162313 69.100 36.7818
42.467839 69.282 39.7945
42.775578 69.513 42.5948
43.085548 69.782 45.1800
43.397763 70.083 47.5617
43.712242 70.414 49.7560
44.028998 70.778 51.7717
44.348051 71.181 53.5986
44.669415 71.632 55.2006
44.993108 72.137 56.5076
45.319147 72.696 57.4241
45.647548 73.304 57.8511
45.978329 73.951 57.7054
46.311507 74.620 56.9339
46.647099 75.296 55.5193
46.985123 75.961 53.4763
47.325597 76.603 50.8449
47.668537 77.209 47.6811
48.013963 77.771 44.0479
48.361892 78.280 40.0097
48.712342 78.733 35.6261
49.065332 79.124 30.9492
49.420880 79.448 26.0255
49.779004 79.704 20.8944
50.139723 79.890 15.5905
50.503056 80.003 10.1488
50.869022 80.046 4.6062
51.237640 80.019 -0.9963
51.608929 79.926 -6.6136
51.982909 79.769 -12.1985
52.359598 79.553 -17.7037
52.739018 79.283 -23.0865
53.121186 78.966 -28.3121
53.506124 78.606 -33.3557
53.893852 78.212 -38.2062
54.284389 77.791 -42.8657
54.677756 77.350 -47.3492
55.073973 76.897 -51.6855
55.473062 76.439 -55.9155
55.875043 75.981 -60.0916
56.279936 75.526 -64.2765
56.687764 75.078 -68.5432
57.098547 74.636 -72.9735
57.512306 74.200 -77.6556
57.929064 73.767 -82.6813
58.348842 73.335 -88.1448
58.771662 72.902 -94.1373
59.197546 72.465 -100.7443
59.626515 72.023 -108.0438
60.058594 71.579 -116.1019
60.493803 71.137 -124.9736
60.932166 70.707 -134.6938
61.373706 70.305 -145.2573
61.818445 69.949 -156.6027
62.266407 69.659 -168.5938
62.717615 69.453 178.9729
63.172093 69.340 166.3682
63.629864 69.314 153.9001
64.090952 69.358 141.8506
64.555381 69.444 130.4160
65.023176 69.542 119.7121
65.494361 69.624 109.8007
65.968960 69.667 100.6947
66.446998 69.655 92.3649
66.928501 69.573 84.7961
67.413492 69.416 77.9821
67.901998 69.175 71.9158
68.394044 68.847 66.6157
68.889655 68.427 62.1249
69.388858 67.908 58.5149
69.891679 67.287 55.9143
70.398142 66.558 54.5399
70.908276 65.729 54.7477
71.422107 64.832 57.0877
71.939661 63.962 62.2950
72.460965 63.329 70.9735
72.986047 63.243 82.6207
73.514934 63.906 94.8338
74.047654 65.191 104.6993
74.584234 66.785 111.0483
75.124702 68.439 114.2270
75.669086 70.031 115.0376
76.217416 71.514 114.1440
76.769719 72.877 112.0245
77.326024 74.123 108.9865
77.886360 75.258 105.2423
78.450757 76.286 100.9343
79.019243 77.212 96.1719
79.591849 78.038 91.0453
80.168605 78.767 85.6342
80.749539 79.400 80.0187
81.334684 79.939 74.2749
81.924068 80.389 68.4727
82.517724 80.753 62.6856
83.115681 81.039 56.9661
83.717972 81.253 51.3649
84.324627 81.404 45.9151
84.935678 81.498 40.6332
85.551157 81.542 35.5286
86.171096 81.543 30.5980
86.795527 81.504 25.8326
87.424483 81.426 21.2240
88.057997 81.310 16.7664
88.696102 81.154 12.4598
89.338830 80.958 8.3135
89.986216 80.718 4.3489
90.638293 80.435 0.5995
91.295096 80.106 -2.8878
91.956658 79.734 -6.0522
92.623013 79.324 -8.8206
93.294198 78.883 -11.1138
93.970246 78.426 -12.8566
94.651193 77.970 -13.9919
95.337075 77.540 -14.4990
96.027927 77.162 -14.4145
96.723785 76.861 -13.8480
97.424685 76.659 -12.9841
98.130664 76.563 -12.0578
98.841760 76.568 -11.3128
99.558008 76.654 -10.9554
100.279446 76.794 -11.1231
101.006112 76.958 -11.8770
101.738044 77.116 -13.2091
102.475280 77.242 -15.0574
103.217858 77.314 -17.3206
103.965817 77.318 -19.8682
104.719197 77.242 -22.5490
105.478035 77.083 -25.1957
106.242372 76.842 -27.6328
107.012248 76.530 -29.6847
107.787703 76.165 -31.1951
108.568777 75.776 -32.0514
109.355511 75.394 -32.2139
110.147947 75.056 -31.7433
110.946124 74.790 -30.7994
111.750085 74.610 -29.6048
112.559873 74.518 -28.3823
113.375528 74.500 -27.2997
114.197094 74.539 -26.4445
115.024613 74.621 -25.8383
115.858129 74.735 -25.4741
116.697684 74.875 -25.3486
117.543324 75.037 -25.4817
118.395091 75.217 -25.9132
119.253031 75.405 -26.6873
120.117188 75.588 -27.8325
120.987606 75.750 -29.3453
121.864332 75.876 -31.1848
122.747411 75.951 -33.2717
123.636890 75.963 -35.4986
124.532814 75.908 -37.7321
125.435230 75.783 -39.8275
126.344185 75.595 -41.6336
127.259727 75.357 -43.0070
128.181904 75.091 -43.8290
129.110763 74.828 -44.0308
130.046352 74.600 -43.6245
130.988722 74.445 -42.7263
131.937920 74.389 -41.5601
132.893997 74.442 -40.4128
133.857001 74.594 -39.5714
134.826984 74.821 -39.2504
135.803996 75.088 -39.5608
136.788088 75.361 -40.5148
137.779311 75.613 -42.0504
138.777717 75.821 -44.0615
139.783357 75.970 -46.4195
140.796285 76.051 -48.9869
141.816553 76.061 -51.6259
142.844214 76.002 -54.2034
143.879322 75.880 -56.5956
144.921931 75.709 -58.6965
145.972095 75.505 -60.4271
147.029869 75.287 -61.7469
148.095308 75.075 -62.6637
149.168468 74.892 -63.2360
150.249404 74.752 -63.5668
151.338173 74.664 -63.7867
152.434832 74.630 -64.0339
153.539437 74.645 -64.4375
154.652047 74.698 -65.1061
155.772720 74.775 -66.1204
156.901513 74.860 -67.5290
158.038486 74.932 -69.3469
159.183698 74.974 -71.5565
160.337209 74.969 -74.1111
161.499079 74.901 -76.9387
162.669367 74.760 -79.9468
163.848137 74.535 -83.0259
165.035448 74.219 -86.0501
166.231363 73.809 -88.8776
167.435944 73.304 -91.3497
168.649254 72.709 -93.2899
169.871356 72.033 -94.5055
171.102314 71.295 -94.7957
172.342191 70.524 -93.9647
173.591054 69.760 -91.8529
174.848966 69.062 -88.3793
176.115994 68.494 -83.5938
177.392203 68.126 -77.7234
178.677660 68.016 -71.1899
179.972432 68.195 -64.5713
181.276587 68.650 -58.4952
182.590191 69.333 -53.4980
183.913315 70.171 -49.9124
185.246027 71.089 -47.8422
186.588396 72.024 -47.2140
187.940492 72.929 -47.8521
189.302387 73.775 -49.5445
190.674150 74.543 -52.0834
192.055853 75.227 -55.2849
193.447569 75.823 -58.9954
194.849370 76.332 -63.0933
196.261329 76.758 -67.4844
197.683519 77.103 -72.0957
199.116016 77.370 -76.8687
200.558892 77.561 -81.7525
202.012225 77.677 -86.6977
203.476089 77.720 -91.6516
204.950560 77.691 -96.5562
206.435716 77.593 -101.3510
207.931635 77.430 -105.9770
209.438393 77.208 -110.3816
210.956070 76.937 -114.5225
212.484745 76.622 -118.3706
214.024497 76.275 -121.9100
215.575406 75.901 -125.1360
217.137555 75.509 -128.0520
218.711023 75.105 -130.6680
220.295893 74.693 -132.9966
221.892248 74.279 -135.0498
223.500171 73.866 -136.8353
225.119745 73.458 -138.3511
226.751056 73.060 -139.5870
228.394187 72.681 -140.5358
230.049226 72.334 -141.2117
231.716257 72.032 -141.6720
233.395369 71.787 -142.0317
235.086648 71.602 -142.4563
236.790182 71.472 -143.1271
238.506062 71.377 -144.1942
240.234375 71.289 -145.7412
241.975212 71.181 -147.7705
243.728664 71.025 -150.2126
245.494823 70.799 -152.9458
247.273780 70.488 -155.8169
249.065627 70.081 -158.6560
250.870459 69.574 -161.2830
252.688370 68.965 -163.5037
254.519454 68.258 -165.0945
256.363807 67.463 -165.7738
258.221525 66.606 -165.1747
260.092705 65.749 -162.8589
261.977444 65.006 -158.4734
263.875840 64.552 -152.1661
265.787993 64.538 -145.0399
267.714003 64.979 -138.8599
269.653969 65.729 -134.9536
271.607992 66.595 -133.6357
273.576176 67.437 -134.5525
275.558622 68.177 -137.1680
277.555433 68.783 -141.0028
279.566714 69.247 -145.6917
281.592570 69.571 -150.9736
283.633106 69.762 -156.6672
285.688428 69.826 -162.6509
287.758644 69.770 -168.8469
289.843862 69.599 -175.2109
291.944190 69.315 178.2739
294.059738 68.917 171.5984
296.190616 68.405 164.7280
298.336935 67.773 157.5981
300.498808 67.014 150.1001
302.676346 66.117 142.0592
304.869664 65.070 133.1926
307.078875 63.865 123.0339
309.304095 62.505 110.8123
311.545440 61.057 95.2987
313.803027 59.748 74.9102
316.076973 59.068 49.1743
318.367397 59.483 21.6112
320.674418 60.810 -2.3904
322.998157 62.479 -21.2131
325.338735 64.116 -36.0575
327.696273 65.583 -48.3214
330.070896 66.856 -58.9283
332.462726 67.942 -68.4215
334.871888 68.862 -77.1172
337.298507 69.635 -85.2043
339.742711 70.280 -92.7988
342.204627 70.812 -99.9740
344.684383 71.243 -106.7769
347.182108 71.586 -113.2373
349.697933 71.849 -119.3752
352.231988 72.042 -125.2019
354.784406 72.169 -130.7205
357.355320 72.238 -135.9263
359.944864 72.254 -140.8042
362.553173 72.222 -145.3278
365.180383 72.149 -149.4624
367.826630 72.048 -153.1698
370.492054 71.928 -156.4176
373.176792 71.808 -159.1901
375.880985 71.705 -161.5015
378.604773 71.639 -163.4115
381.348300 71.627 -165.0320
384.111707 71.680 -166.5223
386.895138 71.798 -168.0640
389.698740 71.973 -169.8274
392.522658 72.188 -171.9413
395.367039 72.421 -174.4789
398.232031 72.650 -177.4579
401.117785 72.855 179.1479
404.024450 73.020 175.3948
406.952177 73.130 171.3589
409.901120 73.177 167.1294
412.871433 73.153 162.8071
415.863270 73.054 158.5000
418.876786 72.882 154.3184
421.912140 72.640 150.3657
424.969489 72.337 146.7286
428.048993 71.980 143.4673
431.150813 71.579 140.6132
434.275109 71.141 138.1775
437.422046 70.664 136.1766
440.591786 70.146 134.6735
443.784496 69.583 133.8170
447.000341 68.982 133.8654
450.239490 68.375 135.1658
453.502111 67.832 138.0464
456.788374 67.469 142.5712
460.098451 67.410 148.2389
463.432514 67.716 153.9709
466.790737 68.342 158.6302
470.173295 69.171 161.5879
473.580365 70.084 162.7864
477.012124 71.001 162.4669
480.468750 71.877 160.9274
483.950425 72.690 158.4202
487.457329 73.427 155.1373
490.989646 74.083 151.2284
494.547559 74.654 146.8195
498.131254 75.135 142.0262
501.740919 75.527 136.9569
505.376740 75.829 131.7114
509.038909 76.045 126.3771
512.727614 76.177 121.0297
516.443050 76.230 115.7329
520.185409 76.205 110.5432
523.954887 76.105 105.5148
527.751680 75.933 100.7067
531.575987 75.691 96.1914
535.428005 75.381 92.0607
539.307937 75.012 88.4303
543.215985 74.596 85.4386
547.152352 74.157 83.2307
551.117243 73.733 81.9185
555.110866 73.375 81.5095
559.133428 73.140 81.8257
563.185140 73.067 82.4674
567.266211 73.166 82.8983
571.376856 73.405 82.6273
575.517288 73.724 81.3584
579.687724 74.062 79.0203
583.888380 74.365 75.7014
588.119476 74.594 71.5701
592.381232 74.722 66.8192
596.673871 74.734 61.6409
600.997615 74.618 56.2192
605.352692 74.369 50.7329
609.739327 73.982 45.3616
614.157750 73.457 40.2935
618.608190 72.796 35.7339
623.090880 72.007 31.9146
627.606053 71.106 29.1031
632.153945 70.123 27.6040
636.734793 69.111 27.7230
641.348836 68.159 29.6509
645.996314 67.381 33.2391
650.677470 66.880 37.7968
655.392547 66.684 42.2291
660.141792 66.725 45.5770
664.925451 66.877 47.4387
669.743775 67.026 47.9415
674.597014 67.092 47.4918
679.485423 67.036 46.5857
684.409254 66.849 45.7200
689.368766 66.549 45.3604
694.364216 66.180 45.9080
699.395865 65.814 47.6176
704.463976 65.542 50.4597
709.568812 65.444 54.0103
714.710640 65.551 57.5457
719.889728 65.829 60.3700
725.106346 66.199 62.1163
730.360766 66.584 62.7869
735.653261 66.923 62.6158
740.984108 67.187 61.9197
746.353584 67.366 61.0077
751.761970 67.469 60.1378
757.209547 67.516 59.4982
762.696599 67.529 59.1960
768.223413 67.535 59.2599
773.790277 67.555 59.6580
779.397480 67.605 60.3330
785.045315 67.697 61.2318
790.734077 67.847 62.3041
796.464062 68.069 63.4658
802.235569 68.377 64.5553
808.048899 68.773 65.3306
813.904354 69.241 65.5270
819.802241 69.747 64.9473
825.742866 70.249 63.5214
831.726539 70.708 61.3110
837.753572 71.093 58.4733
843.824280 71.386 55.2134
849.938979 71.579 51.7455
856.097987 71.675 48.2654
862.301626 71.683 44.9363
868.550219 71.618 41.8821
874.844092 71.498 39.1886
881.183573 71.343 36.9047
887.568992 71.172 35.0406
894.000683 71.007 33.5635
900.478980 70.865 32.3872
907.004222 70.758 31.3762
913.576749 70.685 30.3701
920.196903 70.638 29.2251
926.865029 70.596 27.8538
933.581475 70.539 26.2440
940.346591 70.447 24.4551
947.160730 70.305 22.5962
954.024247 70.105 20.8055
960.937500 69.848 19.2305
967.900849 69.543 18.0159
974.914658 69.204 17.2913
981.979291 68.854 17.1558
989.095118 68.523 17.6537
996.262509 68.243 18.7488
1003.481838 68.045 20.3108
1010.753481 67.951 22.1254
1018.077817 67.970 23.9299
1025.455229 68.095 25.4592
1032.886100 68.306 26.4860
1040.370819 68.570 26.8444
1047.909774 68.853 26.4460
1055.503361 69.117 25.2803
1063.151973 69.326 23.4088
1070.856010 69.449 20.9518
1078.615875 69.459 18.0765
1086.431970 69.331 14.9921
1094.304704 69.050 11.9517
1102.234487 68.599 9.2715
1110.221732 67.972 7.3694
1118.266856 67.181 6.8271
1126.370279 66.277 8.4417
1134.532422 65.408 13.1152
1142.753712 64.851 21.1836
1151.034577 64.914 31.1355
1159.375448 65.640 39.8000
1167.776760 66.753 45.0088
1176.238952 67.938 46.7070
1184.762464 69.013 45.7957
1193.347741 69.902 43.2008
1201.995231 70.590 39.6345
1210.705384 71.086 35.6140
1219.478654 71.411 31.5187
1228.315499 71.592 27.6248
1237.216380 71.664 24.1226
1246.181760 71.660 21.1191
1255.212106 71.615 18.6339
1264.307891 71.560 16.6028
1273.469587 71.514 14.8992
1282.697672 71.489 13.3719
1291.992628 71.482 11.8879
1301.354940 71.486 10.3624
1310.785094 71.490 8.7650
1320.283583 71.488 7.1078
1329.850902 71.475 5.4214
1339.487550 71.453 3.7275
1349.194029 71.423 2.0209
1358.970845 71.387 0.2654
1368.818508 71.342 -1.5931
1378.737531 71.280 -3.6030
1388.728432 71.189 -5.7877
1398.791730 71.052 -8.1318
1408.927952 70.855 -10.5757
1419.137625 70.584 -13.0156
1429.421281 70.229 -15.3063
1439.779457 69.785 -17.2644
1450.212692 69.256 -18.6774
1460.721531 68.655 -19.3102
1471.306521 68.010 -18.9265
1481.968215 67.367 -17.3297
1492.707168 66.787 -14.4348
1503.523939 66.344 -10.3619
1514.419093 66.102 -5.4895
1525.393198 66.093 -0.3843
1536.446826 66.305 4.3826
1547.580553 66.693 8.4045
1558.794960 67.202 11.4829
1570.090631 67.781 13.5764
1581.468155 68.387 14.7341
1592.928125 68.991 15.0540
1604.471139 69.570 14.6610
1616.097798 70.112 13.6901
1627.808709 70.610 12.2688
1639.604482 71.063 10.5017
1651.485732 71.476 8.4595
1663.453078 71.853 6.1765
1675.507145 72.195 3.6584
1687.648560 72.504 0.8942
1699.877958 72.774 -2.1283
1712.195974 72.999 -5.4087
1724.603252 73.172 -8.9252
1737.100438 73.285 -12.6339
1749.688184 73.330 -16.4730
1762.367146 73.304 -20.3688
1775.137984 73.206 -24.2419
1788.001366 73.034 -28.0111
1800.957961 72.791 -31.5946
1814.008445 72.481 -34.9102
1827.153498 72.110 -37.8756
1840.393805 71.687 -40.4098
1853.730057 71.225 -42.4392
1867.162949 70.740 -43.9078
1880.693182 70.253 -44.7950
1894.321460 69.784 -45.1322
1908.048494 69.353 -45.0127
1921.875000 68.970 -44.5781
1935.801698 68.636 -43.9795
1949.829316 68.339 -43.3262
1963.958583 68.062 -42.6495
1978.190236 67.793 -41.8965
1992.525018 67.525 -40.9496
2006.963676 67.265 -39.6702
2021.506962 67.034 -37.9521
2036.155634 66.862 -35.7786
2050.910458 66.778 -33.2585
2065.772200 66.805 -30.6140
2080.741637 66.945 -28.1155
2095.819549 67.184 -25.9976
2111.006721 67.496 -24.4075
2126.303946 67.856 -23.4047
2141.712021 68.240 -22.9935
2157.231749 68.631 -23.1555
2172.863940 69.011 -23.8638
2188.609407 69.365 -25.0840
2204.468973 69.681 -26.7694
2220.443464 69.945 -28.8557
2236.533713 70.145 -31.2587
2252.740558 70.272 -33.8734
2269.064845 70.319 -36.5746
2285.507424 70.287 -39.2192
2302.069153 70.178 -41.6541
2318.750895 70.004 -43.7294
2335.553520 69.787 -45.3191
2352.477904 69.549 -46.3472
2369.524928 69.324 -46.8093
2386.695483 69.137 -46.7878
2403.990462 69.012 -46.4399
2421.410768 68.956 -45.9615
2438.957308 68.966 -45.5375
2456.630998 69.031 -45.3042
2474.432759 69.133 -45.3375
2492.363519 69.256 -45.6638
2510.424213 69.386 -46.2786
2528.615781 69.512 -47.1617
2546.939174 69.625 -48.2870
2565.395345 69.718 -49.6232
2583.985257 69.780 -51.1315
2602.709879 69.808 -52.7640
2621.570188 69.795 -54.4590
2640.567166 69.737 -56.1371
2659.701804 69.633 -57.7015
2678.975100 69.487 -59.0424
2698.388058 69.309 -60.0487
2717.941690 69.117 -60.6278
2737.637016 68.933 -60.7283
2757.475062 68.784 -60.3627
2777.456863 68.694 -59.6217
2797.583461 68.682 -58.6670
2817.855904 68.755 -57.7024
2838.275249 68.909 -56.9282
2858.842562 69.127 -56.4988
2879.558913 69.389 -56.5055
2900.425384 69.674 -56.9812
2921.443062 69.964 -57.9170
2942.613043 70.244 -59.2820
2963.936430 70.501 -61.0359
2985.414335 70.727 -63.1354
3007.047878 70.913 -65.5344
3028.838187 71.051 -68.1819
3050.786397 71.133 -71.0172
3072.893653 71.154 -73.9689
3095.161107 71.110 -76.9536
3117.589920 70.997 -79.8766
3140.181262 70.817 -82.6309
3162.936310 70.574 -85.1002
3185.856250 70.276 -87.1639
3208.942278 69.939 -88.7098
3232.195596 69.587 -89.6543
3255.617418 69.245 -89.9653
3279.208964 68.943 -89.6860
3302.971464 68.708 -88.9420
3326.906156 68.556 -87.9225
3351.014290 68.489 -86.8357
3375.297121 68.502 -85.8611
3399.755915 68.576 -85.1202
3424.391948 68.696 -84.6716
3449.206504 68.843 -84.5267
3474.200876 69.008 -84.6730
3499.376367 69.180 -85.0920
3524.734291 69.354 -85.7687
3550.275969 69.523 -86.6929
3576.002732 69.679 -87.8566
3601.915922 69.817 -89.2448
3628.016889 69.926 -90.8295
3654.306995 70.000 -92.5640
3680.787610 70.032 -94.3821
3707.460115 70.018 -96.1998
3734.325899 69.958 -97.9200
3761.386364 69.856 -99.4380
3788.642920 69.721 -100.6506
3816.096988 69.569 -101.4703
3843.750000 69.421 -101.8436
3871.603397 69.300 -101.7719
3899.658631 69.233 -101.3252
3927.917165 69.240 -100.6466
3956.380472 69.331 -99.9315
3985.050036 69.504 -99.3944
4013.927351 69.746 -99.2275
4043.013923 70.033 -99.5687
4072.311269 70.340 -100.4897
4101.820915 70.637 -101.9982
4131.544400 70.901 -104.0485
4161.483274 71.108 -106.5533
4191.639097 71.243 -109.3933
4222.013442 71.292 -112.4219
4252.607892 71.247 -115.4695
4283.424042 71.110 -118.3475
4314.463498 70.885 -120.8531
4345.727879 70.592 -122.7823
4377.218815 70.258 -123.9579
4408.937947 69.926 -124.2731
4440.886929 69.647 -123.7500
4473.067426 69.467 -122.5817
4505.481116 69.419 -121.1200
4538.129690 69.507 -119.7848
4571.014848 69.703 -118.9369
4604.138306 69.967 -118.7902
4637.501790 70.249 -119.3987
4671.107040 70.510 -120.6951
4704.955807 70.719 -122.5404
4739.049856 70.858 -124.7583
4773.390965 70.914 -127.1571
4807.980924 70.887 -129.5435
4842.821536 70.784 -131.7300
4877.914617 70.620 -133.5532
4913.261997 70.421 -134.8958
4948.865519 70.214 -135.7168
4984.727038 70.031 -136.0760
5020.848425 69.892 -136.1299
5057.231563 69.807 -136.0903
5093.878347 69.766 -136.1543
5130.790689 69.747 -136.4404
5167.970514 69.726 -136.9629
5205.419759 69.680 -137.6427
5243.140376 69.597 -138.3407
5281.134332 69.476 -138.8939
5319.403609 69.325 -139.1489
5357.950200 69.163 -138.9910
5396.776116 69.016 -138.3685
5435.883380 68.912 -137.3120
5475.274032 68.877 -135.9417
5514.950125 68.928 -134.4579
5554.913727 69.066 -133.1023
5595.166922 69.276 -132.0975
5635.711808 69.532 -131.5894
5676.550498 69.801 -131.6205
5717.685123 70.057 -132.1377
5759.117827 70.279 -133.0248
5800.850769 70.458 -134.1389
5842.886124 70.594 -135.3468
5885.226086 70.691 -136.5465
5927.872860 70.761 -137.6807
5970.828671 70.814 -138.7357
6014.095756 70.856 -139.7332
6057.676373 70.892 -140.7118
6101.572794 70.922 -141.7129
6145.787305 70.940 -142.7677
6190.322213 70.940 -143.8878
6235.179840 70.912 -145.0557
6280.362523 70.849 -146.2169
6325.872619 70.746 -147.2789
6371.712500 70.603 -148.1184
6417.884555 70.432 -148.6038
6464.391192 70.252 -148.6317
6511.234836 70.093 -148.1746
6558.417927 69.984 -147.3162
6605.942927 69.947 -146.2542
6653.812313 69.985 -145.2460
6702.028580 70.081 -144.5234
6750.594241 70.207 -144.2168
6799.511830 70.329 -144.3267
6848.783896 70.422 -144.7448
6898.413007 70.470 -145.2964
6948.401751 70.475 -145.7908
6998.752735 70.449 -146.0699
7049.468582 70.415 -146.0527
7100.551937 70.397 -145.7625
7152.005464 70.413 -145.3207
7203.831844 70.468 -144.8934
7256.033779 70.553 -144.6222
7308.613991 70.650 -144.5720
7361.575220 70.742 -144.7239
7414.920229 70.818 -145.0005
7468.651798 70.876 -145.3103
7522.772727 70.920 -145.5851
7577.285840 70.959 -145.8033
7632.193976 70.999 -145.9918
7687.500000 71.042 -146.2063
7743.206794 71.083 -146.4965
7799.317262 71.113 -146.8746
7855.834330 71.124 -147.3010
7912.760944 71.111 -147.6945
7970.100072 71.079 -147.9606
8027.854702 71.037 -148.0311
8086.027847 71.000 -147.8938
8144.622538 70.982 -147.6060
8203.641830 70.989 -147.2736
8263.088801 71.017 -147.0035
8322.966548 71.055 -146.8563
8383.278195 71.089 -146.8221
8444.026884 71.109 -146.8317
8505.215784 71.117 -146.7910
8566.848084 71.120 -146.6288
8628.926996 71.131 -146.3307
8691.455758 71.160 -145.9465
8754.437630 71.212 -145.5677
8817.875894 71.284 -145.2811
8881.773857 71.366 -145.1321
8946.134852 71.448 -145.1143
9010.962233 71.524 -145.1886
9076.259380 71.595 -145.3159
9142.029697 71.661 -145.4816
9208.276612 71.723 -145.7003
9275.003581 71.779 -145.9978
9342.214080 71.825 -146.3834
9409.911614 71.852 -146.8319
9478.099713 71.858 -147.2855
9546.781930 71.845 -147.6770
9615.961848 71.819 -147.9603
9685.643071 71.790 -148.1299
9755.829233 71.763 -148.2202
9826.523994 71.741 -148.2817
9897.731037 71.722 -148.3501
9969.454076 71.700 -148.4292
10041.696850 71.673 -148.4950
10114.463125 71.641 -148.5156
10187.756694 71.608 -148.4733
10261.581379 71.577 -148.3739
10335.941028 71.552 -148.2385
10410.839517 71.532 -148.0901
10486.280752 71.516 -147.9410
10562.268665 71.504 -147.7939
10638.807218 71.495 -147.6506
10715.900400 71.490 -147.5219
10793.552232 71.489 -147.4268
10871.766761 71.488 -147.3839
10950.548064 71.483 -147.3967
11029.900250 71.470 -147.4484
11109.827454 71.448 -147.5067
11190.333843 71.418 -147.5405
11271.423615 71.382 -147.5343
11353.100997 71.345 -147.4915
11435.370247 71.306 -147.4257
11518.235653 71.267 -147.3473
11601.701537 71.227 -147.2576
11685.772249 71.186 -147.1511
11770.452172 71.143 -147.0251
11855.745720 71.103 -146.8864
11941.657341 71.063 -146.7482
12028.191513 71.022 -146.6223
12115.352747 70.978 -146.5081
12203.145587 70.928 -146.3901
12291.574610 70.872 -146.2451
12380.644427 70.812 -146.0488
12470.359680 70.751 -145.7841
12560.725047 70.693 -145.4459
12651.745238 70.643 -145.0460
12743.425000 70.605 -144.6132
12835.769110 70.580 -144.1902
12928.782385 70.566 -143.8202
13022.469671 70.559 -143.5336
13116.835855 70.551 -143.3375
13211.885854 70.539 -143.2172
13307.624625 70.520 -143.1477
13404.057159 70.493 -143.1061
13501.188483 70.458 -143.0753
13599.023660 70.416 -143.0431
13697.567791 70.368 -142.9991
13796.826014 70.317 -142.9357
13896.803503 70.262 -142.8497
13997.505470 70.207 -142.7443
14098.937164 70.149 -142.6260
14201.103875 70.091 -142.4980
14304.010928 70.032 -142.3567
14407.663687 69.972 -142.1947
14512.067557 69.913 -142.0048
14617.227981 69.857 -141.7875
14723.150441 69.808 -141.5520
14829.840458 69.765 -141.3145
14937.303595 69.731 -141.0978
15045.545455 69.705 -140.9253
15154.571679 69.683 -140.8132
15264.387953 69.664 -140.7678
15375.000000 69.646 -140.7859
15486.413588 69.625 -140.8586
15598.634525 69.601 -140.9739
15711.668661 69.573 -141.1184
15825.521888 69.543 -141.2802
15940.200144 69.512 -141.4510
16055.709405 69.480 -141.6298
16172.055694 69.451 -141.8219
16289.245076 69.424 -142.0366
16407.283660 69.400 -142.2827
16526.177601 69.378 -142.5663
16645.933097 69.358 -142.8892
16766.556390 69.339 -143.2507
16888.053769 69.321 -143.6481
17010.431568 69.306 -144.0781
17133.696167 69.295 -144.5425
17257.853993 69.289 -145.0488
17382.911517 69.291 -145.6083
17508.875259 69.301 -146.2357
17635.751787 69.318 -146.9686
17763.547714 69.339 -147.8236
17892.269704 69.365 -148.7672
18021.924466 69.395 -149.8191
18152.518759 69.431 -151.0061
18284.059393 69.471 -152.3369
18416.553225 69.511 -153.8204
18550.007161 69.552 -155.4646
18684.428160 69.592 -157.2753
18819.823228 69.628 -159.2546
18956.199425 69.659 -161.4027
19093.563861 69.683 -163.7163
19231.923695 69.700 -166.1906
19371.286142 69.711 -168.8231
19511.658467 69.715 -171.6166
19653.047987 69.712 -174.5796
19795.462074 69.704 -177.7285
19938.908153 69.689 178.9092
20083.393701 69.658 175.4406
20228.926250 69.612 171.8933
20375.513389 69.552 168.1152
20523.162758 69.477 164.0977
20671.882055 69.383 159.8368
20821.679034 69.264 155.3341
20972.561504 69.115 150.5978
21124.537330 68.927 145.6453
21277.614435 68.689 140.5037
21431.800801 68.387 135.2106
21587.104464 68.002 129.8136
21743.533521 67.507 124.3685
21901.096129 66.869 118.9355
22059.800499 66.045 113.5742
22219.654907 64.979 108.3398
22380.667686 63.603 103.2798
22542.847230 61.832 98.4304
22706.201994 59.560 93.8164
22870.740494 56.657 89.4502
23036.471307 52.968 85.3330
23203.403074 48.312 81.4576
23371.544498 42.516 77.8091
23540.904344 35.496 74.3683
23711.491441 27.382 71.1133
23883.314682 18.903 68.0211
