* Measurement data measured by REW V5.40 beta 133
* Source: U18dB [plughw:3,0], Mic (Mic), R, Volume: 1.000. Timing signal peak level -26.5 dBFS, measurement signal peak level -14.5 dBFS
* Format: 512k Log Swept Sine, 1 sweep at -12.0 dBFS using an acoustic timing reference
* Dated: Sep 10, 2026, 11:05:11 AM
* REW Settings:
*  C-weighting compensation: Off
*  Target level: 75.0 dB
* Note: ; 10 sept 2026  Position MLP 4.18m from front wall 3.32m from RLand L speaker   1.20m speakers to front wall marker: green 2 screen panels prolongation - new setup DAC level -29dB MIC HEIGHT: 1.000m mic boom arm height: 1.040 -12dBFS OKTO -28dB DELAY 0.0001 ms (0.03 mm, 0 in) using estimated IR delay relative to Acoustic reference played from DAC8STEREO L with no timing offset Clock adjustment: -15.1 ppm
* Measurement: L 120.green
* Smoothing: 1/48 octave
* Frequency Step: 96 ppo
* Start Frequency: 15.014648 Hz
*
* Freq(Hz) SPL(dB) Phase(degrees)
15.014648 69.010 -147.4954
15.123451 69.081 -148.2580
15.233042 69.183 -149.1342
15.343426 69.309 -150.1924
15.454611 69.459 -151.4663
15.566602 69.633 -152.8993
15.679404 69.823 -154.4942
15.793023 70.026 -156.2631
15.907466 70.245 -158.1953
16.022738 70.473 -160.2368
16.138845 70.703 -162.3442
16.255794 70.937 -164.5460
16.373590 71.172 -166.7931
16.492240 71.402 -169.0079
16.611750 71.626 -171.2154
16.732125 71.845 -173.4082
16.853373 72.055 -175.5216
16.975500 72.255 -177.5619
17.098511 72.447 -179.5519
17.222414 72.631 178.5272
17.347215 72.807 176.6789
17.472920 72.976 174.8740
17.599536 73.139 173.0869
17.727069 73.298 171.3224
17.855527 73.453 169.5590
17.984915 73.606 167.7598
18.115241 73.757 165.9279
18.246512 73.906 164.0586
18.378734 74.052 162.1345
18.511914 74.196 160.1510
18.646058 74.335 158.1307
18.781175 74.467 156.0706
18.917272 74.594 153.9626
19.054354 74.710 151.8550
19.192430 74.816 149.7274
19.331506 74.909 147.5919
19.471590 74.988 145.4945
19.612689 75.052 143.3960
19.754811 75.102 141.3372
19.897962 75.137 139.3334
20.042151 75.158 137.3622
20.187385 75.170 135.4696
20.333671 75.171 133.6414
20.481017 75.167 131.8839
20.629431 75.162 130.2176
20.778920 75.157 128.6298
20.929493 75.157 127.1107
21.081157 75.165 125.6745
21.233919 75.181 124.2809
21.387789 75.210 122.9215
21.542774 75.248 121.5868
21.698882 75.297 120.2191
21.856121 75.355 118.8357
22.014499 75.419 117.3853
22.174025 75.487 115.8635
22.334708 75.556 114.2638
22.496554 75.624 112.5628
22.659573 75.690 110.7756
22.823774 75.750 108.9018
22.989164 75.805 106.9403
23.155753 75.854 104.9210
23.323549 75.894 102.8291
23.492562 75.927 100.7031
23.662798 75.950 98.5282
23.834269 75.962 96.3322
24.006982 75.963 94.1049
24.180946 75.950 91.8606
24.356171 75.921 89.5901
24.532666 75.876 87.3023
24.710440 75.812 84.9913
24.889502 75.729 82.6653
25.069862 75.626 80.3307
25.251528 75.501 77.9966
25.434511 75.354 75.6875
25.618820 75.186 73.4152
25.804465 74.993 71.2201
25.991454 74.777 69.1172
26.179799 74.534 67.1524
26.369509 74.264 65.3441
26.560593 73.964 63.7333
26.753062 73.632 62.3410
26.946926 73.268 61.2047
27.142194 72.871 60.3486
27.338878 72.440 59.8183
27.536987 71.983 59.6508
27.736531 71.502 59.9146
27.937521 71.015 60.6678
28.139968 70.535 62.0000
28.343882 70.094 63.9601
28.549273 69.723 66.5834
28.756153 69.465 69.8025
28.964532 69.356 73.4286
29.174421 69.421 77.2191
29.385831 69.656 80.7675
29.598773 70.042 83.8524
29.813258 70.535 86.2008
30.029297 71.094 87.8008
30.246902 71.679 88.6411
30.466083 72.258 88.8237
30.686853 72.814 88.4379
30.909222 73.330 87.5974
31.133203 73.804 86.3874
31.358807 74.230 84.8799
31.586046 74.612 83.1509
31.814932 74.952 81.2275
32.045476 75.254 79.1637
32.277691 75.523 76.9759
32.511588 75.764 74.6779
32.747180 75.982 72.2898
32.984480 76.178 69.8098
33.223499 76.357 67.2394
33.464250 76.518 64.5822
33.706746 76.663 61.8333
33.950999 76.790 58.9882
34.197022 76.896 56.0540
34.444828 76.979 53.0271
34.694429 77.036 49.9055
34.945839 77.061 46.7090
35.199071 77.051 43.4443
35.454138 77.000 40.1277
35.711054 76.907 36.8022
35.969831 76.768 33.4810
36.230483 76.580 30.1817
36.493024 76.342 26.9602
36.757467 76.053 23.8557
37.023827 75.711 20.9040
37.292117 75.317 18.1610
37.562351 74.874 15.6883
37.834543 74.386 13.5334
38.108708 73.857 11.7576
38.384859 73.294 10.4229
38.663012 72.707 9.5750
38.943180 72.108 9.2664
39.225378 71.509 9.5475
39.509622 70.928 10.4496
39.795925 70.381 11.9705
40.084302 69.886 14.1003
40.374770 69.464 16.7932
40.667342 69.131 19.9584
40.962034 68.901 23.4593
41.258862 68.780 27.1278
41.557841 68.766 30.7850
41.858986 68.849 34.2608
42.162313 69.014 37.4173
42.467839 69.243 40.1626
42.775578 69.514 42.4582
43.085548 69.814 44.3176
43.397763 70.130 45.7925
43.712242 70.458 46.9565
44.028998 70.797 47.8908
44.348051 71.152 48.6694
44.669415 71.531 49.3441
44.993108 71.943 49.9289
45.319147 72.397 50.3875
45.647548 72.895 50.6445
45.978329 73.437 50.6016
46.311507 74.012 50.1584
46.647099 74.611 49.2320
46.985123 75.218 47.7683
47.325597 75.819 45.7459
47.668537 76.399 43.1719
48.013963 76.948 40.0744
48.361892 77.458 36.4951
48.712342 77.922 32.4820
49.065332 78.336 28.0859
49.420880 78.696 23.3602
49.779004 78.998 18.3588
50.139723 79.240 13.1343
50.503056 79.422 7.7417
50.869022 79.540 2.2362
51.237640 79.596 -3.3273
51.608929 79.589 -8.8949
51.982909 79.521 -14.4156
52.359598 79.395 -19.8427
52.739018 79.214 -25.1357
53.121186 78.984 -30.2640
53.506124 78.710 -35.2067
53.893852 78.399 -39.9568
54.284389 78.058 -44.5211
54.677756 77.695 -48.9199
55.073973 77.317 -53.1881
55.473062 76.931 -57.3723
55.875043 76.542 -61.5289
56.279936 76.158 -65.7221
56.687764 75.780 -70.0210
57.098547 75.411 -74.4995
57.512306 75.052 -79.2333
57.929064 74.702 -84.2988
58.348842 74.358 -89.7733
58.771662 74.019 -95.7305
59.197546 73.682 -102.2386
59.626515 73.344 -109.3575
60.058594 73.005 -117.1329
60.493803 72.667 -125.5964
60.932166 72.334 -134.7606
61.373706 72.012 -144.6070
61.818445 71.709 -155.0853
62.266407 71.432 -166.1092
62.717615 71.191 -177.5695
63.172093 70.993 170.6788
63.629864 70.839 158.8190
64.090952 70.726 147.0481
64.555381 70.645 135.5394
65.023176 70.581 124.4423
65.494361 70.516 113.8875
65.968960 70.433 103.9656
66.446998 70.313 94.7126
66.928501 70.142 86.1605
67.413492 69.908 78.3285
67.901998 69.599 71.2133
68.394044 69.208 64.8181
68.889655 68.728 59.1522
69.388858 68.146 54.2344
69.891679 67.451 50.1161
70.398142 66.624 46.9113
70.908276 65.639 44.8524
71.422107 64.470 44.3971
71.939661 63.105 46.4292
72.460965 61.611 52.5906
72.986047 60.332 65.2601
73.514934 60.054 84.6718
74.047654 61.278 103.8168
74.584234 63.375 115.9879
75.124702 65.598 121.6075
75.669086 67.657 123.1078
76.217416 69.496 122.1267
76.769719 71.130 119.5947
77.326024 72.583 116.0165
77.886360 73.879 111.6934
78.450757 75.034 106.8071
79.019243 76.061 101.4832
79.591849 76.968 95.8175
80.168605 77.761 89.8878
80.749539 78.447 83.7701
81.334684 79.028 77.5355
81.924068 79.511 71.2475
82.517724 79.900 64.9747
83.115681 80.203 58.7642
83.717972 80.425 52.6626
84.324627 80.574 46.6991
84.935678 80.656 40.8862
85.551157 80.678 35.2317
86.171096 80.644 29.7305
86.795527 80.555 24.3738
87.424483 80.413 19.1567
88.057997 80.216 14.0807
88.696102 79.962 9.1570
89.338830 79.646 4.4110
89.986216 79.265 -0.1129
90.638293 78.813 -4.3539
91.295096 78.287 -8.2315
91.956658 77.686 -11.6421
92.623013 77.010 -14.4563
93.294198 76.267 -16.5190
93.970246 75.470 -17.6523
94.651193 74.647 -17.6667
95.337075 73.840 -16.3936
96.027927 73.110 -13.7532
96.723785 72.531 -9.8537
97.424685 72.173 -5.0769
98.130664 72.077 -0.0458
98.841760 72.228 4.5655
99.558008 72.570 8.2609
100.279446 73.028 10.8242
101.006112 73.537 12.2709
101.738044 74.046 12.7476
102.475280 74.524 12.4493
103.217858 74.954 11.5748
103.965817 75.328 10.3046
104.719197 75.647 8.7922
105.478035 75.915 7.1588
106.242372 76.143 5.4888
107.012248 76.341 3.8284
107.787703 76.520 2.1853
108.568777 76.687 0.5364
109.355511 76.847 -1.1581
110.147947 76.998 -2.9407
110.946124 77.137 -4.8403
111.750085 77.257 -6.8627
112.559873 77.352 -8.9874
113.375528 77.417 -11.1708
114.197094 77.450 -13.3531
115.024613 77.451 -15.4683
115.858129 77.427 -17.4573
116.697684 77.385 -19.2784
117.543324 77.336 -20.9185
118.395091 77.289 -22.3956
119.253031 77.253 -23.7569
120.117188 77.231 -25.0693
120.987606 77.222 -26.4026
121.864332 77.221 -27.8143
122.747411 77.218 -29.3359
123.636890 77.205 -30.9662
124.532814 77.173 -32.6721
125.435230 77.114 -34.3953
126.344185 77.028 -36.0620
127.259727 76.916 -37.5950
128.181904 76.785 -38.9253
129.110763 76.645 -40.0040
130.046352 76.510 -40.8119
130.988722 76.394 -41.3660
131.937920 76.309 -41.7211
132.893997 76.266 -41.9633
133.857001 76.267 -42.1992
134.826984 76.311 -42.5381
135.803996 76.390 -43.0748
136.788088 76.493 -43.8768
137.779311 76.604 -44.9753
138.777717 76.710 -46.3658
139.783357 76.798 -48.0109
140.796285 76.858 -49.8469
141.816553 76.883 -51.7932
142.844214 76.874 -53.7614
143.879322 76.832 -55.6658
144.921931 76.767 -57.4365
145.972095 76.690 -59.0302
147.029869 76.614 -60.4398
148.095308 76.549 -61.6989
149.168468 76.508 -62.8749
150.249404 76.494 -64.0567
151.338173 76.505 -65.3342
152.434832 76.536 -66.7829
153.539437 76.579 -68.4553
154.652047 76.621 -70.3801
155.772720 76.655 -72.5643
156.901513 76.671 -74.9984
158.038486 76.658 -77.6588
159.183698 76.609 -80.5119
160.337209 76.518 -83.5172
161.499079 76.380 -86.6273
162.669367 76.190 -89.7913
163.848137 75.945 -92.9549
165.035448 75.644 -96.0601
166.231363 75.286 -99.0464
167.435944 74.872 -101.8512
168.649254 74.405 -104.4129
169.871356 73.890 -106.6781
171.102314 73.332 -108.6096
172.342191 72.739 -110.1934
173.591054 72.111 -111.4406
174.848966 71.447 -112.3787
176.115994 70.735 -113.0211
177.392203 69.954 -113.3215
178.677660 69.072 -113.1095
179.972432 68.061 -112.0004
181.276587 66.905 -109.2691
182.590191 65.659 -103.7070
183.913315 64.548 -93.7708
185.246027 64.056 -79.1268
186.588396 64.609 -63.3914
187.940492 65.999 -51.6950
189.302387 67.681 -45.3774
190.674150 69.312 -43.1420
192.055853 70.770 -43.5433
193.447569 72.037 -45.6069
194.849370 73.125 -48.7414
196.261329 74.056 -52.5919
197.683519 74.848 -56.9412
199.116016 75.518 -61.6516
200.558892 76.077 -66.6290
202.012225 76.534 -71.8019
203.476089 76.896 -77.1081
204.950560 77.169 -82.4879
206.435716 77.358 -87.8833
207.931635 77.468 -93.2402
209.438393 77.508 -98.5106
210.956070 77.482 -103.6547
212.484745 77.399 -108.6426
214.024497 77.265 -113.4537
215.575406 77.086 -118.0751
217.137555 76.869 -122.5013
218.711023 76.619 -126.7329
220.295893 76.341 -130.7781
221.892248 76.041 -134.6519
223.500171 75.721 -138.3739
225.119745 75.384 -141.9644
226.751056 75.031 -145.4384
228.394187 74.663 -148.8049
230.049226 74.281 -152.0692
231.716257 73.888 -155.2371
233.395369 73.485 -158.3259
235.086648 73.075 -161.3711
236.790182 72.658 -164.4255
238.506062 72.231 -167.5542
240.234375 71.785 -170.8210
241.975212 71.309 -174.2760
243.728664 70.787 -177.9445
245.494823 70.203 178.1758
247.273780 69.538 174.1091
249.065627 68.774 169.8912
250.870459 67.893 165.5537
252.688370 66.872 161.1060
254.519454 65.675 156.5178
256.363807 64.250 151.7028
258.221525 62.501 146.4928
260.092705 60.262 140.5674
261.977444 57.208 133.1348
263.875840 52.783 120.6976
265.787993 48.757 40.5568
267.714003 52.947 -41.9128
269.653969 57.463 -55.3752
271.607992 60.565 -64.2700
273.576176 62.794 -72.0265
275.558622 64.463 -79.2833
277.555433 65.742 -86.2026
279.566714 66.732 -92.8220
281.592570 67.503 -99.1448
283.633106 68.101 -105.1740
285.688428 68.566 -110.9254
287.758644 68.923 -116.4349
289.843862 69.196 -121.7571
291.944190 69.398 -126.9602
294.059738 69.535 -132.1177
296.190616 69.610 -137.2920
298.336935 69.619 -142.5242
300.498808 69.556 -147.8286
302.676346 69.412 -153.1948
304.869664 69.182 -158.5958
307.078875 68.858 -164.0022
309.304095 68.434 -169.3945
311.545440 67.898 -174.7716
313.803027 67.234 179.8501
316.076973 66.414 174.4449
318.367397 65.392 168.9969
320.674418 64.096 163.5281
322.998157 62.405 158.1473
325.338735 60.108 153.1882
327.696273 56.810 149.7977
330.070896 52.032 155.1783
332.462726 50.636 -93.6312
334.871888 55.867 -71.9746
337.298507 59.953 -74.3812
339.742711 62.834 -79.7662
342.204627 64.983 -86.0670
344.684383 66.653 -92.7334
347.182108 67.980 -99.5464
349.697933 69.048 -106.4003
352.231988 69.909 -113.2385
354.784406 70.597 -120.0278
357.355320 71.135 -126.7434
359.944864 71.538 -133.3574
362.553173 71.817 -139.8330
365.180383 71.978 -146.1191
367.826630 72.030 -152.1500
370.492054 71.976 -157.8436
373.176792 71.825 -163.1022
375.880985 71.587 -167.8092
378.604773 71.274 -171.8313
381.348300 70.910 -175.0248
384.111707 70.528 -177.2581
386.895138 70.172 -178.4567
389.698740 69.901 -178.6746
392.522658 69.770 -178.1632
395.367039 69.815 -177.3766
398.232031 70.035 -176.8600
401.117785 70.391 -177.0743
404.024450 70.824 -178.2770
406.952177 71.271 179.4862
409.901120 71.682 176.3154
412.871433 72.019 172.3887
415.863270 72.255 167.9148
418.876786 72.375 163.1101
421.912140 72.373 158.1910
424.969489 72.245 153.3722
428.048993 71.997 148.8679
431.150813 71.640 144.8918
434.275109 71.195 141.6473
437.422046 70.691 139.3115
440.591786 70.166 138.0105
443.784496 69.667 137.7798
447.000341 69.247 138.5262
450.239490 68.947 140.0096
453.502111 68.794 141.8772
456.788374 68.785 143.7523
460.098451 68.896 145.3462
463.432514 69.091 146.5264
466.790737 69.337 147.3152
470.173295 69.619 147.8282
473.580365 69.935 148.1886
477.012124 70.299 148.4486
480.468750 70.726 148.5430
483.950425 71.223 148.3011
487.457329 71.781 147.5117
490.989646 72.375 146.0072
494.547559 72.971 143.7177
498.131254 73.539 140.6764
501.740919 74.052 136.9907
505.376740 74.493 132.8042
509.038909 74.855 128.2660
512.727614 75.137 123.5121
516.443050 75.341 118.6530
520.185409 75.474 113.7722
523.954887 75.543 108.9252
527.751680 75.553 104.1434
531.575987 75.510 99.4419
535.428005 75.415 94.8250
539.307937 75.267 90.2980
543.215985 75.064 85.8781
547.152352 74.798 81.6074
551.117243 74.466 77.5642
555.110866 74.064 73.8719
559.133428 73.597 70.6989
563.185140 73.078 68.2422
567.266211 72.541 66.6884
571.376856 72.034 66.1409
575.517288 71.616 66.5270
579.687724 71.345 67.5321
583.888380 71.244 68.6450
588.119476 71.300 69.3265
592.381232 71.462 69.1986
596.673871 71.667 68.1207
600.997615 71.859 66.1503
605.352692 71.996 63.4581
609.739327 72.053 60.2611
614.157750 72.015 56.7783
618.608190 71.882 53.2083
623.090880 71.659 49.7130
627.606053 71.352 46.4125
632.153945 70.973 43.3865
636.734793 70.527 40.6866
641.348836 70.020 38.3586
645.996314 69.450 36.4675
650.677470 68.820 35.1184
655.392547 68.131 34.4673
660.141792 67.395 34.7274
664.925451 66.639 36.1553
669.743775 65.918 39.0037
674.597014 65.314 43.3962
679.485423 64.934 49.1266
684.409254 64.867 55.5033
689.368766 65.131 61.5104
694.364216 65.655 66.2655
699.395865 66.328 69.3539
704.463976 67.046 70.7963
709.568812 67.736 70.8416
714.710640 68.354 69.8019
719.889728 68.876 67.9749
725.106346 69.294 65.6215
730.360766 69.607 62.9646
735.653261 69.818 60.1948
740.984108 69.938 57.4747
746.353584 69.978 54.9410
751.761970 69.956 52.7031
757.209547 69.889 50.8407
762.696599 69.800 49.3998
768.223413 69.712 48.3865
773.790277 69.648 47.7565
779.397480 69.628 47.4069
785.045315 69.666 47.1819
790.734077 69.766 46.8971
796.464062 69.919 46.3774
802.235569 70.108 45.4901
808.048899 70.311 44.1594
813.904354 70.506 42.3627
819.802241 70.672 40.1180
825.742866 70.787 37.4758
831.726539 70.836 34.5155
837.753572 70.803 31.3474
843.824280 70.677 28.1150
849.938979 70.454 24.9916
856.097987 70.134 22.1733
862.301626 69.729 19.8650
868.550219 69.260 18.2582
874.844092 68.760 17.4994
881.183573 68.271 17.6483
887.568992 67.836 18.6393
894.000683 67.493 20.2737
900.478980 67.264 22.2651
907.004222 67.148 24.3287
913.576749 67.130 26.2603
920.196903 67.193 27.9523
926.865029 67.321 29.3544
933.581475 67.502 30.4207
940.346591 67.726 31.0835
947.160730 67.977 31.2657
954.024247 68.237 30.9117
960.937500 68.481 30.0126
967.900849 68.689 28.6118
974.914658 68.840 26.7948
981.979291 68.918 24.6757
989.095118 68.914 22.3864
996.262509 68.818 20.0728
1003.481838 68.627 17.9004
1010.753481 68.341 16.0625
1018.077817 67.971 14.7826
1025.455229 67.538 14.3055
1032.886100 67.082 14.8584
1040.370819 66.662 16.5687
1047.909774 66.353 19.3486
1055.503361 66.220 22.8063
1063.151973 66.289 26.3085
1070.856010 66.533 29.2222
1078.615875 66.882 31.1642
1086.431970 67.258 32.0798
1094.304704 67.599 32.1630
1102.234487 67.869 31.7390
1110.221732 68.055 31.1770
1118.266856 68.173 30.8313
1126.370279 68.258 30.9822
1134.532422 68.365 31.7585
1142.753712 68.555 33.0577
1151.034577 68.873 34.5242
1159.375448 69.326 35.6530
1167.776760 69.883 35.9879
1176.238952 70.485 35.2772
1184.762464 71.073 33.5037
1193.347741 71.596 30.8168
1201.995231 72.023 27.4509
1210.705384 72.336 23.6678
1219.478654 72.532 19.7253
1228.315499 72.618 15.8583
1237.216380 72.611 12.2632
1246.181760 72.535 9.0826
1255.212106 72.419 6.3834
1264.307891 72.293 4.1442
1273.469587 72.181 2.2600
1282.697672 72.098 0.5728
1291.992628 72.044 -1.0839
1301.354940 72.012 -2.8412
1310.785094 71.986 -4.7738
1320.283583 71.952 -6.8983
1329.850902 71.898 -9.1860
1339.487550 71.813 -11.5856
1349.194029 71.696 -14.0402
1358.970845 71.543 -16.5027
1368.818508 71.358 -18.9460
1378.737531 71.141 -21.3660
1388.728432 70.891 -23.7806
1398.791730 70.603 -26.2200
1408.927952 70.268 -28.7080
1419.137625 69.870 -31.2407
1429.421281 69.388 -33.7625
1439.779457 68.801 -36.1456
1450.212692 68.089 -38.1726
1460.721531 67.239 -39.5120
1471.306521 66.251 -39.6953
1481.968215 65.158 -38.1072
1492.707168 64.047 -34.0596
1503.523939 63.088 -27.1122
1514.419093 62.510 -17.7262
1525.393198 62.469 -7.6041
1536.446826 62.912 1.2795
1547.580553 63.648 7.9725
1558.794960 64.498 12.5619
1570.090631 65.359 15.5205
1581.468155 66.188 17.3010
1592.928125 66.974 18.2313
1604.471139 67.716 18.5271
1616.097798 68.423 18.3204
1627.808709 69.102 17.6808
1639.604482 69.756 16.6301
1651.485732 70.390 15.1587
1663.453078 70.999 13.2423
1675.507145 71.579 10.8608
1687.648560 72.120 8.0103
1699.877958 72.612 4.7097
1712.195974 73.045 1.0007
1724.603252 73.411 -3.0558
1737.100438 73.703 -7.3856
1749.688184 73.917 -11.9065
1762.367146 74.052 -16.5352
1775.137984 74.110 -21.1909
1788.001366 74.091 -25.8020
1800.957961 74.002 -30.3086
1814.008445 73.847 -34.6654
1827.153498 73.633 -38.8418
1840.393805 73.363 -42.8185
1853.730057 73.042 -46.5825
1867.162949 72.672 -50.1223
1880.693182 72.254 -53.4214
1894.321460 71.787 -56.4546
1908.048494 71.271 -59.1863
1921.875000 70.707 -61.5717
1935.801698 70.093 -63.5535
1949.829316 69.431 -65.0555
1963.958583 68.720 -65.9762
1978.190236 67.968 -66.1785
1992.525018 67.188 -65.4860
2006.963676 66.407 -63.6941
2021.506962 65.671 -60.6129
2036.155634 65.052 -56.1659
2050.910458 64.636 -50.5393
2065.772200 64.498 -44.2876
2080.741637 64.658 -38.2285
2095.819549 65.070 -33.1212
2111.006721 65.645 -29.3901
2126.303946 66.296 -27.0999
2141.712021 66.953 -26.0919
2157.231749 67.576 -26.1282
2172.863940 68.142 -26.9711
2188.609407 68.638 -28.4175
2204.468973 69.064 -30.3057
2220.443464 69.419 -32.5105
2236.533713 69.705 -34.9362
2252.740558 69.927 -37.5083
2269.064845 70.084 -40.1639
2285.507424 70.181 -42.8455
2302.069153 70.220 -45.4928
2318.750895 70.203 -48.0425
2335.553520 70.136 -50.4294
2352.477904 70.028 -52.5944
2369.524928 69.888 -54.4891
2386.695483 69.726 -56.0844
2403.990462 69.557 -57.3726
2421.410768 69.389 -58.3665
2438.957308 69.235 -59.0970
2456.630998 69.103 -59.6095
2474.432759 69.000 -59.9628
2492.363519 68.931 -60.2295
2510.424213 68.895 -60.4928
2528.615781 68.889 -60.8387
2546.939174 68.905 -61.3411
2565.395345 68.930 -62.0449
2583.985257 68.950 -62.9561
2602.709879 68.953 -64.0409
2621.570188 68.926 -65.2338
2640.567166 68.865 -66.4471
2659.701804 68.768 -67.5813
2678.975100 68.637 -68.5328
2698.388058 68.481 -69.2024
2717.941690 68.314 -69.5070
2737.637016 68.156 -69.3927
2757.475062 68.029 -68.8540
2777.456863 67.958 -67.9484
2797.583461 67.962 -66.8021
2817.855904 68.055 -65.6000
2838.275249 68.235 -64.5515
2858.842562 68.492 -63.8447
2879.558913 68.803 -63.6105
2900.425384 69.147 -63.9089
2921.443062 69.500 -64.7388
2942.613043 69.845 -66.0579
2963.936430 70.168 -67.8069
2985.414335 70.463 -69.9265
3007.047878 70.722 -72.3685
3028.838187 70.941 -75.0966
3050.786397 71.115 -78.0815
3072.893653 71.235 -81.2942
3095.161107 71.296 -84.6964
3117.589920 71.288 -88.2346
3140.181262 71.202 -91.8330
3162.936310 71.030 -95.3870
3185.856250 70.769 -98.7615
3208.942278 70.416 -101.7882
3232.195596 69.981 -104.2715
3255.617418 69.480 -105.9985
3279.208964 68.945 -106.7676
3302.971464 68.424 -106.4445
3326.906156 67.978 -105.0408
3351.014290 67.668 -102.7867
3375.297121 67.538 -100.1276
3399.755915 67.589 -97.6002
3424.391948 67.789 -95.6508
3449.206504 68.085 -94.5214
3474.200876 68.422 -94.2577
3499.376367 68.758 -94.7788
3524.734291 69.062 -95.9460
3550.275969 69.317 -97.6084
3576.002732 69.511 -99.6226
3601.915922 69.640 -101.8577
3628.016889 69.700 -104.1918
3654.306995 69.694 -106.5085
3680.787610 69.623 -108.6903
3707.460115 69.495 -110.6171
3734.325899 69.322 -112.1681
3761.386364 69.122 -113.2344
3788.642920 68.920 -113.7427
3816.096988 68.747 -113.6885
3843.750000 68.635 -113.1660
3871.603397 68.606 -112.3710
3899.658631 68.669 -111.5599
3927.917165 68.815 -110.9791
3956.380472 69.020 -110.7972
3985.050036 69.256 -111.0800
4013.927351 69.498 -111.8026
4043.013923 69.728 -112.8872
4072.311269 69.938 -114.2424
4101.820915 70.124 -115.7926
4131.544400 70.289 -117.4926
4161.483274 70.432 -119.3267
4191.639097 70.552 -121.2966
4222.013442 70.645 -123.4044
4252.607892 70.704 -125.6372
4283.424042 70.722 -127.9579
4314.463498 70.693 -130.3026
4345.727879 70.613 -132.5826
4377.218815 70.482 -134.6927
4408.937947 70.306 -136.5214
4440.886929 70.097 -137.9657
4473.067426 69.875 -138.9509
4505.481116 69.661 -139.4498
4538.129690 69.482 -139.5028
4571.014848 69.359 -139.2213
4604.138306 69.305 -138.7739
4637.501790 69.323 -138.3533
4671.107040 69.403 -138.1362
4704.955807 69.528 -138.2539
4739.049856 69.674 -138.7739
4773.390965 69.817 -139.7002
4807.980924 69.936 -140.9799
4842.821536 70.015 -142.5125
4877.914617 70.043 -144.1647
4913.261997 70.019 -145.7876
4948.865519 69.951 -147.2393
4984.727038 69.853 -148.4110
5020.848425 69.747 -149.2572
5057.231563 69.656 -149.8165
5093.878347 69.594 -150.2090
5130.790689 69.567 -150.6008
5167.970514 69.565 -151.1466
5205.419759 69.567 -151.9363
5243.140376 69.548 -152.9673
5281.134332 69.488 -154.1464
5319.403609 69.372 -155.3107
5357.950200 69.198 -156.2566
5396.776116 68.979 -156.7762
5435.883380 68.738 -156.6971
5475.274032 68.516 -155.9318
5514.950125 68.355 -154.5266
5554.913727 68.294 -152.6841
5595.166922 68.353 -150.7290
5635.711808 68.525 -149.0150
5676.550498 68.784 -147.8158
5717.685123 69.089 -147.2600
5759.117827 69.400 -147.3320
5800.850769 69.689 -147.9177
5842.886124 69.942 -148.8628
5885.226086 70.152 -150.0216
5927.872860 70.326 -151.2894
5970.828671 70.470 -152.6155
6014.095756 70.590 -153.9978
6057.676373 70.686 -155.4584
6101.572794 70.756 -157.0151
6145.787305 70.792 -158.6583
6190.322213 70.786 -160.3400
6235.179840 70.734 -161.9785
6280.362523 70.635 -163.4722
6325.872619 70.496 -164.7169
6371.712500 70.328 -165.6262
6417.884555 70.149 -166.1489
6464.391192 69.976 -166.2826
6511.234836 69.828 -166.0807
6558.417927 69.718 -165.6423
6605.942927 69.650 -165.0898
6653.812313 69.621 -164.5332
6702.028580 69.623 -164.0442
6750.594241 69.646 -163.6500
6799.511830 69.682 -163.3448
6848.783896 69.728 -163.1122
6898.413007 69.781 -162.9430
6948.401751 69.838 -162.8379
6998.752735 69.899 -162.8008
7049.468582 69.960 -162.8267
7100.551937 70.017 -162.8977
7152.005464 70.072 -162.9891
7203.831844 70.124 -163.0785
7256.033779 70.177 -163.1561
7308.613991 70.234 -163.2308
7361.575220 70.295 -163.3234
7414.920229 70.360 -163.4573
7468.651798 70.426 -163.6493
7522.772727 70.490 -163.9027
7577.285840 70.549 -164.2065
7632.193976 70.601 -164.5402
7687.500000 70.645 -164.8835
7743.206794 70.685 -165.2266
7799.317262 70.720 -165.5751
7855.834330 70.752 -165.9471
7912.760944 70.777 -166.3596
7970.100072 70.790 -166.8121
8027.854702 70.786 -167.2762
8086.027847 70.762 -167.6938
8144.622538 70.720 -167.9943
8203.641830 70.668 -168.1168
8263.088801 70.618 -168.0336
8322.966548 70.582 -167.7661
8383.278195 70.570 -167.3840
8444.026884 70.585 -166.9807
8505.215784 70.622 -166.6384
8566.848084 70.673 -166.4005
8628.926996 70.729 -166.2632
8691.455758 70.784 -166.1910
8754.437630 70.836 -166.1429
8817.875894 70.890 -166.0979
8881.773857 70.949 -166.0642
8946.134852 71.013 -166.0715
9010.962233 71.082 -166.1530
9076.259380 71.150 -166.3259
9142.029697 71.213 -166.5820
9208.276612 71.266 -166.8929
9275.003581 71.311 -167.2249
9342.214080 71.349 -167.5575
9409.911614 71.383 -167.8956
9478.099713 71.415 -168.2635
9546.781930 71.441 -168.6873
9615.961848 71.455 -169.1733
9685.643071 71.453 -169.6954
9755.829233 71.431 -170.1986
9826.523994 71.391 -170.6184
9897.731037 71.340 -170.9065
9969.454076 71.288 -171.0526
10041.696850 71.242 -171.0881
10114.463125 71.207 -171.0691
10187.756694 71.182 -171.0487
10261.581379 71.163 -171.0559
10335.941028 71.144 -171.0903
10410.839517 71.123 -171.1348
10486.280752 71.099 -171.1696
10562.268665 71.073 -171.1837
10638.807218 71.047 -171.1750
10715.900400 71.022 -171.1450
10793.552232 71.000 -171.0969
10871.766761 70.981 -171.0378
10950.548064 70.965 -170.9828
11029.900250 70.954 -170.9526
11109.827454 70.944 -170.9673
11190.333843 70.932 -171.0337
11271.423615 70.913 -171.1417
11353.100997 70.886 -171.2655
11435.370247 70.850 -171.3741
11518.235653 70.808 -171.4446
11601.701537 70.763 -171.4697
11685.772249 70.718 -171.4568
11770.452172 70.675 -171.4211
11855.745720 70.633 -171.3773
11941.657341 70.592 -171.3361
12028.191513 70.551 -171.3035
12115.352747 70.507 -171.2825
12203.145587 70.459 -171.2695
12291.574610 70.406 -171.2527
12380.644427 70.346 -171.2104
12470.359680 70.280 -171.1160
12560.725047 70.213 -170.9484
12651.745238 70.149 -170.7024
12743.425000 70.092 -170.3933
12835.769110 70.048 -170.0503
12928.782385 70.016 -169.7087
13022.469671 69.996 -169.4025
13116.835855 69.985 -169.1605
13211.885854 69.979 -169.0032
13307.624625 69.973 -168.9385
13404.057159 69.963 -168.9587
13501.188483 69.943 -169.0411
13599.023660 69.914 -169.1552
13697.567791 69.874 -169.2747
13796.826014 69.826 -169.3828
13896.803503 69.771 -169.4694
13997.505470 69.710 -169.5271
14098.937164 69.644 -169.5502
14201.103875 69.577 -169.5341
14304.010928 69.511 -169.4791
14407.663687 69.446 -169.3906
14512.067557 69.385 -169.2756
14617.227981 69.329 -169.1421
14723.150441 69.279 -168.9973
14829.840458 69.237 -168.8495
14937.303595 69.204 -168.7118
15045.545455 69.180 -168.6034
15154.571679 69.164 -168.5465
15264.387953 69.155 -168.5621
15375.000000 69.150 -168.6666
15486.413588 69.144 -168.8646
15598.634525 69.135 -169.1473
15711.668661 69.117 -169.4943
15825.521888 69.092 -169.8799
15940.200144 69.059 -170.2805
16055.709405 69.020 -170.6802
16172.055694 68.980 -171.0736
16289.245076 68.940 -171.4666
16407.283660 68.900 -171.8707
16526.177601 68.863 -172.2979
16645.933097 68.828 -172.7534
16766.556390 68.793 -173.2374
16888.053769 68.761 -173.7472
17010.431568 68.732 -174.2805
17133.696167 68.707 -174.8412
17257.853993 68.688 -175.4398
17382.911517 68.677 -176.0874
17508.875259 68.674 -176.7985
17635.751787 68.678 -177.6086
17763.547714 68.686 -178.5337
17892.269704 68.698 -179.5404
18021.924466 68.716 179.3505
18152.518759 68.739 178.1117
18284.059393 68.765 176.7358
18416.553225 68.794 175.2163
18550.007161 68.823 173.5468
18684.428160 68.853 171.7197
18819.823228 68.882 169.7283
18956.199425 68.909 167.5654
19093.563861 68.931 165.2272
19231.923695 68.949 162.7135
19371.286142 68.960 160.0251
19511.658467 68.965 157.1611
19653.047987 68.962 154.1172
19795.462074 68.952 150.8831
19938.908153 68.934 147.4348
20083.393701 68.900 143.8828
20228.926250 68.851 140.2546
20375.513389 68.789 136.3973
20523.162758 68.711 132.3009
20671.882055 68.615 127.9594
20821.679034 68.494 123.3723
20972.561504 68.342 118.5468
21124.537330 68.151 113.4976
21277.614435 67.909 108.2493
21431.800801 67.601 102.8364
21587.104464 67.207 97.3025
21743.533521 66.702 91.6991
21901.096129 66.052 86.0828
22059.800499 65.215 80.5098
22219.654907 64.135 75.0334
22380.667686 62.744 69.6998
22542.847230 60.958 64.5453
22706.201994 58.672 59.5957
22870.740494 55.757 54.8665
23036.471307 52.055 50.3633
23203.403074 47.388 46.0836
23371.544498 41.583 42.0184
23540.904344 34.556 38.1537
23711.491441 26.437 34.4717
23883.314682 17.955 30.9536
