* Measurement data measured by REW V5.40 beta 133
* Source: U18dB [plughw:3,0], Mic (Mic), R, Volume: 1.000. Timing signal peak level -25.7 dBFS, measurement signal peak level -14.5 dBFS
* Format: 512k Log Swept Sine, 1 sweep at -12.0 dBFS using an acoustic timing reference
* Dated: Sep 10, 2026, 11:14:51 AM
* REW Settings:
*  C-weighting compensation: Off
*  Target level: 75.0 dB
* Note: ; 10 sept 2026  Position MLP+20cm AHEAD 3.98m from front wall 3.13/3.14m from RLand L speaker  2 screen panels prolongation - new setup DAC level -29dB MIC HEIGHT: 1.000m mic boom arm height: 1.040 -12dBFS OKTO -28dB DELAY -0.0287 ms (-9.9 mm, -0.39 in) using estimated IR delay relative to Acoustic reference played from DAC8STEREO L with no timing offset Clock adjustment: -14.8 ppm
* Measurement: L 120.green.1
* Smoothing: 1/48 octave
* Frequency Step: 96 ppo
* Start Frequency: 15.014648 Hz
*
* Freq(Hz) SPL(dB) Phase(degrees)
15.014648 68.253 -155.3348
15.123451 68.464 -156.2692
15.233042 68.716 -157.1852
15.343426 68.967 -158.1137
15.454611 69.213 -159.0635
15.566602 69.453 -160.0153
15.679404 69.687 -161.0124
15.793023 69.912 -162.0902
15.907466 70.132 -163.2203
16.022738 70.345 -164.4266
16.138845 70.547 -165.7455
16.255794 70.743 -167.1740
16.373590 70.932 -168.7012
16.492240 71.110 -170.3269
16.611750 71.279 -172.0706
16.732125 71.442 -173.9116
16.853373 71.596 -175.8042
16.975500 71.744 -177.7660
17.098511 71.887 -179.7887
17.222414 72.025 178.1898
17.347215 72.161 176.1636
17.472920 72.295 174.1281
17.599536 72.429 172.1240
17.727069 72.564 170.1493
17.855527 72.699 168.1956
17.984915 72.835 166.2692
18.115241 72.972 164.3673
18.246512 73.107 162.4834
18.378734 73.239 160.6074
18.511914 73.368 158.7320
18.646058 73.489 156.8655
18.781175 73.601 154.9971
18.917272 73.703 153.1183
19.054354 73.793 151.2639
19.192430 73.869 149.4122
19.331506 73.932 147.5743
19.471590 73.981 145.7944
19.612689 74.015 144.0393
19.754811 74.039 142.3480
19.897962 74.053 140.7432
20.042151 74.059 139.2074
20.187385 74.061 137.7773
20.333671 74.061 136.4538
20.481017 74.063 135.2288
20.629431 74.071 134.1133
20.778920 74.086 133.1017
20.929493 74.113 132.1523
21.081157 74.153 131.2861
21.233919 74.207 130.4451
21.387789 74.275 129.6078
21.542774 74.355 128.7684
21.698882 74.447 127.8608
21.856121 74.549 126.9041
22.014499 74.656 125.8547
22.174025 74.769 124.7094
22.334708 74.882 123.4695
22.496554 74.994 122.1199
22.659573 75.104 120.6760
22.823774 75.210 119.1421
22.989164 75.311 117.5188
23.155753 75.405 115.8287
23.323549 75.493 114.0624
23.492562 75.575 112.2460
23.662798 75.649 110.3687
23.834269 75.714 108.4513
24.006982 75.770 106.4845
24.180946 75.816 104.4842
24.356171 75.849 102.4422
24.532666 75.869 100.3722
24.710440 75.873 98.2707
24.889502 75.860 96.1482
25.069862 75.826 94.0110
25.251528 75.771 91.8654
25.434511 75.694 89.7278
25.618820 75.592 87.6031
25.804465 75.466 85.5158
25.991454 75.315 83.4732
26.179799 75.140 81.5039
26.369509 74.942 79.6233
26.560593 74.722 77.8609
26.753062 74.482 76.2457
26.946926 74.224 74.8099
27.142194 73.951 73.5962
27.338878 73.665 72.6443
27.536987 73.375 72.0052
27.736531 73.083 71.7286
27.937521 72.803 71.8575
28.139968 72.545 72.4377
28.343882 72.325 73.4689
28.549273 72.160 74.9417
28.756153 72.068 76.7747
28.964532 72.064 78.8301
29.174421 72.153 80.9764
29.385831 72.334 82.9654
29.598773 72.595 84.6979
29.813258 72.915 85.9779
30.029297 73.276 86.7896
30.246902 73.654 87.0807
30.466083 74.035 86.8944
30.686853 74.406 86.2641
30.909222 74.757 85.2614
31.133203 75.086 83.9420
31.358807 75.389 82.3618
31.586046 75.666 80.5867
31.814932 75.918 78.6410
32.045476 76.146 76.5771
32.277691 76.351 74.4119
32.511588 76.535 72.1595
32.747180 76.700 69.8404
32.984480 76.846 67.4526
33.223499 76.974 64.9972
33.464250 77.084 62.4773
33.706746 77.176 59.8863
33.950999 77.249 57.2192
34.197022 77.303 54.4805
34.444828 77.334 51.6650
34.694429 77.340 48.7703
34.945839 77.319 45.8120
35.199071 77.267 42.7974
35.454138 77.179 39.7441
35.711054 77.054 36.6926
35.969831 76.891 33.6598
36.230483 76.685 30.6683
36.493024 76.437 27.7751
36.757467 76.144 25.0242
37.023827 75.806 22.4578
37.292117 75.423 20.1355
37.562351 74.998 18.1194
37.834543 74.535 16.4591
38.108708 74.039 15.2136
38.384859 73.518 14.4366
38.663012 72.984 14.1582
38.943180 72.448 14.4086
39.225378 71.926 15.2051
39.509622 71.435 16.5343
39.795925 70.989 18.3439
40.084302 70.604 20.5743
40.374770 70.290 23.1410
40.667342 70.056 25.9380
40.962034 69.904 28.8495
41.258862 69.829 31.7681
41.557841 69.827 34.6009
41.858986 69.887 37.2733
42.162313 69.999 39.7343
42.467839 70.152 41.9585
42.775578 70.338 43.9481
43.085548 70.550 45.7286
43.397763 70.785 47.3406
43.712242 71.045 48.8300
44.028998 71.335 50.2352
44.348051 71.666 51.5738
44.669415 72.047 52.8289
44.993108 72.490 53.9364
45.319147 73.001 54.7865
45.647548 73.577 55.2496
45.978329 74.209 55.2028
46.311507 74.881 54.5539
46.647099 75.575 53.2547
46.985123 76.271 51.3008
47.325597 76.951 48.7231
47.668537 77.601 45.5763
48.013963 78.207 41.9262
48.361892 78.761 37.8415
48.712342 79.255 33.3864
49.065332 79.683 28.6177
49.420880 80.042 23.5854
49.779004 80.327 18.3325
50.139723 80.538 12.8956
50.503056 80.673 7.3114
50.869022 80.734 1.6172
51.237640 80.723 -4.1460
51.608929 80.645 -9.9337
51.982909 80.504 -15.6985
52.359598 80.305 -21.3925
52.739018 80.055 -26.9705
53.121186 79.761 -32.3944
53.506124 79.429 -37.6350
53.893852 79.067 -42.6764
54.284389 78.684 -47.5164
54.677756 78.286 -52.1669
55.073973 77.880 -56.6551
55.473062 77.471 -61.0220
55.875043 77.067 -65.3207
56.279936 76.670 -69.6146
56.687764 76.283 -73.9759
57.098547 75.906 -78.4828
57.512306 75.541 -83.2156
57.929064 75.186 -88.2534
58.348842 74.839 -93.6725
58.771662 74.498 -99.5410
59.197546 74.160 -105.9183
59.626515 73.822 -112.8539
60.058594 73.482 -120.3849
60.493803 73.140 -128.5372
60.932166 72.800 -137.3196
61.373706 72.466 -146.7087
61.818445 72.146 -156.6433
62.266407 71.847 -167.0165
62.717615 71.575 -177.6904
63.172093 71.334 171.5054
63.629864 71.119 160.7642
64.090952 70.924 150.2715
64.555381 70.739 140.1759
65.023176 70.551 130.6000
65.494361 70.352 121.6556
65.968960 70.137 113.4362
66.446998 69.902 106.0100
66.928501 69.647 99.4410
67.413492 69.378 93.7728
67.901998 69.100 89.0232
68.394044 68.820 85.1791
68.889655 68.546 82.1965
69.388858 68.282 80.0266
69.891679 68.032 78.6183
70.398142 67.796 77.9503
70.908276 67.577 78.0518
71.422107 67.387 78.9957
71.939661 67.250 80.8737
72.460965 67.208 83.7384
72.986047 67.317 87.5022
73.514934 67.633 91.8576
74.047654 68.189 96.2637
74.584234 68.972 100.1199
75.124702 69.931 102.9291
75.669086 71.000 104.4579
76.217416 72.115 104.6669
76.769719 73.228 103.6656
77.326024 74.306 101.5982
77.886360 75.328 98.6271
78.450757 76.279 94.8927
79.019243 77.150 90.5264
79.591849 77.936 85.6443
80.168605 78.631 80.3522
80.749539 79.233 74.7521
81.334684 79.743 68.9368
81.924068 80.161 62.9877
82.517724 80.491 56.9860
83.115681 80.735 50.9880
83.717972 80.900 45.0467
84.324627 80.991 39.1964
84.935678 81.014 33.4531
85.551157 80.973 27.8278
86.171096 80.870 22.3177
86.795527 80.707 16.9159
87.424483 80.481 11.6193
88.057997 80.189 6.4325
88.696102 79.825 1.3715
89.338830 79.382 -3.5289
89.986216 78.849 -8.2077
90.638293 78.219 -12.5760
91.295096 77.478 -16.5070
91.956658 76.616 -19.8209
92.623013 75.626 -22.2634
93.294198 74.507 -23.4746
93.970246 73.277 -22.9506
94.651193 71.994 -20.0267
95.337075 70.794 -14.0143
96.027927 69.918 -4.7547
96.723785 69.633 6.4733
97.424685 70.014 17.0911
98.130664 70.865 25.0953
98.841760 71.920 30.0881
99.558008 72.997 32.5881
100.279446 74.010 33.2565
101.006112 74.929 32.6205
101.738044 75.744 31.0518
102.475280 76.458 28.8091
103.217858 77.075 26.0773
103.965817 77.602 22.9958
104.719197 78.045 19.6745
105.478035 78.408 16.2037
106.242372 78.698 12.6592
107.012248 78.920 9.1044
107.787703 79.081 5.5916
108.568777 79.186 2.1626
109.355511 79.240 -1.1479
110.147947 79.249 -4.3135
110.946124 79.219 -7.3110
111.750085 79.153 -10.1194
112.559873 79.058 -12.7164
113.375528 78.940 -15.0797
114.197094 78.807 -17.1891
115.024613 78.669 -19.0322
115.858129 78.535 -20.6137
116.697684 78.417 -21.9626
117.543324 78.324 -23.1368
118.395091 78.262 -24.2165
119.253031 78.231 -25.2919
120.117188 78.227 -26.4487
120.987606 78.240 -27.7499
121.864332 78.259 -29.2274
122.747411 78.271 -30.8766
123.636890 78.264 -32.6626
124.532814 78.231 -34.5240
125.435230 78.166 -36.3857
126.344185 78.071 -38.1679
127.259727 77.951 -39.7982
128.181904 77.813 -41.2209
129.110763 77.670 -42.4061
130.046352 77.533 -43.3550
130.988722 77.417 -44.1002
131.937920 77.330 -44.7020
132.893997 77.279 -45.2379
133.857001 77.264 -45.7936
134.826984 77.284 -46.4503
135.803996 77.332 -47.2758
136.788088 77.398 -48.3181
137.779311 77.472 -49.6011
138.777717 77.543 -51.1235
139.783357 77.600 -52.8614
140.796285 77.636 -54.7701
141.816553 77.647 -56.7917
142.844214 77.629 -58.8620
143.879322 77.586 -60.9192
144.921931 77.520 -62.9135
145.972095 77.440 -64.8138
147.029869 77.352 -66.6127
148.095308 77.263 -68.3265
149.168468 77.180 -69.9901
150.249404 77.104 -71.6486
151.338173 77.036 -73.3481
152.434832 76.972 -75.1276
153.539437 76.909 -77.0165
154.652047 76.842 -79.0349
155.772720 76.764 -81.1942
156.901513 76.671 -83.4988
158.038486 76.555 -85.9467
159.183698 76.411 -88.5288
160.337209 76.231 -91.2296
161.499079 76.010 -94.0239
162.669367 75.741 -96.8765
163.848137 75.418 -99.7410
165.035448 75.037 -102.5581
166.231363 74.593 -105.2575
167.435944 74.086 -107.7595
168.649254 73.516 -109.9807
169.871356 72.888 -111.8435
171.102314 72.208 -113.2847
172.342191 71.481 -114.2625
173.591054 70.709 -114.7537
174.848966 69.889 -114.7328
176.115994 69.006 -114.1202
177.392203 68.042 -112.7045
178.677660 66.981 -110.0353
179.972432 65.844 -105.3044
181.276587 64.749 -97.3439
182.590191 64.007 -85.2740
183.913315 64.044 -70.4178
185.246027 64.978 -56.8905
186.588396 66.450 -47.7427
187.940492 68.051 -42.9749
189.302387 69.568 -41.3890
190.674150 70.932 -41.9133
192.055853 72.137 -43.8346
193.447569 73.194 -46.7143
194.849370 74.120 -50.2886
196.261329 74.929 -54.3972
197.683519 75.634 -58.9374
199.116016 76.240 -63.8364
200.558892 76.752 -69.0325
202.012225 77.172 -74.4667
203.476089 77.502 -80.0775
204.950560 77.745 -85.8004
206.435716 77.903 -91.5709
207.931635 77.981 -97.3279
209.438393 77.983 -103.0175
210.956070 77.918 -108.5943
212.484745 77.790 -114.0243
214.024497 77.608 -119.2842
215.575406 77.377 -124.3616
217.137555 77.105 -129.2537
218.711023 76.796 -133.9686
220.295893 76.456 -138.5237
221.892248 76.088 -142.9446
223.500171 75.695 -147.2607
225.119745 75.277 -151.5005
226.751056 74.831 -155.6841
228.394187 74.355 -159.8237
230.049226 73.847 -163.9248
231.716257 73.307 -167.9917
233.395369 72.732 -172.0376
235.086648 72.123 -176.0918
236.790182 71.477 179.7957
238.506062 70.789 175.5575
240.234375 70.048 171.1130
241.975212 69.240 166.3762
243.728664 68.345 161.2578
245.494823 67.340 155.6553
247.273780 66.199 149.4238
249.065627 64.894 142.3154
250.870459 63.398 133.8644
252.688370 61.702 123.1736
254.519454 59.868 108.5679
256.363807 58.208 87.4922
258.221525 57.501 59.1066
260.092705 58.372 29.9138
261.977444 60.248 7.1801
263.875840 62.307 -9.2887
265.787993 64.201 -22.0028
267.714003 65.851 -32.6747
269.653969 67.260 -42.2098
271.607992 68.451 -51.0634
273.576176 69.447 -59.4600
275.558622 70.268 -67.5065
277.555433 70.935 -75.2500
279.566714 71.465 -82.7090
281.592570 71.873 -89.8887
283.633106 72.175 -96.7927
285.688428 72.384 -103.4312
287.758644 72.512 -109.8276
289.843862 72.569 -116.0186
291.944190 72.560 -122.0516
294.059738 72.484 -127.9753
296.190616 72.340 -133.8243
298.336935 72.117 -139.6073
300.498808 71.807 -145.3000
302.676346 71.397 -150.8446
304.869664 70.878 -156.1528
307.078875 70.239 -161.1130
309.304095 69.469 -165.5887
311.545440 68.555 -169.4050
313.803027 67.481 -172.3085
316.076973 66.228 -173.8861
318.367397 64.788 -173.4094
320.674418 63.208 -169.5935
322.998157 61.714 -160.5299
325.338735 60.887 -145.3002
327.696273 61.330 -128.1953
330.070896 62.800 -116.0658
332.462726 64.583 -110.3997
334.871888 66.269 -109.3486
337.298507 67.734 -111.1580
339.742711 68.962 -114.7256
342.204627 69.970 -119.3900
344.684383 70.779 -124.7374
347.182108 71.407 -130.4946
349.697933 71.874 -136.4712
352.231988 72.191 -142.5269
354.784406 72.371 -148.5491
357.355320 72.418 -154.4376
359.944864 72.339 -160.0889
362.553173 72.137 -165.3810
365.180383 71.813 -170.1597
367.826630 71.378 -174.2225
370.492054 70.845 -177.3086
373.176792 70.249 -179.1038
375.880985 69.654 -179.2977
378.604773 69.159 -177.7396
381.348300 68.890 -174.6992
384.111707 68.942 -171.0297
386.895138 69.317 -167.9043
389.698740 69.928 -166.2313
392.522658 70.648 -166.3385
395.367039 71.371 -168.1067
398.232031 72.028 -171.2291
401.117785 72.579 -175.3756
404.024450 73.005 179.7440
406.952177 73.292 174.3790
409.901120 73.437 168.7482
412.871433 73.434 163.0594
415.863270 73.284 157.5229
418.876786 72.991 152.3599
421.912140 72.564 147.8103
424.969489 72.018 144.1367
428.048993 71.383 141.6206
431.150813 70.706 140.5369
434.275109 70.061 141.0808
437.422046 69.544 143.2308
440.591786 69.253 146.5974
443.784496 69.251 150.4088
447.000341 69.529 153.7671
450.239490 70.017 156.0110
453.502111 70.620 156.8766
456.788374 71.255 156.4149
460.098451 71.865 154.8351
463.432514 72.416 152.3905
466.790737 72.891 149.3230
470.173295 73.286 145.8418
473.580365 73.602 142.1178
477.012124 73.845 138.2855
480.468750 74.026 134.4437
483.950425 74.155 130.6569
487.457329 74.245 126.9548
490.989646 74.304 123.3336
494.547559 74.342 119.7598
498.131254 74.360 116.1819
501.740919 74.355 112.5458
505.376740 74.320 108.8152
509.038909 74.244 104.9847
512.727614 74.116 101.0905
516.443050 73.923 97.2097
520.185409 73.660 93.4580
523.954887 73.324 89.9773
527.751680 72.924 86.9235
531.575987 72.473 84.4432
535.428005 71.996 82.6451
539.307937 71.524 81.5648
543.215985 71.089 81.1403
547.152352 70.714 81.2166
551.117243 70.411 81.5901
555.110866 70.175 82.0793
559.133428 69.991 82.5822
563.185140 69.844 83.0906
567.266211 69.727 83.6689
571.376856 69.642 84.4084
575.517288 69.605 85.3722
579.687724 69.640 86.5404
583.888380 69.771 87.7732
588.119476 70.010 88.8152
592.381232 70.349 89.3608
596.673871 70.760 89.1537
600.997615 71.201 88.0571
605.352692 71.631 86.0643
609.739327 72.015 83.2611
614.157750 72.326 79.7760
618.608190 72.546 75.7452
623.090880 72.660 71.2975
627.606053 72.656 66.5571
632.153945 72.522 61.6558
636.734793 72.244 56.7450
641.348836 71.810 52.0142
645.996314 71.207 47.7108
650.677470 70.425 44.1737
655.392547 69.464 41.8815
660.141792 68.351 41.5193
664.925451 67.175 43.9867
669.743775 66.146 50.0837
674.597014 65.594 59.4385
679.485423 65.760 69.4917
684.409254 66.527 77.1201
689.368766 67.566 81.1683
694.364216 68.612 82.1733
699.395865 69.543 81.0676
704.463976 70.317 78.6188
709.568812 70.933 75.3596
714.710640 71.403 71.6447
719.889728 71.745 67.7063
725.106346 71.976 63.6941
730.360766 72.112 59.6980
735.653261 72.166 55.7668
740.984108 72.147 51.9236
746.353584 72.061 48.1809
751.761970 71.908 44.5564
757.209547 71.690 41.0851
762.696599 71.404 37.8282
768.223413 71.054 34.8744
773.790277 70.644 32.3281
779.397480 70.189 30.2888
785.045315 69.706 28.8254
790.734077 69.218 27.9563
796.464062 68.748 27.6407
802.235569 68.314 27.7887
808.048899 67.929 28.2769
813.904354 67.598 28.9633
819.802241 67.320 29.6997
825.742866 67.080 30.3461
831.726539 66.858 30.7965
837.753572 66.622 31.0203
843.824280 66.337 31.1036
849.938979 65.974 31.2797
856.097987 65.518 31.9365
862.301626 64.988 33.5883
868.550219 64.448 36.7618
874.844092 64.023 41.7220
881.183573 63.859 48.0752
887.568992 64.040 54.6797
894.000683 64.524 60.2744
900.478980 65.185 64.2244
907.004222 65.899 66.5917
913.576749 66.595 67.7581
920.196903 67.245 68.1084
926.865029 67.849 67.9006
933.581475 68.414 67.2557
940.346591 68.945 66.2032
947.160730 69.439 64.7410
954.024247 69.888 62.8839
960.937500 70.284 60.6827
967.900849 70.620 58.2169
974.914658 70.893 55.5732
981.979291 71.103 52.8292
989.095118 71.253 50.0469
996.262509 71.342 47.2778
1003.481838 71.372 44.5767
1010.753481 71.344 42.0110
1018.077817 71.263 39.6622
1025.455229 71.137 37.6143
1032.886100 70.978 35.9364
1040.370819 70.800 34.6649
1047.909774 70.621 33.7959
1055.503361 70.454 33.2903
1063.151973 70.308 33.0938
1070.856010 70.190 33.1615
1078.615875 70.104 33.4714
1086.431970 70.060 34.0178
1094.304704 70.072 34.7783
1102.234487 70.156 35.6705
1110.221732 70.324 36.5282
1118.266856 70.579 37.1206
1126.370279 70.903 37.2114
1134.532422 71.267 36.6282
1142.753712 71.633 35.3043
1151.034577 71.965 33.2806
1159.375448 72.234 30.6802
1167.776760 72.419 27.6771
1176.238952 72.508 24.4701
1184.762464 72.500 21.2670
1193.347741 72.403 18.2698
1201.995231 72.231 15.6599
1210.705384 72.010 13.5776
1219.478654 71.773 12.0966
1228.315499 71.555 11.1890
1237.216380 71.391 10.7084
1246.181760 71.298 10.4115
1255.212106 71.277 10.0220
1264.307891 71.310 9.3141
1273.469587 71.366 8.1672
1282.697672 71.418 6.5713
1291.992628 71.441 4.5912
1301.354940 71.419 2.3250
1310.785094 71.346 -0.1339
1320.283583 71.216 -2.7150
1329.850902 71.030 -5.3749
1339.487550 70.781 -8.0923
1349.194029 70.464 -10.8538
1358.970845 70.064 -13.6351
1368.818508 69.565 -16.3838
1378.737531 68.944 -18.9963
1388.728432 68.175 -21.2905
1398.791730 67.227 -22.9569
1408.927952 66.071 -23.4711
1419.137625 64.698 -21.9386
1429.421281 63.173 -16.8828
1439.779457 61.771 -6.3762
1450.212692 61.100 9.8236
1460.721531 61.636 26.6816
1471.306521 63.023 38.3522
1481.968215 64.621 44.2957
1492.707168 66.098 46.3822
1503.523939 67.368 46.2020
1514.419093 68.432 44.7386
1525.393198 69.320 42.5675
1536.446826 70.066 40.0171
1547.580553 70.700 37.2626
1558.794960 71.246 34.3807
1570.090631 71.723 31.3918
1581.468155 72.139 28.2913
1592.928125 72.501 25.0696
1604.471139 72.808 21.7257
1616.097798 73.061 18.2705
1627.808709 73.258 14.7284
1639.604482 73.395 11.1366
1651.485732 73.471 7.5409
1663.453078 73.488 3.9938
1675.507145 73.447 0.5499
1687.648560 73.350 -2.7373
1699.877958 73.204 -5.8174
1712.195974 73.014 -8.6448
1724.603252 72.788 -11.1790
1737.100438 72.535 -13.3875
1749.688184 72.265 -15.2491
1762.367146 71.991 -16.7582
1775.137984 71.724 -17.9283
1788.001366 71.475 -18.7965
1800.957961 71.257 -19.4252
1814.008445 71.075 -19.9023
1827.153498 70.932 -20.3357
1840.393805 70.825 -20.8372
1853.730057 70.743 -21.5015
1867.162949 70.670 -22.3864
1880.693182 70.591 -23.5032
1894.321460 70.489 -24.8175
1908.048494 70.352 -26.2627
1921.875000 70.171 -27.7540
1935.801698 69.943 -29.1990
1949.829316 69.665 -30.5032
1963.958583 69.340 -31.5729
1978.190236 68.970 -32.3119
1992.525018 68.564 -32.6180
2006.963676 68.132 -32.3784
2021.506962 67.693 -31.4712
2036.155634 67.275 -29.7843
2050.910458 66.920 -27.2620
2065.772200 66.679 -23.9779
2080.741637 66.601 -20.2006
2095.819549 66.712 -16.3840
2111.006721 67.004 -13.0426
2126.303946 67.430 -10.5801
2141.712021 67.931 -9.1914
2157.231749 68.450 -8.8746
2172.863940 68.940 -9.5001
2188.609407 69.370 -10.8788
2204.468973 69.724 -12.8073
2220.443464 69.992 -15.0906
2236.533713 70.175 -17.5553
2252.740558 70.278 -20.0565
2269.064845 70.310 -22.4824
2285.507424 70.282 -24.7531
2302.069153 70.204 -26.8158
2318.750895 70.086 -28.6362
2335.553520 69.938 -30.1875
2352.477904 69.767 -31.4453
2369.524928 69.585 -32.3870
2386.695483 69.403 -33.0009
2403.990462 69.235 -33.2987
2421.410768 69.092 -33.3242
2438.957308 68.985 -33.1538
2456.630998 68.920 -32.8861
2474.432759 68.897 -32.6240
2492.363519 68.911 -32.4587
2510.424213 68.950 -32.4576
2528.615781 69.004 -32.6569
2546.939174 69.059 -33.0610
2565.395345 69.104 -33.6418
2583.985257 69.128 -34.3416
2602.709879 69.125 -35.0785
2621.570188 69.095 -35.7548
2640.567166 69.042 -36.2684
2659.701804 68.978 -36.5300
2678.975100 68.921 -36.4852
2698.388058 68.892 -36.1368
2717.941690 68.914 -35.5618
2737.637016 68.999 -34.9065
2757.475062 69.153 -34.3575
2777.456863 69.365 -34.0920
2797.583461 69.617 -34.2378
2817.855904 69.888 -34.8542
2838.275249 70.155 -35.9379
2858.842562 70.401 -37.4392
2879.558913 70.611 -39.2839
2900.425384 70.777 -41.3876
2921.443062 70.894 -43.6643
2942.613043 70.960 -46.0333
2963.936430 70.975 -48.4200
2985.414335 70.942 -50.7579
3007.047878 70.865 -52.9919
3028.838187 70.749 -55.0770
3050.786397 70.597 -56.9761
3072.893653 70.415 -58.6553
3095.161107 70.207 -60.0781
3117.589920 69.981 -61.2024
3140.181262 69.744 -61.9811
3162.936310 69.509 -62.3729
3185.856250 69.291 -62.3567
3208.942278 69.109 -61.9503
3232.195596 68.984 -61.2252
3255.617418 68.929 -60.3070
3279.208964 68.954 -59.3619
3302.971464 69.057 -58.5724
3326.906156 69.226 -58.1057
3351.014290 69.442 -58.0889
3375.297121 69.680 -58.5956
3399.755915 69.916 -59.6445
3424.391948 70.126 -61.2052
3449.206504 70.288 -63.2041
3474.200876 70.385 -65.5372
3499.376367 70.403 -68.0740
3524.734291 70.333 -70.6597
3550.275969 70.173 -73.1176
3576.002732 69.925 -75.2495
3601.915922 69.601 -76.8444
3628.016889 69.227 -77.6970
3654.306995 68.840 -77.6512
3680.787610 68.493 -76.6606
3707.460115 68.240 -74.8534
3734.325899 68.124 -72.5461
3761.386364 68.161 -70.1671
3788.642920 68.337 -68.1183
3816.096988 68.613 -66.6653
3843.750000 68.947 -65.9132
3871.603397 69.302 -65.8469
3899.658631 69.649 -66.3867
3927.917165 69.971 -67.4319
3956.380472 70.254 -68.8813
3985.050036 70.491 -70.6445
4013.927351 70.677 -72.6394
4043.013923 70.807 -74.7854
4072.311269 70.879 -76.9967
4101.820915 70.893 -79.1777
4131.544400 70.850 -81.2238
4161.483274 70.760 -83.0288
4191.639097 70.635 -84.5000
4222.013442 70.493 -85.5771
4252.607892 70.357 -86.2526
4283.424042 70.246 -86.5845
4314.463498 70.177 -86.6921
4345.727879 70.154 -86.7286
4377.218815 70.174 -86.8398
4408.937947 70.224 -87.1283
4440.886929 70.286 -87.6357
4473.067426 70.347 -88.3501
4505.481116 70.394 -89.2234
4538.129690 70.422 -90.1940
4571.014848 70.426 -91.2013
4604.138306 70.409 -92.1919
4637.501790 70.371 -93.1206
4671.107040 70.315 -93.9467
4704.955807 70.248 -94.6340
4739.049856 70.175 -95.1555
4773.390965 70.108 -95.5022
4807.980924 70.053 -95.6949
4842.821536 70.021 -95.7854
4877.914617 70.015 -95.8506
4913.261997 70.033 -95.9761
4948.865519 70.069 -96.2378
4984.727038 70.112 -96.6841
5020.848425 70.147 -97.3259
5057.231563 70.163 -98.1376
5093.878347 70.148 -99.0608
5130.790689 70.096 -100.0149
5167.970514 70.003 -100.9053
5205.419759 69.872 -101.6309
5243.140376 69.709 -102.0922
5281.134332 69.527 -102.2021
5319.403609 69.344 -101.9033
5357.950200 69.181 -101.1918
5396.776116 69.060 -100.1362
5435.883380 68.995 -98.8741
5475.274032 68.991 -97.5776
5514.950125 69.038 -96.3983
5554.913727 69.119 -95.4215
5595.166922 69.218 -94.6521
5635.711808 69.321 -94.0328
5676.550498 69.424 -93.4819
5717.685123 69.532 -92.9321
5759.117827 69.652 -92.3583
5800.850769 69.796 -91.7910
5842.886124 69.969 -91.3102
5885.226086 70.170 -91.0221
5927.872860 70.389 -91.0260
5970.828671 70.611 -91.3853
6014.095756 70.817 -92.1106
6057.676373 70.987 -93.1553
6101.572794 71.110 -94.4266
6145.787305 71.176 -95.8029
6190.322213 71.185 -97.1565
6235.179840 71.144 -98.3759
6280.362523 71.062 -99.3811
6325.872619 70.953 -100.1328
6371.712500 70.826 -100.6272
6417.884555 70.693 -100.8834
6464.391192 70.557 -100.9270
6511.234836 70.423 -100.7772
6558.417927 70.292 -100.4393
6605.942927 70.166 -99.9060
6653.812313 70.052 -99.1613
6702.028580 69.956 -98.1946
6750.594241 69.889 -97.0195
6799.511830 69.864 -95.6915
6848.783896 69.886 -94.3137
6898.413007 69.956 -93.0184
6948.401751 70.063 -91.9263
6998.752735 70.192 -91.1091
7049.468582 70.324 -90.5718
7100.551937 70.444 -90.2639
7152.005464 70.542 -90.1060
7203.831844 70.617 -90.0106
7256.033779 70.668 -89.9022
7308.613991 70.704 -89.7262
7361.575220 70.731 -89.4554
7414.920229 70.756 -89.0903
7468.651798 70.787 -88.6539
7522.772727 70.827 -88.1832
7577.285840 70.878 -87.7169
7632.193976 70.936 -87.2871
7687.500000 71.000 -86.9182
7743.206794 71.065 -86.6260
7799.317262 71.127 -86.4183
7855.834330 71.181 -86.2921
7912.760944 71.221 -86.2300
7970.100072 71.245 -86.2004
8027.854702 71.248 -86.1614
8086.027847 71.232 -86.0649
8144.622538 71.199 -85.8666
8203.641830 71.154 -85.5322
8263.088801 71.105 -85.0397
8322.966548 71.058 -84.3846
8383.278195 71.021 -83.5812
8444.026884 71.000 -82.6595
8505.215784 70.999 -81.6627
8566.848084 71.020 -80.6420
8628.926996 71.062 -79.6476
8691.455758 71.120 -78.7195
8754.437630 71.189 -77.8799
8817.875894 71.263 -77.1321
8881.773857 71.339 -76.4663
8946.134852 71.414 -75.8684
9010.962233 71.486 -75.3269
9076.259380 71.555 -74.8362
9142.029697 71.620 -74.3931
9208.276612 71.679 -73.9943
9275.003581 71.732 -73.6343
9342.214080 71.779 -73.3075
9409.911614 71.820 -73.0117
9478.099713 71.852 -72.7482
9546.781930 71.874 -72.5182
9615.961848 71.883 -72.3143
9685.643071 71.877 -72.1138
9755.829233 71.855 -71.8787
9826.523994 71.819 -71.5662
9897.731037 71.774 -71.1433
9969.454076 71.727 -70.6023
10041.696850 71.684 -69.9640
10114.463125 71.648 -69.2683
10187.756694 71.619 -68.5552
10261.581379 71.594 -67.8463
10335.941028 71.569 -67.1390
10410.839517 71.542 -66.4169
10486.280752 71.514 -65.6644
10562.268665 71.488 -64.8793
10638.807218 71.463 -64.0710
10715.900400 71.440 -63.2527
10793.552232 71.419 -62.4303
10871.766761 71.399 -61.6028
10950.548064 71.380 -60.7676
11029.900250 71.362 -59.9291
11109.827454 71.346 -59.1003
11190.333843 71.330 -58.2944
11271.423615 71.311 -57.5156
11353.100997 71.289 -56.7540
11435.370247 71.260 -55.9911
11518.235653 71.227 -55.2097
11601.701537 71.190 -54.4036
11685.772249 71.152 -53.5770
11770.452172 71.112 -52.7380
11855.745720 71.071 -51.8911
11941.657341 71.027 -51.0349
12028.191513 70.980 -50.1655
12115.352747 70.929 -49.2788
12203.145587 70.874 -48.3706
12291.574610 70.816 -47.4346
12380.644427 70.754 -46.4602
12470.359680 70.689 -45.4338
12560.725047 70.623 -44.3461
12651.745238 70.561 -43.1952
12743.425000 70.505 -41.9891
12835.769110 70.457 -40.7439
12928.782385 70.420 -39.4812
13022.469671 70.393 -38.2269
13116.835855 70.376 -37.0092
13211.885854 70.366 -35.8521
13307.624625 70.358 -34.7704
13404.057159 70.350 -33.7645
13501.188483 70.335 -32.8221
13599.023660 70.311 -31.9208
13697.567791 70.278 -31.0356
13796.826014 70.236 -30.1434
13896.803503 70.186 -29.2255
13997.505470 70.129 -28.2695
14098.937164 70.069 -27.2727
14201.103875 70.007 -26.2371
14304.010928 69.945 -25.1661
14407.663687 69.882 -24.0596
14512.067557 69.820 -22.9132
14617.227981 69.762 -21.7240
14723.150441 69.709 -20.4939
14829.840458 69.664 -19.2339
14937.303595 69.631 -17.9652
15045.545455 69.609 -16.7194
15154.571679 69.598 -15.5286
15264.387953 69.595 -14.4193
15375.000000 69.596 -13.4061
15486.413588 69.595 -12.4888
15598.634525 69.590 -11.6554
15711.668661 69.578 -10.8867
15825.521888 69.558 -10.1616
15940.200144 69.530 -9.4595
16055.709405 69.496 -8.7638
16172.055694 69.458 -8.0651
16289.245076 69.416 -7.3624
16407.283660 69.374 -6.6600
16526.177601 69.332 -5.9639
16645.933097 69.290 -5.2788
16766.556390 69.248 -4.6069
16888.053769 69.207 -3.9467
17010.431568 69.168 -3.2952
17133.696167 69.133 -2.6536
17257.853993 69.104 -2.0311
17382.911517 69.082 -1.4413
17508.875259 69.070 -0.9025
17635.751787 69.064 -0.4520
17763.547714 69.063 -0.1049
17892.269704 69.066 0.1758
18021.924466 69.073 0.3740
18152.518759 69.086 0.4663
18284.059393 69.103 0.4468
18416.553225 69.123 0.3068
18550.007161 69.146 0.0365
18684.428160 69.170 -0.3750
18819.823228 69.195 -0.9385
18956.199425 69.218 -1.6636
19093.563861 69.238 -2.5576
19231.923695 69.254 -3.6233
19371.286142 69.265 -4.8618
19511.658467 69.268 -6.2745
19653.047987 69.265 -7.8650
19795.462074 69.254 -9.6417
19938.908153 69.234 -11.6252
20083.393701 69.199 -13.7030
20228.926250 69.147 -15.8447
20375.513389 69.083 -18.2018
20523.162758 69.004 -20.7831
20671.882055 68.906 -23.5941
20821.679034 68.785 -26.6351
20972.561504 68.633 -29.8997
21124.537330 68.442 -33.3726
21277.614435 68.201 -37.0284
21431.800801 67.894 -40.8314
21587.104464 67.501 -44.7349
21743.533521 66.996 -48.6843
21901.096129 66.345 -52.6211
22059.800499 65.506 -56.4863
22219.654907 64.423 -60.2263
22380.667686 63.029 -63.7953
22542.847230 61.239 -67.1577
22706.201994 58.947 -70.2899
22870.740494 56.025 -73.1791
23036.471307 52.318 -75.8228
23203.403074 47.645 -78.2268
23371.544498 41.835 -80.4041
23540.904344 34.805 -82.3718
23711.491441 26.684 -84.1504
23883.314682 18.200 -85.7616
