* Measurement data measured by REW V5.40 beta 133
* Source: U18dB [plughw:3,0], Mic (Mic), R, Volume: 1.000. Timing signal peak level -26.8 dBFS, measurement signal peak level -15.1 dBFS
* Format: 512k Log Swept Sine, 1 sweep at -12.0 dBFS using an acoustic timing reference
* Dated: Sep 10, 2026, 11:28:25 AM
* REW Settings:
*  C-weighting compensation: Off
*  Target level: 75.0 dB
* Note: ; 10 sept 2026  Position MLP+20cm TO THE RIGHT 4.180m from front wall  2 screen panels prolongation - new setup DAC level -29dB MIC HEIGHT: 1.000m mic boom arm height: 1.040 -12dBFS OKTO -28dB DELAY -0.0289 ms (-9.9 mm, -0.39 in) using estimated IR delay relative to Acoustic reference played from DAC8STEREO L with no timing offset Clock adjustment: -14.7 ppm
* Measurement: L 120.green.4
* Smoothing: 1/48 octave
* Frequency Step: 96 ppo
* Start Frequency: 15.014648 Hz
*
* Freq(Hz) SPL(dB) Phase(degrees)
15.014648 69.356 -155.4521
15.123451 69.469 -155.9413
15.233042 69.605 -156.4695
15.343426 69.751 -157.0952
15.454611 69.910 -157.8424
15.566602 70.082 -158.6727
15.679404 70.266 -159.6101
15.793023 70.467 -160.6730
15.907466 70.686 -161.8349
16.022738 70.918 -163.0845
16.138845 71.158 -164.4180
16.255794 71.410 -165.8276
16.373590 71.667 -167.2936
16.492240 71.922 -168.8000
16.611750 72.176 -170.3478
16.732125 72.426 -171.9301
16.853373 72.666 -173.5346
16.975500 72.897 -175.1647
17.098511 73.119 -176.8251
17.222414 73.330 -178.5153
17.347215 73.531 179.7610
17.472920 73.723 177.9963
17.599536 73.907 176.1845
17.727069 74.084 174.3192
17.855527 74.254 172.3999
17.984915 74.420 170.4256
18.115241 74.582 168.3862
18.246512 74.740 166.2931
18.378734 74.894 164.1539
18.511914 75.045 161.9534
18.646058 75.191 159.7194
18.781175 75.332 157.4559
18.917272 75.469 155.1506
19.054354 75.599 152.8494
19.192430 75.722 150.5327
19.331506 75.837 148.2147
19.471590 75.941 145.9409
19.612689 76.035 143.6732
19.754811 76.117 141.4583
19.897962 76.187 139.3119
20.042151 76.243 137.2112
20.187385 76.286 135.2030
20.333671 76.315 133.2687
20.481017 76.333 131.4083
20.629431 76.341 129.6339
20.778920 76.340 127.9262
20.929493 76.335 126.2659
21.081157 76.328 124.6586
21.233919 76.323 123.0666
21.387789 76.322 121.4771
21.542774 76.329 119.8848
21.698882 76.345 118.2520
21.856121 76.372 116.5911
22.014499 76.409 114.8818
22.174025 76.456 113.1233
22.334708 76.511 111.3227
22.496554 76.571 109.4717
22.659573 76.633 107.5822
22.823774 76.694 105.6553
22.989164 76.751 103.6891
23.155753 76.800 101.6925
23.323549 76.840 99.6524
23.492562 76.867 97.5822
23.662798 76.880 95.4625
23.834269 76.879 93.3105
24.006982 76.860 91.1068
24.180946 76.825 88.8709
24.356171 76.771 86.5916
24.532666 76.700 84.2866
24.710440 76.611 81.9602
24.889502 76.504 79.6250
25.069862 76.377 77.3018
25.251528 76.231 74.9986
25.434511 76.067 72.7475
25.618820 75.883 70.5549
25.804465 75.679 68.4570
25.991454 75.457 66.4617
26.179799 75.215 64.6016
26.369509 74.954 62.8882
26.560593 74.673 61.3477
26.753062 74.373 59.9956
26.946926 74.054 58.8570
27.142194 73.716 57.9518
27.338878 73.361 57.3120
27.536987 72.993 56.9659
27.736531 72.613 56.9600
27.937521 72.231 57.3319
28.139968 71.855 58.1390
28.343882 71.503 59.4112
28.549273 71.191 61.1781
28.756153 70.943 63.4157
28.964532 70.783 66.0391
29.174421 70.728 68.9398
29.385831 70.791 71.8741
29.598773 70.970 74.6915
29.813258 71.249 77.1370
30.029297 71.607 79.1248
30.246902 72.017 80.5574
30.466083 72.455 81.4374
30.686853 72.901 81.7964
30.909222 73.338 81.6891
31.133203 73.757 81.1836
31.358807 74.153 80.3365
31.586046 74.521 79.2168
31.814932 74.862 77.8590
32.045476 75.177 76.3142
32.277691 75.469 74.6068
32.511588 75.740 72.7559
32.747180 75.990 70.7818
32.984480 76.223 68.6880
33.223499 76.440 66.4767
33.464250 76.639 64.1495
33.706746 76.820 61.7029
33.950999 76.982 59.1303
34.197022 77.123 56.4371
34.444828 77.240 53.6208
34.694429 77.330 50.6796
34.945839 77.389 47.6339
35.199071 77.414 44.4928
35.454138 77.401 41.2740
35.711054 77.346 38.0204
35.969831 77.247 34.7458
36.230483 77.101 31.4659
36.493024 76.905 28.2337
36.757467 76.657 25.0873
37.023827 76.356 22.0596
37.292117 76.000 19.2031
37.562351 75.592 16.5835
37.834543 75.134 14.2501
38.108708 74.628 12.2665
38.384859 74.080 10.7034
38.663012 73.498 9.6194
38.943180 72.892 9.0775
39.225378 72.273 9.1436
39.509622 71.659 9.8684
39.795925 71.070 11.2656
40.084302 70.530 13.3369
40.374770 70.065 16.0402
40.667342 69.698 19.2732
40.962034 69.450 22.8707
41.258862 69.330 26.6282
41.557841 69.337 30.3351
41.858986 69.460 33.8003
42.162313 69.677 36.8813
42.467839 69.966 39.4948
42.775578 70.303 41.6165
43.085548 70.668 43.2704
43.397763 71.046 44.5119
43.712242 71.427 45.4133
44.028998 71.808 46.0512
44.348051 72.187 46.4970
44.669415 72.570 46.8077
44.993108 72.963 47.0156
45.319147 73.375 47.1169
45.647548 73.812 47.0751
45.978329 74.279 46.8276
46.311507 74.775 46.2964
46.647099 75.298 45.4034
46.985123 75.840 44.0822
47.325597 76.391 42.2886
47.668537 76.939 40.0028
48.013963 77.475 37.2286
48.361892 77.988 33.9888
48.712342 78.468 30.3188
49.065332 78.908 26.2616
49.420880 79.300 21.8656
49.779004 79.637 17.1805
50.139723 79.914 12.2543
50.503056 80.128 7.1360
50.869022 80.276 1.8739
51.237640 80.357 -3.4830
51.608929 80.372 -8.8854
51.982909 80.323 -14.2844
52.359598 80.214 -19.6328
52.739018 80.050 -24.8871
53.121186 79.837 -30.0111
53.506124 79.582 -34.9769
53.893852 79.292 -39.7693
54.284389 78.975 -44.3865
54.677756 78.641 -48.8404
55.073973 78.297 -53.1588
55.473062 77.951 -57.3829
55.875043 77.609 -61.5647
56.279936 77.278 -65.7644
56.687764 76.962 -70.0474
57.098547 76.661 -74.4826
57.512306 76.377 -79.1389
57.929064 76.107 -84.0848
58.348842 75.848 -89.3888
58.771662 75.595 -95.1163
59.197546 75.344 -101.3295
59.626515 75.089 -108.0844
60.058594 74.826 -115.4266
60.493803 74.555 -123.3904
60.932166 74.277 -131.9944
61.373706 73.995 -141.2294
61.818445 73.712 -151.0591
62.266407 73.435 -161.4189
62.717615 73.170 -172.2307
63.172093 72.921 176.6077
63.629864 72.693 165.2294
64.090952 72.487 153.7833
64.555381 72.300 142.4088
65.023176 72.124 131.2426
65.494361 71.950 120.4246
65.968960 71.765 110.0714
66.446998 71.554 100.2492
66.928501 71.306 91.0183
67.413492 71.008 82.4188
67.901998 70.650 74.4574
68.394044 70.226 67.1362
68.889655 69.730 60.4521
69.388858 69.153 54.3934
69.891679 68.484 48.9562
70.398142 67.707 44.1588
70.908276 66.791 40.0698
71.422107 65.694 36.8622
71.939661 64.354 34.9259
72.460965 62.687 35.1457
72.986047 60.630 39.6318
73.514934 58.424 53.4689
74.047654 57.541 82.8282
74.584234 59.467 112.2609
75.124702 62.494 126.0043
75.669086 65.291 130.2090
76.217416 67.668 129.9943
76.769719 69.688 127.5319
77.326024 71.422 123.7480
77.886360 72.929 119.1028
78.450757 74.247 113.8409
79.019243 75.402 108.1168
79.591849 76.412 102.0405
80.168605 77.291 95.6971
80.749539 78.047 89.1663
81.334684 78.690 82.5192
81.924068 79.224 75.8169
82.517724 79.659 69.1243
83.115681 80.001 62.4825
83.717972 80.256 55.9330
84.324627 80.433 49.5000
84.935678 80.538 43.1904
85.551157 80.576 37.0085
86.171096 80.551 30.9447
86.795527 80.464 24.9847
87.424483 80.313 19.1173
88.057997 80.096 13.3364
88.696102 79.806 7.6428
89.338830 79.435 2.0509
89.986216 78.976 -3.4055
90.638293 78.417 -8.6754
91.295096 77.746 -13.6848
91.956658 76.952 -18.3296
92.623013 76.021 -22.4637
93.294198 74.938 -25.8814
93.970246 73.687 -28.2841
94.651193 72.257 -29.2127
95.337075 70.649 -27.9339
96.027927 68.922 -23.2857
96.723785 67.283 -13.7341
97.424685 66.208 1.3044
98.130664 66.214 18.5441
98.841760 67.206 32.4583
99.558008 68.625 41.1240
100.279446 70.075 45.6714
101.006112 71.405 47.5475
101.738044 72.586 47.7401
102.475280 73.624 46.8479
103.217858 74.538 45.2305
103.965817 75.347 43.1077
104.719197 76.067 40.6160
105.478035 76.709 37.8399
106.242372 77.282 34.8320
107.012248 77.794 31.6264
107.787703 78.247 28.2474
108.568777 78.643 24.7174
109.355511 78.982 21.0621
110.147947 79.263 17.3110
110.946124 79.487 13.4996
111.750085 79.652 9.6690
112.559873 79.758 5.8659
113.375528 79.808 2.1428
114.197094 79.804 -1.4429
115.024613 79.750 -4.8306
115.858129 79.653 -7.9617
116.697684 79.522 -10.7839
117.543324 79.368 -13.2596
118.395091 79.205 -15.3738
119.253031 79.047 -17.1398
120.117188 78.907 -18.6042
120.987606 78.795 -19.8428
121.864332 78.716 -20.9501
122.747411 78.669 -22.0247
123.636890 78.650 -23.1485
124.532814 78.650 -24.3770
125.435230 78.657 -25.7321
126.344185 78.663 -27.2068
127.259727 78.661 -28.7739
128.181904 78.645 -30.3946
129.110763 78.613 -32.0285
130.046352 78.567 -33.6380
130.988722 78.507 -35.1915
131.937920 78.438 -36.6631
132.893997 78.363 -38.0342
133.857001 78.287 -39.2936
134.826984 78.217 -40.4415
135.803996 78.156 -41.4907
136.788088 78.110 -42.4681
137.779311 78.081 -43.4111
138.777717 78.070 -44.3610
139.783357 78.075 -45.3544
140.796285 78.092 -46.4147
141.816553 78.118 -47.5483
142.844214 78.150 -48.7464
143.879322 78.188 -49.9922
144.921931 78.231 -51.2721
145.972095 78.285 -52.5848
147.029869 78.350 -53.9485
148.095308 78.430 -55.4017
149.168468 78.525 -56.9955
150.249404 78.631 -58.7840
151.338173 78.741 -60.8114
152.434832 78.847 -63.1038
153.539437 78.938 -65.6663
154.652047 79.005 -68.4850
155.772720 79.040 -71.5286
156.901513 79.036 -74.7527
158.038486 78.985 -78.1022
159.183698 78.885 -81.5154
160.337209 78.734 -84.9284
161.499079 78.533 -88.2773
162.669367 78.286 -91.5035
163.848137 77.998 -94.5565
165.035448 77.675 -97.3954
166.231363 77.324 -99.9910
167.435944 76.956 -102.3267
168.649254 76.579 -104.4012
169.871356 76.204 -106.2360
171.102314 75.840 -107.8813
172.342191 75.494 -109.4186
173.591054 75.167 -110.9584
174.848966 74.854 -112.6255
176.115994 74.541 -114.5339
177.392203 74.206 -116.7643
178.677660 73.822 -119.3466
179.972432 73.357 -122.2515
181.276587 72.778 -125.3894
182.590191 72.051 -128.6060
183.913315 71.134 -131.6665
185.246027 69.984 -134.2163
186.588396 68.545 -135.6699
187.940492 66.759 -134.9468
189.302387 64.620 -129.8220
190.674150 62.444 -115.8643
192.055853 61.483 -89.9946
193.447569 62.794 -65.1800
194.849370 65.121 -52.5397
196.261329 67.346 -48.2158
197.683519 69.226 -48.0920
199.116016 70.781 -50.1850
200.558892 72.068 -53.5612
202.012225 73.134 -57.7394
203.476089 74.015 -62.4412
204.950560 74.736 -67.4852
206.435716 75.317 -72.7415
207.931635 75.774 -78.1107
209.438393 76.120 -83.5138
210.956070 76.367 -88.8875
212.484745 76.526 -94.1810
214.024497 76.606 -99.3538
215.575406 76.616 -104.3735
217.137555 76.566 -109.2156
218.711023 76.464 -113.8638
220.295893 76.320 -118.3130
221.892248 76.144 -122.5705
223.500171 75.942 -126.6573
225.119745 75.723 -130.6047
226.751056 75.490 -134.4501
228.394187 75.247 -138.2336
230.049226 74.994 -141.9963
231.716257 74.733 -145.7783
233.395369 74.460 -149.6218
235.086648 74.171 -153.5707
236.790182 73.860 -157.6669
238.506062 73.518 -161.9445
240.234375 73.132 -166.4252
241.975212 72.691 -171.1135
243.728664 72.180 -175.9965
245.494823 71.587 178.9542
247.273780 70.897 173.7761
249.065627 70.097 168.5085
250.870459 69.174 163.1816
252.688370 68.111 157.8042
254.519454 66.886 152.3472
256.363807 65.465 146.7214
258.221525 63.791 140.7388
260.092705 61.771 134.0254
261.977444 59.236 125.7529
263.875840 55.910 113.5439
265.787993 51.681 86.9790
267.714003 49.974 12.1638
269.653969 53.624 -32.8235
271.607992 57.125 -49.4219
273.576176 59.649 -59.5902
275.558622 61.488 -67.4689
277.555433 62.861 -74.1471
279.566714 63.904 -79.9763
281.592570 64.706 -85.0778
283.633106 65.340 -89.5057
285.688428 65.861 -93.3196
287.758644 66.318 -96.6241
289.843862 66.745 -99.5793
291.944190 67.164 -102.3859
294.059738 67.577 -105.2458
296.190616 67.978 -108.3137
298.336935 68.349 -111.6665
300.498808 68.673 -115.3020
302.676346 68.936 -119.1583
304.869664 69.132 -123.1460
307.078875 69.262 -127.1816
309.304095 69.330 -131.2150
311.545440 69.342 -135.2418
313.803027 69.300 -139.3009
316.076973 69.197 -143.4506
318.367397 69.018 -147.7344
320.674418 68.739 -152.1438
322.998157 68.328 -156.5884
325.338735 67.753 -160.8694
327.696273 66.977 -164.6423
330.070896 65.972 -167.3441
332.462726 64.729 -168.0533
334.871888 63.314 -165.2915
337.298507 62.001 -157.1556
339.742711 61.379 -143.3632
342.204627 61.924 -128.7319
344.684383 63.309 -119.0270
347.182108 64.910 -114.9229
349.697933 66.400 -114.6519
352.231988 67.687 -116.6855
354.784406 68.770 -120.0951
357.355320 69.668 -124.3514
359.944864 70.404 -129.1490
362.553173 70.995 -134.2990
365.180383 71.451 -139.6705
367.826630 71.783 -145.1575
370.492054 71.995 -150.6613
373.176792 72.090 -156.0790
375.880985 72.071 -161.2947
378.604773 71.943 -166.1725
381.348300 71.713 -170.5488
384.111707 71.394 -174.2302
386.895138 71.012 -177.0032
389.698740 70.608 -178.6707
392.522658 70.244 -179.1322
395.367039 69.994 -178.4996
398.232031 69.922 -177.1794
401.117785 70.056 -175.8077
404.024450 70.370 -175.0214
406.952177 70.801 -175.2262
409.901120 71.277 -176.5377
412.871433 71.735 -178.8613
415.863270 72.135 177.9965
418.876786 72.450 174.2523
421.912140 72.666 170.1144
424.969489 72.774 165.7760
428.048993 72.773 161.4221
431.150813 72.664 157.2400
434.275109 72.455 153.4236
437.422046 72.160 150.1750
440.591786 71.803 147.6946
443.784496 71.423 146.1483
447.000341 71.071 145.6077
450.239490 70.805 145.9735
453.502111 70.675 146.9291
456.788374 70.699 147.9950
460.098451 70.857 148.6989
463.432514 71.099 148.7505
466.790737 71.370 148.1067
470.173295 71.625 146.9204
473.580365 71.842 145.4414
477.012124 72.019 143.9257
480.468750 72.176 142.5638
483.950425 72.340 141.4326
487.457329 72.541 140.4749
490.989646 72.797 139.5189
494.547559 73.112 138.3423
498.131254 73.471 136.7493
501.740919 73.848 134.6267
505.376740 74.215 131.9589
509.038909 74.550 128.8090
512.727614 74.835 125.2881
516.443050 75.061 121.5254
520.185409 75.227 117.6465
523.954887 75.336 113.7592
527.751680 75.397 109.9453
531.575987 75.420 106.2571
535.428005 75.417 102.7141
539.307937 75.396 99.3041
543.215985 75.367 95.9888
547.152352 75.331 92.7148
551.117243 75.289 89.4291
555.110866 75.236 86.0953
559.133428 75.166 82.7043
563.185140 75.071 79.2734
567.266211 74.951 75.8348
571.376856 74.805 72.4202
575.517288 74.635 69.0454
579.687724 74.445 65.7036
583.888380 74.235 62.3672
588.119476 74.002 58.9979
592.381232 73.741 55.5603
596.673871 73.441 52.0314
600.997615 73.089 48.4094
605.352692 72.669 44.7220
609.739327 72.163 41.0377
614.157750 71.549 37.4821
618.608190 70.810 34.2615
623.090880 69.934 31.6891
627.606053 68.922 30.2124
632.153945 67.807 30.4165
636.734793 66.680 32.9253
641.348836 65.707 38.0443
645.996314 65.095 45.1353
650.677470 64.954 52.4504
655.392547 65.199 58.2046
660.141792 65.627 61.6962
664.925451 66.062 63.1958
669.743775 66.401 63.3312
674.597014 66.604 62.7266
679.485423 66.662 61.9126
684.409254 66.593 61.3306
689.368766 66.431 61.3512
694.364216 66.226 62.2607
699.395865 66.051 64.1969
704.463976 65.985 67.0406
709.568812 66.091 70.3505
714.710640 66.387 73.4706
719.889728 66.833 75.8071
725.106346 67.358 77.0615
730.360766 67.892 77.2573
735.653261 68.384 76.6221
740.984108 68.811 75.4513
746.353584 69.173 74.0125
751.761970 69.484 72.4902
757.209547 69.766 70.9591
762.696599 70.035 69.3860
768.223413 70.303 67.6635
773.790277 70.565 65.6641
779.397480 70.806 63.2944
785.045315 71.006 60.5287
790.734077 71.143 57.4132
796.464062 71.197 54.0536
802.235569 71.155 50.5988
808.048899 71.008 47.2279
813.904354 70.757 44.1460
819.802241 70.408 41.5823
825.742866 69.980 39.7814
831.726539 69.511 38.9750
837.753572 69.057 39.3162
843.824280 68.686 40.7729
849.938979 68.472 43.0308
856.097987 68.451 45.5046
862.301626 68.612 47.5308
868.550219 68.895 48.6202
874.844092 69.222 48.5865
881.183573 69.520 47.5079
887.568992 69.734 45.6282
894.000683 69.828 43.2784
900.478980 69.787 40.8322
907.004222 69.613 38.6888
913.576749 69.329 37.2571
920.196903 68.986 36.9087
926.865029 68.666 37.8715
933.581475 68.469 40.0525
940.346591 68.485 42.9009
947.160730 68.739 45.5277
954.024247 69.179 47.1102
960.937500 69.709 47.2286
967.900849 70.231 45.8824
974.914658 70.672 43.3145
981.979291 70.984 39.8534
989.095118 71.144 35.8340
996.262509 71.135 31.5748
1003.481838 70.953 27.3866
1010.753481 70.599 23.5922
1018.077817 70.085 20.5460
1025.455229 69.436 18.6458
1032.886100 68.704 18.3129
1040.370819 67.976 19.8944
1047.909774 67.381 23.4425
1055.503361 67.052 28.4332
1063.151973 67.065 33.7576
1070.856010 67.384 38.2266
1078.615875 67.890 41.1516
1086.431970 68.459 42.4470
1094.304704 68.998 42.3812
1102.234487 69.456 41.3375
1110.221732 69.807 39.6969
1118.266856 70.049 37.7991
1126.370279 70.190 35.9286
1134.532422 70.253 34.3082
1142.753712 70.267 33.0886
1151.034577 70.265 32.3350
1159.375448 70.281 32.0134
1167.776760 70.344 31.9883
1176.238952 70.471 32.0455
1184.762464 70.662 31.9480
1193.347741 70.899 31.5017
1201.995231 71.157 30.6023
1210.705384 71.409 29.2435
1219.478654 71.632 27.4954
1228.315499 71.814 25.4659
1237.216380 71.950 23.2686
1246.181760 72.038 21.0023
1255.212106 72.083 18.7412
1264.307891 72.093 16.5359
1273.469587 72.072 14.4176
1282.697672 72.028 12.4038
1291.992628 71.968 10.4972
1301.354940 71.898 8.6836
1310.785094 71.824 6.9294
1320.283583 71.746 5.1874
1329.850902 71.663 3.4086
1339.487550 71.568 1.5540
1349.194029 71.454 -0.3940
1358.970845 71.310 -2.4244
1368.818508 71.128 -4.4988
1378.737531 70.902 -6.5577
1388.728432 70.627 -8.5331
1398.791730 70.305 -10.3613
1408.927952 69.934 -11.9899
1419.137625 69.516 -13.3755
1429.421281 69.047 -14.4653
1439.779457 68.523 -15.1715
1450.212692 67.942 -15.3441
1460.721531 67.311 -14.7570
1471.306521 66.653 -13.1250
1481.968215 66.021 -10.1786
1492.707168 65.499 -5.8195
1503.523939 65.181 -0.3201
1514.419093 65.135 5.6151
1525.393198 65.352 11.1118
1536.446826 65.762 15.5470
1547.580553 66.271 18.7438
1558.794960 66.806 20.8588
1570.090631 67.325 22.1819
1581.468155 67.815 22.9921
1592.928125 68.283 23.4883
1604.471139 68.743 23.7668
1616.097798 69.209 23.8265
1627.808709 69.691 23.5946
1639.604482 70.186 22.9674
1651.485732 70.685 21.8516
1663.453078 71.170 20.1969
1675.507145 71.623 18.0094
1687.648560 72.027 15.3450
1699.877958 72.368 12.2947
1712.195974 72.638 8.9668
1724.603252 72.835 5.4717
1737.100438 72.959 1.9119
1749.688184 73.014 -1.6267
1762.367146 73.008 -5.0770
1775.137984 72.947 -8.3925
1788.001366 72.838 -11.5448
1800.957961 72.689 -14.5203
1814.008445 72.503 -17.3147
1827.153498 72.285 -19.9298
1840.393805 72.035 -22.3668
1853.730057 71.755 -24.6217
1867.162949 71.443 -26.6781
1880.693182 71.098 -28.5012
1894.321460 70.719 -30.0334
1908.048494 70.310 -31.1964
1921.875000 69.880 -31.9014
1935.801698 69.442 -32.0684
1949.829316 69.019 -31.6511
1963.958583 68.635 -30.6632
1978.190236 68.315 -29.1967
1992.525018 68.078 -27.4122
2006.963676 67.932 -25.5087
2021.506962 67.870 -23.6724
2036.155634 67.879 -22.0393
2050.910458 67.940 -20.6797
2065.772200 68.036 -19.6058
2080.741637 68.156 -18.7924
2095.819549 68.290 -18.1990
2111.006721 68.437 -17.7917
2126.303946 68.596 -17.5563
2141.712021 68.766 -17.5023
2157.231749 68.947 -17.6587
2172.863940 69.132 -18.0576
2188.609407 69.314 -18.7219
2204.468973 69.484 -19.6550
2220.443464 69.632 -20.8368
2236.533713 69.751 -22.2255
2252.740558 69.834 -23.7648
2269.064845 69.879 -25.3925
2285.507424 69.884 -27.0474
2302.069153 69.851 -28.6736
2318.750895 69.781 -30.2188
2335.553520 69.678 -31.6306
2352.477904 69.546 -32.8555
2369.524928 69.393 -33.8407
2386.695483 69.229 -34.5461
2403.990462 69.066 -34.9569
2421.410768 68.916 -35.0902
2438.957308 68.791 -34.9923
2456.630998 68.697 -34.7260
2474.432759 68.638 -34.3549
2492.363519 68.616 -33.9374
2510.424213 68.630 -33.5255
2528.615781 68.680 -33.1707
2546.939174 68.764 -32.9285
2565.395345 68.878 -32.8579
2583.985257 69.014 -33.0153
2602.709879 69.162 -33.4451
2621.570188 69.311 -34.1710
2640.567166 69.447 -35.1903
2659.701804 69.558 -36.4730
2678.975100 69.632 -37.9637
2698.388058 69.661 -39.5841
2717.941690 69.638 -41.2382
2737.637016 69.563 -42.8146
2757.475062 69.438 -44.1942
2777.456863 69.272 -45.2563
2797.583461 69.080 -45.8926
2817.855904 68.883 -46.0238
2838.275249 68.709 -45.6238
2858.842562 68.587 -44.7386
2879.558913 68.544 -43.4976
2900.425384 68.597 -42.1029
2921.443062 68.750 -40.7950
2942.613043 68.995 -39.8043
2963.936430 69.310 -39.3071
2985.414335 69.667 -39.4045
3007.047878 70.041 -40.1272
3028.838187 70.406 -41.4519
3050.786397 70.743 -43.3229
3072.893653 71.036 -45.6692
3095.161107 71.274 -48.4142
3117.589920 71.446 -51.4794
3140.181262 71.544 -54.7808
3162.936310 71.559 -58.2235
3185.856250 71.485 -61.6962
3208.942278 71.318 -65.0648
3232.195596 71.059 -68.1729
3255.617418 70.713 -70.8420
3279.208964 70.295 -72.8829
3302.971464 69.832 -74.1201
3326.906156 69.362 -74.4320
3351.014290 68.932 -73.8041
3375.297121 68.593 -72.3761
3399.755915 68.382 -70.4474
3424.391948 68.312 -68.4058
3449.206504 68.371 -66.6113
3474.200876 68.526 -65.3081
3499.376367 68.739 -64.6012
3524.734291 68.976 -64.4891
3550.275969 69.212 -64.9116
3576.002732 69.426 -65.7850
3601.915922 69.607 -67.0203
3628.016889 69.744 -68.5305
3654.306995 69.833 -70.2307
3680.787610 69.867 -72.0348
3707.460115 69.843 -73.8505
3734.325899 69.761 -75.5745
3761.386364 69.622 -77.0894
3788.642920 69.436 -78.2655
3816.096988 69.214 -78.9701
3843.750000 68.981 -79.0907
3871.603397 68.769 -78.5687
3899.658631 68.614 -77.4413
3927.917165 68.553 -75.8694
3956.380472 68.607 -74.1259
3985.050036 68.778 -72.5336
4013.927351 69.047 -71.3765
4043.013923 69.381 -70.8347
4072.311269 69.745 -70.9689
4101.820915 70.105 -71.7462
4131.544400 70.438 -73.0790
4161.483274 70.728 -74.8585
4191.639097 70.965 -76.9766
4222.013442 71.142 -79.3351
4252.607892 71.255 -81.8458
4283.424042 71.304 -84.4238
4314.463498 71.284 -86.9783
4345.727879 71.199 -89.4052
4377.218815 71.051 -91.5868
4408.937947 70.850 -93.4001
4440.886929 70.615 -94.7350
4473.067426 70.368 -95.5231
4505.481116 70.140 -95.7686
4538.129690 69.957 -95.5677
4571.014848 69.838 -95.1007
4604.138306 69.789 -94.5881
4637.501790 69.798 -94.2285
4671.107040 69.844 -94.1458
4704.955807 69.904 -94.3711
4739.049856 69.956 -94.8579
4773.390965 69.987 -95.5161
4807.980924 69.992 -96.2477
4842.821536 69.971 -96.9692
4877.914617 69.928 -97.6193
4913.261997 69.867 -98.1536
4948.865519 69.796 -98.5366
4984.727038 69.721 -98.7378
5020.848425 69.654 -98.7419
5057.231563 69.607 -98.5686
5093.878347 69.592 -98.2880
5130.790689 69.614 -98.0209
5167.970514 69.670 -97.9098
5205.419759 69.743 -98.0754
5243.140376 69.811 -98.5736
5281.134332 69.849 -99.3719
5319.403609 69.834 -100.3534
5357.950200 69.755 -101.3368
5396.776116 69.611 -102.1077
5435.883380 69.416 -102.4543
5475.274032 69.196 -102.2118
5514.950125 68.991 -101.3096
5554.913727 68.839 -99.8116
5595.166922 68.776 -97.9227
5635.711808 68.816 -95.9391
5676.550498 68.951 -94.1606
5717.685123 69.157 -92.8070
5759.117827 69.398 -91.9773
5800.850769 69.645 -91.6558
5842.886124 69.871 -91.7438
5885.226086 70.062 -92.0989
5927.872860 70.217 -92.5712
5970.828671 70.342 -93.0411
6014.095756 70.450 -93.4489
6057.676373 70.554 -93.8055
6101.572794 70.664 -94.1841
6145.787305 70.778 -94.6823
6190.322213 70.886 -95.3793
6235.179840 70.974 -96.3007
6280.362523 71.025 -97.4082
6325.872619 71.028 -98.6116
6371.712500 70.976 -99.7904
6417.884555 70.871 -100.8185
6464.391192 70.722 -101.5819
6511.234836 70.542 -101.9955
6558.417927 70.347 -102.0138
6605.942927 70.157 -101.6399
6653.812313 69.986 -100.9237
6702.028580 69.845 -99.9482
6750.594241 69.739 -98.8029
6799.511830 69.668 -97.5548
6848.783896 69.628 -96.2386
6898.413007 69.619 -94.8663
6948.401751 69.644 -93.4524
6998.752735 69.708 -92.0383
7049.468582 69.812 -90.6993
7100.551937 69.953 -89.5294
7152.005464 70.121 -88.6158
7203.831844 70.302 -88.0110
7256.033779 70.479 -87.7202
7308.613991 70.637 -87.7037
7361.575220 70.765 -87.8878
7414.920229 70.855 -88.1780
7468.651798 70.908 -88.4745
7522.772727 70.928 -88.6866
7577.285840 70.924 -88.7467
7632.193976 70.908 -88.6222
7687.500000 70.891 -88.3221
7743.206794 70.884 -87.8909
7799.317262 70.889 -87.3938
7855.834330 70.908 -86.8948
7912.760944 70.935 -86.4388
7970.100072 70.965 -86.0427
8027.854702 70.991 -85.6975
8086.027847 71.010 -85.3784
8144.622538 71.020 -85.0599
8203.641830 71.020 -84.7239
8263.088801 71.013 -84.3569
8322.966548 70.997 -83.9436
8383.278195 70.972 -83.4596
8444.026884 70.941 -82.8705
8505.215784 70.909 -82.1431
8566.848084 70.885 -81.2618
8628.926996 70.877 -80.2437
8691.455758 70.894 -79.1401
8754.437630 70.939 -78.0265
8817.875894 71.011 -76.9810
8881.773857 71.101 -76.0635
8946.134852 71.202 -75.3048
9010.962233 71.306 -74.7070
9076.259380 71.403 -74.2512
9142.029697 71.490 -73.9089
9208.276612 71.562 -73.6492
9275.003581 71.619 -73.4418
9342.214080 71.660 -73.2581
9409.911614 71.685 -73.0707
9478.099713 71.696 -72.8556
9546.781930 71.696 -72.5959
9615.961848 71.687 -72.2845
9685.643071 71.672 -71.9231
9755.829233 71.654 -71.5183
9826.523994 71.632 -71.0785
9897.731037 71.606 -70.6085
9969.454076 71.577 -70.1097
10041.696850 71.544 -69.5787
10114.463125 71.507 -69.0092
10187.756694 71.467 -68.3936
10261.581379 71.424 -67.7261
10335.941028 71.380 -67.0037
10410.839517 71.338 -66.2286
10486.280752 71.298 -65.4075
10562.268665 71.262 -64.5488
10638.807218 71.231 -63.6616
10715.900400 71.205 -62.7557
10793.552232 71.186 -61.8444
10871.766761 71.173 -60.9462
10950.548064 71.164 -60.0808
11029.900250 71.158 -59.2620
11109.827454 71.149 -58.4916
11190.333843 71.134 -57.7566
11271.423615 71.112 -57.0354
11353.100997 71.083 -56.3042
11435.370247 71.047 -55.5438
11518.235653 71.008 -54.7443
11601.701537 70.967 -53.9067
11685.772249 70.928 -53.0406
11770.452172 70.888 -52.1614
11855.745720 70.850 -51.2830
11941.657341 70.810 -50.4128
12028.191513 70.766 -49.5480
12115.352747 70.717 -48.6748
12203.145587 70.661 -47.7729
12291.574610 70.600 -46.8240
12380.644427 70.538 -45.8175
12470.359680 70.475 -44.7521
12560.725047 70.415 -43.6344
12651.745238 70.359 -42.4747
12743.425000 70.309 -41.2831
12835.769110 70.263 -40.0687
12928.782385 70.225 -38.8401
13022.469671 70.194 -37.6079
13116.835855 70.171 -36.3883
13211.885854 70.156 -35.2024
13307.624625 70.146 -34.0737
13404.057159 70.140 -33.0212
13501.188483 70.130 -32.0524
13599.023660 70.114 -31.1576
13697.567791 70.088 -30.3129
13796.826014 70.048 -29.4854
13896.803503 69.996 -28.6394
13997.505470 69.933 -27.7446
14098.937164 69.863 -26.7819
14201.103875 69.790 -25.7444
14304.010928 69.718 -24.6364
14407.663687 69.649 -23.4703
14512.067557 69.586 -22.2618
14617.227981 69.530 -21.0277
14723.150441 69.481 -19.7810
14829.840458 69.439 -18.5312
14937.303595 69.405 -17.2882
15045.545455 69.379 -16.0634
15154.571679 69.361 -14.8706
15264.387953 69.351 -13.7277
15375.000000 69.348 -12.6561
15486.413588 69.349 -11.6749
15598.634525 69.349 -10.7937
15711.668661 69.343 -10.0073
15825.521888 69.329 -9.2948
15940.200144 69.304 -8.6262
16055.709405 69.268 -7.9716
16172.055694 69.225 -7.3094
16289.245076 69.176 -6.6311
16407.283660 69.126 -5.9396
16526.177601 69.076 -5.2435
16645.933097 69.027 -4.5536
16766.556390 68.980 -3.8785
16888.053769 68.935 -3.2229
17010.431568 68.893 -2.5878
17133.696167 68.853 -1.9750
17257.853993 68.818 -1.3889
17382.911517 68.789 -0.8342
17508.875259 68.768 -0.3201
17635.751787 68.753 0.1207
17763.547714 68.744 0.4712
17892.269704 68.740 0.7617
18021.924466 68.742 0.9695
18152.518759 68.751 1.0667
18284.059393 68.764 1.0458
18416.553225 68.780 0.9009
18550.007161 68.797 0.6260
18684.428160 68.817 0.2140
18819.823228 68.837 -0.3433
18956.199425 68.856 -1.0562
19093.563861 68.873 -1.9352
19231.923695 68.888 -2.9873
19371.286142 68.897 -4.2174
19511.658467 68.901 -5.6278
19653.047987 68.896 -7.2205
19795.462074 68.883 -9.0006
19938.908153 68.862 -10.9856
20083.393701 68.823 -13.0614
20228.926250 68.768 -15.1979
20375.513389 68.701 -17.5483
20523.162758 68.618 -20.1226
20671.882055 68.517 -22.9266
20821.679034 68.392 -25.9606
20972.561504 68.236 -29.2177
21124.537330 68.041 -32.6827
21277.614435 67.796 -36.3311
21431.800801 67.485 -40.1276
21587.104464 67.089 -44.0271
21743.533521 66.580 -47.9762
21901.096129 65.927 -51.9166
22059.800499 65.085 -55.7899
22219.654907 64.000 -59.5408
22380.667686 62.603 -63.1226
22542.847230 60.810 -66.4991
22706.201994 58.517 -69.6455
22870.740494 55.594 -72.5491
23036.471307 51.885 -75.2070
23203.403074 47.211 -77.6256
23371.544498 41.401 -79.8176
23540.904344 34.369 -81.8000
23711.491441 26.248 -83.5934
23883.314682 17.764 -85.2185
