* Measurement data measured by REW V5.40 beta 133
* Source: Frequency response averaged data
* Format: Averaged data produced from the rms magnitudes of L 120.green, L 120.green.1, L 120.green.2, L 120.green.3, L 120.green.4
* Dated: Sep 10, 2026, 1:23:21 PM
* REW Settings:
*  C-weighting compensation: Off
*  Target level: 75.0 dB
* Note: ; Averaged data produced from the rms magnitudes of L 120.green, L 120.green.1, L 120.green.2, L 120.green.3, L 120.green.4
* Measurement: L.SP
* Smoothing: 1/48 octave
* Frequency Step: 96 ppo
* Start Frequency: 15.12345 Hz
*
* Freq(Hz) SPL(dB)
15.123450 68.832
15.233041 68.996
15.343426 69.205
15.454611 69.430
15.566601 69.665
15.679403 69.906
15.793023 70.148
15.907465 70.392
16.022737 70.634
16.138845 70.870
16.255794 71.100
16.373590 71.324
16.492239 71.538
16.611749 71.744
16.732125 71.942
16.853372 72.133
16.975499 72.316
17.098510 72.494
17.222413 72.667
17.347214 72.837
17.472919 73.004
17.599535 73.168
17.727069 73.331
17.855526 73.491
17.984915 73.649
18.115241 73.805
18.246511 73.958
18.378733 74.105
18.511913 74.247
18.646058 74.382
18.781175 74.510
18.917271 74.629
19.054353 74.739
19.192429 74.839
19.331505 74.928
19.471589 75.006
19.612689 75.073
19.754810 75.129
19.897962 75.175
20.042150 75.212
20.187384 75.242
20.333670 75.266
20.481016 75.286
20.629430 75.307
20.778920 75.328
20.929492 75.355
21.081156 75.387
21.233919 75.427
21.387788 75.476
21.542773 75.532
21.698881 75.596
21.856120 75.665
22.014499 75.738
22.174025 75.814
22.334707 75.889
22.496553 75.962
22.659573 76.032
22.823773 76.096
22.989164 76.155
23.155753 76.206
23.323549 76.250
23.492561 76.285
23.662798 76.312
23.834268 76.327
24.006981 76.331
24.180945 76.322
24.356170 76.298
24.532665 76.259
24.710439 76.201
24.889501 76.125
25.069861 76.028
25.251527 75.909
25.434510 75.766
25.618819 75.600
25.804464 75.408
25.991454 75.191
26.179798 74.947
26.369508 74.676
26.560592 74.378
26.753061 74.053
26.946925 73.700
27.142193 73.322
27.338877 72.918
27.536986 72.494
27.736530 72.054
27.937520 71.610
28.139967 71.175
28.343881 70.774
28.549272 70.433
28.756152 70.188
28.964531 70.070
29.174420 70.101
29.385830 70.285
29.598772 70.605
29.813257 71.028
30.029296 71.518
30.246901 72.039
30.466082 72.564
30.686852 73.074
30.909221 73.555
31.133202 74.002
31.358806 74.411
31.586045 74.782
31.814931 75.117
32.045475 75.419
32.277690 75.691
32.511587 75.937
32.747179 76.158
32.984479 76.358
33.223498 76.539
33.464249 76.700
33.706745 76.841
33.950998 76.962
34.197021 77.061
34.444827 77.134
34.694428 77.181
34.945838 77.196
35.199070 77.178
35.454137 77.120
35.711052 77.023
35.969829 76.882
36.230482 76.696
36.493023 76.462
36.757466 76.180
37.023826 75.848
37.292116 75.467
37.562350 75.039
37.834542 74.568
38.108707 74.057
38.384858 73.513
38.663011 72.945
38.943179 72.363
39.225377 71.780
39.509620 71.210
39.795923 70.672
40.084301 70.184
40.374768 69.764
40.667341 69.429
40.962033 69.193
41.258861 69.061
41.557839 69.031
41.858985 69.098
42.162312 69.246
42.467838 69.459
42.775577 69.723
43.085546 70.021
43.397762 70.346
43.712240 70.691
44.028997 71.055
44.348049 71.441
44.669414 71.855
44.993107 72.302
45.319145 72.787
45.647546 73.312
45.978327 73.871
46.311505 74.458
46.647097 75.061
46.985122 75.669
47.325595 76.268
47.668536 76.846
48.013962 77.394
48.361891 77.903
48.712341 78.365
49.065331 78.776
49.420878 79.129
49.779002 79.421
50.139721 79.648
50.503055 79.810
50.869021 79.905
51.237638 79.934
51.608927 79.899
51.982907 79.802
52.359597 79.648
52.739016 79.441
53.121184 79.188
53.506122 78.894
53.893850 78.566
54.284387 78.212
54.677754 77.840
55.073972 77.456
55.473060 77.068
55.875041 76.682
56.279934 76.302
56.687762 75.932
57.098545 75.574
57.512305 75.227
57.929062 74.891
58.348840 74.562
58.771660 74.239
59.197544 73.918
59.626514 73.595
60.058592 73.270
60.493801 72.944
60.932164 72.620
61.373704 72.306
61.818443 72.008
62.266405 71.738
62.717613 71.504
63.172091 71.311
63.629862 71.162
64.090950 71.051
64.555379 70.968
65.023174 70.901
65.494359 70.833
65.968958 70.750
66.446996 70.638
66.928498 70.484
67.413490 70.280
67.901996 70.018
68.394042 69.693
68.889653 69.299
69.388856 68.831
69.891676 68.283
70.398140 67.649
70.908274 66.923
71.422105 66.108
71.939659 65.229
72.460963 64.366
72.986045 63.703
73.514932 63.529
74.047652 64.070
74.584231 65.253
75.124699 66.787
75.669084 68.412
76.217413 69.988
76.769716 71.459
77.326021 72.807
77.886357 74.032
78.450754 75.137
79.019241 76.128
79.591847 77.008
80.168602 77.782
80.749537 78.453
81.334681 79.023
81.924066 79.499
82.517721 79.884
83.115679 80.184
83.717969 80.406
84.324624 80.556
84.935675 80.642
85.551154 80.668
86.171093 80.638
86.795524 80.556
87.424480 80.421
88.057994 80.233
88.696099 79.989
89.338827 79.685
89.986213 79.318
90.638290 78.885
91.295093 78.384
91.956655 77.813
92.623010 77.178
93.294195 76.489
93.970243 75.762
94.651190 75.028
95.337072 74.331
96.027924 73.728
96.723781 73.282
97.424682 73.045
98.130661 73.035
98.841756 73.230
99.558005 73.578
100.279443 74.018
101.006109 74.495
101.738041 74.968
102.475277 75.410
103.217855 75.805
103.965814 76.147
104.719193 76.434
105.478032 76.669
106.242369 76.860
107.012245 77.016
107.787700 77.146
108.568774 77.259
109.355508 77.360
110.147943 77.451
110.946120 77.531
111.750082 77.598
112.559869 77.645
113.375524 77.671
114.197090 77.672
115.024609 77.651
115.858125 77.611
116.697681 77.558
117.543320 77.501
118.395087 77.447
119.253027 77.405
120.117184 77.376
120.987602 77.359
121.864328 77.350
122.747407 77.342
123.636886 77.324
124.532810 77.291
125.435226 77.236
126.344181 77.157
127.259723 77.056
128.181899 76.940
129.110758 76.816
130.046348 76.696
130.988718 76.591
131.937916 76.513
132.893992 76.467
133.856997 76.458
134.826980 76.484
135.803992 76.539
136.788084 76.615
137.779306 76.700
138.777712 76.782
139.783353 76.851
140.796280 76.898
141.816548 76.918
142.844209 76.910
143.879317 76.876
144.921926 76.823
145.972090 76.760
147.029864 76.700
148.095303 76.651
149.168463 76.622
150.249399 76.618
151.338168 76.636
152.434827 76.671
153.539432 76.716
154.652042 76.761
155.772715 76.796
156.901508 76.812
158.038481 76.798
159.183693 76.748
160.337204 76.655
161.499073 76.513
162.669362 76.320
163.848131 76.074
165.035443 75.773
166.231357 75.418
167.435938 75.014
168.649248 74.566
169.871350 74.081
171.102308 73.569
172.342186 73.040
173.591048 72.502
174.848961 71.959
176.115988 71.409
177.392197 70.846
178.677654 70.263
179.972426 69.661
181.276581 69.058
182.590185 68.510
183.913309 68.114
185.246021 67.995
186.588390 68.243
187.940486 68.847
189.302381 69.701
190.674144 70.671
192.055847 71.655
193.447563 72.591
194.849364 73.448
196.261322 74.217
197.683513 74.893
199.116009 75.477
200.558886 75.973
202.012218 76.383
203.476082 76.709
204.950554 76.955
206.435710 77.124
207.931628 77.221
209.438386 77.252
210.956063 77.223
212.484738 77.140
214.024490 77.009
215.575399 76.836
217.137548 76.628
218.711016 76.389
220.295886 76.126
221.892241 75.841
223.500163 75.540
225.119738 75.224
226.751048 74.896
228.394180 74.557
230.049218 74.211
231.716250 73.858
233.395361 73.502
235.086640 73.144
236.790175 72.783
238.506054 72.416
240.234367 72.033
241.975204 71.624
243.728657 71.178
245.494815 70.683
247.273771 70.127
249.065619 69.504
250.870451 68.808
252.688362 68.038
254.519446 67.195
256.363799 66.286
258.221517 65.330
260.092696 64.372
261.977435 63.507
263.875832 62.892
265.787985 62.703
267.713994 63.014
269.653960 63.721
271.607984 64.628
273.576167 65.565
275.558613 66.433
277.555424 67.188
279.566705 67.815
281.592561 68.320
283.633096 68.713
285.688419 69.010
287.758635 69.226
289.843852 69.375
291.944181 69.467
294.059728 69.509
296.190606 69.503
298.336926 69.447
300.498798 69.337
302.676336 69.171
304.869654 68.949
307.078865 68.672
309.304085 68.348
311.545430 67.984
313.803016 67.590
316.076962 67.176
318.367386 66.752
320.674408 66.329
322.998147 65.928
325.338724 65.583
327.696263 65.340
330.070885 65.258
332.462715 65.380
334.871877 65.717
337.298496 66.233
339.742700 66.863
342.204616 67.540
344.684372 68.207
347.182097 68.828
349.697921 69.382
352.231977 69.859
354.784395 70.255
357.355309 70.570
359.944853 70.806
362.553161 70.965
365.180371 71.051
367.826618 71.070
370.492042 71.031
373.176780 70.944
375.880973 70.829
378.604761 70.705
381.348287 70.599
384.111694 70.535
386.895126 70.535
389.698727 70.611
392.522645 70.764
395.367026 70.981
398.232018 71.241
401.117772 71.518
404.024436 71.784
406.952164 72.016
409.901107 72.194
412.871420 72.304
415.863256 72.335
418.876773 72.282
421.912126 72.143
424.969476 71.922
428.048980 71.624
431.150799 71.258
434.275095 70.842
437.422032 70.397
440.591772 69.956
443.784482 69.560
447.000327 69.258
450.239476 69.091
453.502096 69.088
456.788360 69.243
460.098436 69.524
463.432499 69.886
466.790722 70.281
470.173280 70.678
473.580350 71.060
477.012108 71.425
480.468734 71.780
483.950409 72.136
487.457313 72.498
490.989630 72.869
494.547543 73.242
498.131238 73.604
501.740903 73.939
505.376724 74.232
509.038892 74.474
512.727598 74.656
516.443033 74.775
520.185392 74.832
523.954870 74.832
527.751663 74.781
531.575969 74.686
535.427988 74.555
539.307920 74.397
543.215967 74.220
547.152334 74.028
551.117225 73.828
555.110848 73.624
559.133410 73.423
563.185121 73.231
567.266193 73.056
571.376838 72.907
575.517270 72.787
579.687705 72.698
583.888361 72.635
588.119457 72.588
592.381213 72.545
596.673851 72.492
600.997596 72.414
605.352672 72.301
609.739307 72.143
614.157730 71.937
618.608170 71.680
623.090860 71.377
627.606033 71.031
632.153925 70.650
636.734773 70.240
641.348815 69.807
645.996293 69.359
650.677449 68.903
655.392526 68.448
660.141770 68.009
664.925430 67.602
669.743753 67.251
674.596993 66.983
679.485401 66.827
684.409232 66.805
689.368743 66.925
694.364193 67.175
699.395843 67.525
704.463953 67.939
709.568789 68.377
714.710617 68.806
719.889705 69.200
725.106323 69.540
730.360742 69.816
735.653237 70.023
740.984084 70.163
746.353560 70.243
751.761945 70.273
757.209522 70.268
762.696574 70.243
768.223388 70.212
773.790252 70.185
779.397455 70.173
785.045290 70.176
790.734052 70.196
796.464037 70.229
802.235543 70.270
808.048873 70.314
813.904328 70.357
819.802214 70.393
825.742839 70.417
831.726512 70.422
837.753545 70.401
843.824253 70.349
849.938951 70.264
856.097959 70.147
862.301598 70.005
868.550191 69.847
874.844063 69.684
881.183544 69.522
887.568963 69.367
894.000654 69.220
900.478951 69.079
907.004193 68.945
913.576719 68.824
920.196873 68.725
926.864999 68.661
933.581444 68.644
940.346560 68.680
947.160699 68.763
954.024216 68.880
960.937469 69.011
967.900818 69.132
974.914626 69.222
981.979259 69.265
989.095086 69.251
996.262477 69.174
1003.481805 69.036
1010.753448 68.846
1018.077784 68.620
1025.455196 68.385
1032.886067 68.174
1040.370785 68.022
1047.909740 67.956
1055.503326 67.989
1063.151939 68.111
1070.855976 68.296
1078.615840 68.513
1086.431935 68.730
1094.304668 68.926
1102.234451 69.091
1110.221696 69.225
1118.266820 69.336
1126.370243 69.443
1134.532386 69.566
1142.753675 69.724
1151.034539 69.930
1159.375410 70.182
1167.776722 70.470
1176.238914 70.773
1184.762426 71.069
1193.347703 71.335
1201.995192 71.555
1210.705345 71.720
1219.478615 71.828
1228.315459 71.883
1237.216340 71.897
1246.181719 71.884
1255.212066 71.858
1264.307850 71.832
1273.469546 71.814
1282.697631 71.806
1291.992587 71.805
1301.354897 71.808
1310.785051 71.807
1320.283540 71.797
1329.850859 71.773
1339.487507 71.729
1349.193985 71.661
1358.970801 71.564
1368.818464 71.435
1378.737487 71.269
1388.728387 71.061
1398.791685 70.805
1408.927906 70.497
1419.137579 70.129
1429.421235 69.700
1439.779410 69.209
1450.212645 68.664
1460.721484 68.080
1471.306474 67.491
1481.968167 66.941
1492.707119 66.490
1503.523890 66.194
1514.419044 66.094
1525.393149 66.195
1536.446776 66.467
1547.580503 66.864
1558.794909 67.340
1570.090580 67.853
1581.468104 68.376
1592.928073 68.887
1604.471087 69.376
1616.097746 69.835
1627.808656 70.262
1639.604429 70.657
1651.485678 71.020
1663.453024 71.353
1675.507091 71.657
1687.648506 71.930
1699.877902 72.171
1712.195918 72.378
1724.603196 72.546
1737.100382 72.674
1749.688127 72.759
1762.367088 72.802
1775.137927 72.802
1788.001308 72.761
1800.957903 72.683
1814.008386 72.570
1827.153438 72.426
1840.393745 72.253
1853.729997 72.053
1867.162889 71.828
1880.693121 71.577
1894.321398 71.301
1908.048432 70.998
1921.874938 70.670
1935.801636 70.316
1949.829252 69.938
1963.958519 69.538
1978.190172 69.122
1992.524953 68.700
2006.963611 68.284
2021.506896 67.894
2036.155568 67.550
2050.910391 67.277
2065.772133 67.096
2080.741570 67.023
2095.819481 67.063
2111.006653 67.207
2126.303877 67.437
2141.711952 67.728
2157.231679 68.050
2172.863869 68.380
2188.609336 68.695
2204.468902 68.981
2220.443392 69.224
2236.533640 69.417
2252.740485 69.559
2269.064771 69.647
2285.507350 69.683
2302.069078 69.669
2318.750820 69.612
2335.553444 69.519
2352.477827 69.397
2369.524851 69.259
2386.695405 69.117
2403.990384 68.982
2421.410689 68.867
2438.957229 68.780
2456.630919 68.729
2474.432679 68.716
2492.363438 68.743
2510.424131 68.806
2528.615699 68.897
2546.939091 69.006
2565.395262 69.122
2583.985173 69.232
2602.709795 69.326
2621.570103 69.393
2640.567081 69.427
2659.701718 69.426
2678.975013 69.390
2698.387971 69.324
2717.941602 69.235
2737.636927 69.137
2757.474973 69.043
2777.456773 68.965
2797.583370 68.919
2817.855812 68.912
2838.275157 68.950
2858.842469 69.033
2879.558820 69.156
2900.425290 69.311
2921.442968 69.489
2942.612948 69.680
2963.936334 69.876
2985.414238 70.068
3007.047781 70.249
3028.838089 70.410
3050.786298 70.545
3072.893553 70.646
3095.161006 70.708
3117.589819 70.724
3140.181160 70.690
3162.936207 70.603
3185.856147 70.463
3208.942174 70.273
3232.195491 70.040
3255.617312 69.777
3279.208857 69.502
3302.971357 69.237
3326.906049 69.006
3351.014181 68.830
3375.297011 68.725
3399.755805 68.692
3424.391837 68.722
3449.206392 68.799
3474.200763 68.904
3499.376254 69.016
3524.734177 69.121
3550.275854 69.208
3576.002616 69.270
3601.915805 69.306
3628.016772 69.318
3654.306877 69.308
3680.787491 69.282
3707.459994 69.244
3734.325778 69.200
3761.386242 69.156
3788.642797 69.119
3816.096864 69.094
3843.749875 69.090
3871.603271 69.115
3899.658505 69.172
3927.917038 69.265
3956.380344 69.391
3985.049907 69.544
4013.927221 69.715
4043.013792 69.895
4072.311137 70.072
4101.820782 70.236
4131.544266 70.378
4161.483139 70.493
4191.638962 70.576
4222.013305 70.624
4252.607754 70.636
4283.423903 70.612
4314.463358 70.555
4345.727738 70.469
4377.218673 70.361
4408.937804 70.239
4440.886785 70.115
4473.067281 70.001
4505.480970 69.906
4538.129543 69.841
4571.014700 69.810
4604.138157 69.813
4637.501640 69.843
4671.106889 69.891
4704.955655 69.946
4739.049703 69.996
4773.390810 70.030
4807.980768 70.041
4842.821379 70.027
4877.914459 69.988
4913.261838 69.929
4948.865358 69.859
4984.726877 69.786
5020.848262 69.721
5057.231399 69.670
5093.878182 69.636
5130.790523 69.614
5167.970346 69.598
5205.419590 69.575
5243.140206 69.533
5281.134161 69.464
5319.403436 69.363
5357.950026 69.233
5396.775941 69.085
5435.883204 68.936
5475.273855 68.808
5514.949946 68.726
5554.913547 68.708
5595.166740 68.765
5635.711625 68.892
5676.550314 69.077
5717.684938 69.298
5759.117640 69.533
5800.850581 69.764
5842.885935 69.979
5885.225895 70.169
5927.872668 70.334
5970.828477 70.473
6014.095561 70.587
6057.676177 70.678
6101.572596 70.743
6145.787106 70.783
6190.322013 70.792
6235.179638 70.770
6280.362320 70.715
6325.872414 70.628
6371.712293 70.513
6417.884347 70.379
6464.390983 70.234
6511.234625 70.092
6558.417715 69.966
6605.942713 69.865
6653.812097 69.795
6702.028362 69.757
6750.594023 69.746
6799.511610 69.756
6848.783674 69.783
6898.412783 69.821
6948.401526 69.870
6998.752508 69.931
7049.468354 70.002
7100.551707 70.084
7152.005232 70.174
7203.831610 70.266
7256.033544 70.355
7308.613754 70.435
7361.574982 70.502
7414.919989 70.556
7468.651556 70.599
7522.772483 70.636
7577.285594 70.671
7632.193729 70.709
7687.499751 70.749
7743.206543 70.791
7799.317010 70.829
7855.834076 70.858
7912.760688 70.874
7970.099813 70.876
8027.854442 70.865
8086.027585 70.844
8144.622274 70.820
8203.641564 70.798
8263.088533 70.783
8322.966279 70.775
8383.277923 70.773
8444.026611 70.776
8505.215508 70.784
8566.847806 70.800
8628.926717 70.825
8691.455477 70.863
8754.437346 70.915
8817.875608 70.981
8881.773569 71.056
8946.134562 71.135
9010.961941 71.215
9076.259085 71.291
9142.029400 71.360
9208.276314 71.421
9275.003280 71.472
9342.213777 71.513
9409.911309 71.543
9478.099405 71.561
9546.781621 71.569
9615.961536 71.565
9685.642757 71.552
9755.828917 71.531
9826.523675 71.503
9897.730716 71.469
9969.453753 71.433
10041.696525 71.397
10114.462797 71.362
10187.756364 71.329
10261.581046 71.299
10335.940693 71.272
10410.839180 71.246
10486.280412 71.221
10562.268322 71.197
10638.806873 71.174
10715.900053 71.153
10793.551882 71.135
10871.766408 71.121
10950.547709 71.109
11029.899892 71.099
11109.827094 71.087
11190.333480 71.071
11271.423250 71.048
11353.100629 71.018
11435.369876 70.981
11518.235280 70.940
11601.701161 70.897
11685.771870 70.854
11770.451790 70.813
11855.745336 70.772
11941.656954 70.732
12028.191123 70.690
12115.352354 70.644
12203.145191 70.593
12291.574212 70.537
12380.644026 70.476
12470.359276 70.413
12560.724640 70.350
12651.744828 70.293
12743.424587 70.243
12835.768694 70.203
12928.781965 70.174
13022.469249 70.154
13116.835429 70.139
13211.885426 70.128
13307.624194 70.116
13404.056725 70.101
13501.188045 70.080
13599.023219 70.050
13697.567347 70.012
13796.825567 69.965
13896.803052 69.912
13997.505016 69.852
14098.936707 69.789
14201.103415 69.723
14304.010464 69.659
14407.663220 69.596
14512.067087 69.535
14617.227507 69.480
14723.149963 69.430
14829.839977 69.388
14937.303111 69.354
15045.544967 69.329
15154.571188 69.311
15264.387458 69.299
15374.999502 69.290
15486.413086 69.282
15598.634019 69.270
15711.668151 69.253
15825.521375 69.230
15940.199627 69.200
16055.708884 69.165
16172.055169 69.128
16289.244548 69.090
16407.283129 69.052
16526.177066 69.015
16645.932557 68.980
16766.555846 68.946
16888.053221 68.914
17010.431017 68.885
17133.695612 68.860
17257.853433 68.840
17382.910953 68.827
17508.874692 68.822
17635.751215 68.824
17763.547139 68.831
17892.269124 68.843
18021.923881 68.860
18152.518171 68.882
18284.058800 68.908
18416.552628 68.936
18550.006560 68.965
18684.427554 68.994
18819.822618 69.022
18956.198811 69.048
19093.563242 69.069
19231.923072 69.085
19371.285514 69.095
19511.657834 69.099
19653.047350 69.096
19795.461433 69.085
19938.907506 69.065
20083.393050 69.031
20228.925594 68.982
20375.512728 68.919
20523.162093 68.840
20671.881385 68.741
20821.678359 68.619
20972.560824 68.465
21124.536645 68.272
21277.613745 68.029
21431.800106 67.720
21587.103764 67.327
21743.532817 66.824
21901.095419 66.179
22059.799784 65.353
22219.654187 64.296
22380.666961 62.946
22542.846499 61.231
22706.201258 59.066
22870.739752 56.350
23036.470560 52.974
23203.402322 48.830
23371.543740 43.835
23540.903581 37.968
23711.490672 31.304
23883.313908 24.195
24056.382246 19.666
