* Measurement data measured by REW V5.40 beta 135
* Source: Frequency response averaged data
* Format: Averaged data produced from the rms magnitudes of SUM.C, LR.1, LR.2, LR.3, LR.4
* Dated: Sep 11, 2026, 4:02:13 PM
* REW Settings:
*  C-weighting compensation: Off
*  Target level: 75.0 dB
* Note: ; Averaged data produced from the rms magnitudes of SUM.C, LR.1, LR.2, LR.3, LR.4
* Measurement: LR-SP
* Smoothing: 1/48 octave
* Frequency Step: 96 ppo
* Start Frequency: 15.12345 Hz
*
* Freq(Hz) SPL(dB)
15.123450 68.757
15.233041 68.953
15.343426 69.196
15.454611 69.452
15.566601 69.715
15.679403 69.978
15.793023 70.235
15.907465 70.487
16.022737 70.731
16.138845 70.965
16.255794 71.187
16.373590 71.400
16.492239 71.601
16.611749 71.792
16.732125 71.974
16.853372 72.148
16.975499 72.314
17.098510 72.475
17.222413 72.631
17.347214 72.784
17.472919 72.934
17.599535 73.081
17.727069 73.227
17.855526 73.371
17.984915 73.512
18.115241 73.652
18.246511 73.789
18.378733 73.921
18.511913 74.048
18.646058 74.169
18.781175 74.284
18.917271 74.391
19.054353 74.489
19.192429 74.578
19.331505 74.658
19.471589 74.728
19.612689 74.788
19.754810 74.839
19.897962 74.883
20.042150 74.921
20.187384 74.954
20.333670 74.983
20.481016 75.012
20.629430 75.043
20.778920 75.078
20.929492 75.118
21.081156 75.166
21.233919 75.223
21.387788 75.288
21.542773 75.361
21.698881 75.441
21.856120 75.528
22.014499 75.619
22.174025 75.713
22.334707 75.807
22.496553 75.900
22.659573 75.991
22.823773 76.078
22.989164 76.160
23.155753 76.237
23.323549 76.308
23.492561 76.373
23.662798 76.431
23.834268 76.483
24.006981 76.528
24.180945 76.565
24.356170 76.594
24.532665 76.614
24.710439 76.626
24.889501 76.627
25.069861 76.619
25.251527 76.599
25.434510 76.569
25.618819 76.528
25.804464 76.477
25.991454 76.416
26.179798 76.345
26.369508 76.265
26.560592 76.177
26.753061 76.079
26.946925 75.973
27.142193 75.855
27.338877 75.726
27.536986 75.582
27.736530 75.420
27.937520 75.238
28.139967 75.033
28.343881 74.802
28.549272 74.545
28.756152 74.261
28.964531 73.952
29.174420 73.621
29.385830 73.277
29.598772 72.927
29.813257 72.583
30.029296 72.260
30.246901 71.972
30.466082 71.734
30.686852 71.557
30.909221 71.450
31.133202 71.413
31.358806 71.444
31.586045 71.533
31.814931 71.670
32.045475 71.842
32.277690 72.040
32.511587 72.251
32.747179 72.469
32.984479 72.685
33.223498 72.893
33.464249 73.089
33.706745 73.269
33.950998 73.428
34.197021 73.564
34.444827 73.672
34.694428 73.749
34.945838 73.793
35.199070 73.800
35.454137 73.767
35.711052 73.694
35.969829 73.579
36.230482 73.420
36.493023 73.219
36.757466 72.975
37.023826 72.690
37.292116 72.366
37.562350 72.006
37.834542 71.615
38.108707 71.198
38.384858 70.762
38.663011 70.317
38.943179 69.871
39.225377 69.435
39.509620 69.023
39.795923 68.648
40.084301 68.324
40.374768 68.063
40.667341 67.878
40.962033 67.774
41.258861 67.754
41.557839 67.812
41.858985 67.940
42.162312 68.122
42.467838 68.342
42.775577 68.582
43.085546 68.827
43.397762 69.060
43.712240 69.270
44.028997 69.448
44.348049 69.586
44.669414 69.680
44.993107 69.727
45.319145 69.726
45.647546 69.681
45.978327 69.595
46.311505 69.475
46.647097 69.333
46.985122 69.183
47.325595 69.041
47.668536 68.926
48.013962 68.854
48.361891 68.838
48.712341 68.885
49.065331 68.991
49.420878 69.146
49.779002 69.332
50.139721 69.532
50.503055 69.728
50.869021 69.904
51.237638 70.048
51.608927 70.153
51.982907 70.210
52.359597 70.218
52.739016 70.174
53.121184 70.076
53.506122 69.925
53.893850 69.722
54.284387 69.466
54.677754 69.160
55.073972 68.806
55.473060 68.406
55.875041 67.963
56.279934 67.483
56.687762 66.974
57.098545 66.451
57.512305 65.935
57.929062 65.464
58.348840 65.089
58.771660 64.879
59.197544 64.900
59.626514 65.189
60.058592 65.734
60.493801 66.476
60.932164 67.338
61.373704 68.246
61.818443 69.142
62.266405 69.991
62.717613 70.768
63.172091 71.462
63.629862 72.065
64.090950 72.575
64.555379 72.992
65.023174 73.318
65.494359 73.554
65.968958 73.704
66.446996 73.771
66.928498 73.758
67.413490 73.671
67.901996 73.514
68.394042 73.294
68.889653 73.018
69.388856 72.696
69.891676 72.340
70.398140 71.968
70.908274 71.605
71.422105 71.282
71.939659 71.042
72.460963 70.929
72.986045 70.982
73.514932 71.219
74.047652 71.630
74.584231 72.177
75.124699 72.812
75.669084 73.485
76.217413 74.156
76.769716 74.795
77.326021 75.382
77.886357 75.905
78.450754 76.358
79.019241 76.737
79.591847 77.043
80.168602 77.279
80.749537 77.448
81.334681 77.555
81.924066 77.605
82.517721 77.604
83.115679 77.559
83.717969 77.474
84.324624 77.356
84.935675 77.207
85.551154 77.032
86.171093 76.831
86.795524 76.604
87.424480 76.352
88.057994 76.073
88.696099 75.767
89.338827 75.438
89.986213 75.090
90.638290 74.730
91.295093 74.372
91.956655 74.029
92.623010 73.716
93.294195 73.449
93.970243 73.241
94.651190 73.098
95.337072 73.027
96.027924 73.026
96.723781 73.095
97.424682 73.231
98.130661 73.431
98.841756 73.691
99.558005 74.003
100.279443 74.359
101.006109 74.747
101.738041 75.155
102.475277 75.569
103.217855 75.980
103.965814 76.378
104.719193 76.759
105.478032 77.120
106.242369 77.460
107.012245 77.781
107.787700 78.083
108.568774 78.365
109.355508 78.626
110.147943 78.862
110.946120 79.069
111.750082 79.241
112.559869 79.373
113.375524 79.462
114.197090 79.505
115.024609 79.500
115.858125 79.448
116.697681 79.351
117.543320 79.215
118.395087 79.044
119.253027 78.846
120.117184 78.629
120.987602 78.399
121.864328 78.163
122.747407 77.925
123.636886 77.690
124.532810 77.457
125.435226 77.226
126.344181 76.996
127.259723 76.766
128.181899 76.534
129.110758 76.303
130.046348 76.077
130.988718 75.860
131.937916 75.663
132.893992 75.492
133.856997 75.356
134.826980 75.259
135.803992 75.201
136.788084 75.178
137.779306 75.183
138.777712 75.204
139.783353 75.229
140.796280 75.249
141.816548 75.256
142.844209 75.246
143.879317 75.218
144.921926 75.174
145.972090 75.122
147.029864 75.067
148.095303 75.016
149.168463 74.975
150.249399 74.946
151.338168 74.930
152.434827 74.922
153.539432 74.915
154.652042 74.903
155.772715 74.877
156.901508 74.828
158.038481 74.750
159.183693 74.635
160.337204 74.479
161.499073 74.279
162.669362 74.032
163.848131 73.737
165.035443 73.393
166.231357 72.999
167.435938 72.552
168.649248 72.051
169.871350 71.489
171.102308 70.860
172.342186 70.152
173.591048 69.352
174.848961 68.440
176.115988 67.391
177.392197 66.175
178.677654 64.769
179.972426 63.194
181.276581 61.638
182.590185 60.670
183.913309 61.023
185.246021 62.551
186.588390 64.467
187.940486 66.300
189.302381 67.913
190.674144 69.298
192.055847 70.477
193.447563 71.480
194.849364 72.331
196.261322 73.051
197.683513 73.657
199.116009 74.163
200.558886 74.577
202.012218 74.908
203.476082 75.162
204.950554 75.346
206.435710 75.464
207.931628 75.522
209.438386 75.528
210.956063 75.486
212.484738 75.403
214.024490 75.284
215.575399 75.133
217.137548 74.954
218.711016 74.747
220.295886 74.512
221.892241 74.245
223.500163 73.946
225.119738 73.608
226.751048 73.230
228.394180 72.807
230.049218 72.340
231.716250 71.832
233.395361 71.287
235.086640 70.715
236.790175 70.130
238.506054 69.549
240.234367 68.988
241.975204 68.468
243.728657 68.003
245.494815 67.607
247.273771 67.287
249.065619 67.044
250.870451 66.871
252.688362 66.754
254.519446 66.676
256.363799 66.621
258.221517 66.578
260.092696 66.545
261.977435 66.531
263.875832 66.553
265.787985 66.632
267.713994 66.782
269.653960 67.006
271.607984 67.288
273.576167 67.604
275.558613 67.922
277.555424 68.216
279.566705 68.464
281.592561 68.654
283.633096 68.777
285.688419 68.834
287.758635 68.828
289.843852 68.767
291.944181 68.661
294.059728 68.522
296.190606 68.363
298.336926 68.196
300.498798 68.031
302.676336 67.875
304.869654 67.729
307.078865 67.592
309.304085 67.455
311.545430 67.307
313.803016 67.134
316.076962 66.917
318.367386 66.643
320.674408 66.299
322.998147 65.879
325.338724 65.389
327.696263 64.856
330.070885 64.335
332.462715 63.915
334.871877 63.704
337.298496 63.785
339.742700 64.164
342.204616 64.768
344.684372 65.489
347.182097 66.233
349.697921 66.939
352.231977 67.573
354.784395 68.120
357.355309 68.575
359.944853 68.942
362.553161 69.226
365.180371 69.436
367.826618 69.583
370.492042 69.680
373.176780 69.743
375.880973 69.786
378.604761 69.827
381.348287 69.879
384.111694 69.956
386.895126 70.066
389.698727 70.216
392.522645 70.405
395.367026 70.629
398.232018 70.877
401.117772 71.134
404.024436 71.383
406.952164 71.607
409.901107 71.788
412.871420 71.913
415.863256 71.972
418.876773 71.958
421.912126 71.867
424.969476 71.700
428.048980 71.458
431.150799 71.150
434.275095 70.786
437.422032 70.382
440.591772 69.960
443.784482 69.548
447.000327 69.179
450.239476 68.886
453.502096 68.694
456.788360 68.618
460.098436 68.658
463.432499 68.800
466.790722 69.022
470.173280 69.307
473.580350 69.637
477.012108 70.002
480.468734 70.396
483.950409 70.812
487.457313 71.241
490.989630 71.673
494.547543 72.093
498.131238 72.488
501.740903 72.843
505.376724 73.147
509.038892 73.393
512.727598 73.576
516.443033 73.695
520.185392 73.754
523.954870 73.757
527.751663 73.711
531.575969 73.621
535.427988 73.493
539.307920 73.327
543.215967 73.125
547.152334 72.883
551.117225 72.600
555.110848 72.273
559.133410 71.907
563.185121 71.513
567.266193 71.110
571.376838 70.729
575.517270 70.406
579.687705 70.175
583.888361 70.061
588.119457 70.064
592.381213 70.165
596.673851 70.328
600.997596 70.514
605.352672 70.686
609.739307 70.814
614.157730 70.876
618.608170 70.859
623.090860 70.752
627.606033 70.551
632.153925 70.253
636.734773 69.859
641.348815 69.370
645.996293 68.794
650.677449 68.143
655.392526 67.443
660.141770 66.735
664.925430 66.081
669.743753 65.563
674.596993 65.262
679.485401 65.224
684.409232 65.432
689.368743 65.821
694.364193 66.308
699.395843 66.820
704.463953 67.308
709.568789 67.742
714.710617 68.104
719.889705 68.387
725.106323 68.586
730.360742 68.703
735.653237 68.742
740.984084 68.708
746.353560 68.608
751.761945 68.454
757.209522 68.256
762.696574 68.026
768.223388 67.780
773.790252 67.534
779.397455 67.305
785.045290 67.112
790.734052 66.970
796.464037 66.890
802.235543 66.872
808.048873 66.909
813.904328 66.984
819.802214 67.073
825.742839 67.151
831.726512 67.195
837.753545 67.188
843.824253 67.119
849.938951 66.988
856.097959 66.804
862.301598 66.586
868.550191 66.361
874.844063 66.158
881.183544 66.006
887.568963 65.923
894.000654 65.915
900.478951 65.977
907.004193 66.096
913.576719 66.259
920.196873 66.452
926.864999 66.664
933.581444 66.884
940.346560 67.099
947.160699 67.297
954.024216 67.465
960.937469 67.594
967.900818 67.678
974.914626 67.716
981.979259 67.709
989.095086 67.667
996.262477 67.598
1003.481805 67.513
1010.753448 67.423
1018.077784 67.336
1025.455196 67.259
1032.886067 67.197
1040.370785 67.154
1047.909740 67.132
1055.503326 67.131
1063.151939 67.151
1070.855976 67.188
1078.615840 67.238
1086.431935 67.300
1094.304668 67.372
1102.234451 67.458
1110.221696 67.563
1118.266820 67.696
1126.370243 67.863
1134.532386 68.068
1142.753675 68.312
1151.034539 68.587
1159.375410 68.884
1167.776722 69.189
1176.238914 69.487
1184.762426 69.766
1193.347703 70.013
1201.995192 70.223
1210.705345 70.391
1219.478615 70.517
1228.315459 70.605
1237.216340 70.658
1246.181719 70.683
1255.212066 70.682
1264.307850 70.660
1273.469546 70.616
1282.697631 70.552
1291.992587 70.466
1301.354897 70.356
1310.785051 70.221
1320.283540 70.059
1329.850859 69.867
1339.487507 69.644
1349.193985 69.391
1358.970801 69.105
1368.818464 68.790
1378.737487 68.447
1388.728387 68.079
1398.791685 67.690
1408.927906 67.287
1419.137579 66.881
1429.421235 66.485
1439.779410 66.120
1450.212645 65.809
1460.721484 65.574
1471.306474 65.436
1481.968167 65.406
1492.707119 65.484
1503.523890 65.662
1514.419044 65.920
1525.393149 66.238
1536.446776 66.596
1547.580503 66.977
1558.794909 67.370
1570.090580 67.766
1581.468104 68.161
1592.928073 68.551
1604.471087 68.932
1616.097746 69.301
1627.808656 69.654
1639.604429 69.987
1651.485678 70.298
1663.453024 70.584
1675.507091 70.844
1687.648506 71.074
1699.877902 71.274
1712.195918 71.441
1724.603196 71.572
1737.100382 71.665
1749.688127 71.718
1762.367088 71.730
1775.137927 71.702
1788.001308 71.635
1800.957903 71.531
1814.008386 71.395
1827.153438 71.232
1840.393745 71.046
1853.729997 70.841
1867.162889 70.620
1880.693121 70.384
1894.321398 70.133
1908.048432 69.866
1921.874938 69.583
1935.801636 69.285
1949.829252 68.976
1963.958519 68.662
1978.190172 68.353
1992.524953 68.062
2006.963611 67.803
2021.506896 67.590
2036.155568 67.436
2050.910391 67.351
2065.772133 67.339
2080.741570 67.398
2095.819481 67.519
2111.006653 67.690
2126.303877 67.894
2141.711952 68.117
2157.231679 68.344
2172.863869 68.564
2188.609336 68.767
2204.468902 68.948
2220.443392 69.100
2236.533640 69.219
2252.740485 69.301
2269.064771 69.345
2285.507350 69.347
2302.069078 69.307
2318.750820 69.225
2335.553444 69.100
2352.477827 68.937
2369.524851 68.741
2386.695405 68.521
2403.990384 68.287
2421.410689 68.053
2438.957229 67.833
2456.630919 67.642
2474.432679 67.493
2492.363438 67.395
2510.424131 67.350
2528.615699 67.357
2546.939091 67.406
2565.395262 67.483
2583.985173 67.573
2602.709795 67.662
2621.570103 67.736
2640.567081 67.789
2659.701718 67.816
2678.975013 67.816
2698.387971 67.794
2717.941602 67.754
2737.636927 67.704
2757.474973 67.650
2777.456773 67.603
2797.583370 67.567
2817.855812 67.550
2838.275157 67.553
2858.842469 67.577
2879.558820 67.624
2900.425290 67.689
2921.442968 67.772
2942.612948 67.867
2963.936334 67.970
2985.414238 68.077
3007.047781 68.182
3028.838089 68.279
3050.786298 68.360
3072.893553 68.420
3095.161006 68.452
3117.589819 68.451
3140.181160 68.414
3162.936207 68.342
3185.856147 68.235
3208.942174 68.101
3232.195491 67.948
3255.617312 67.790
3279.208857 67.641
3302.971357 67.518
3326.906049 67.435
3351.014181 67.404
3375.297011 67.427
3399.755805 67.500
3424.391837 67.612
3449.206392 67.748
3474.200763 67.890
3499.376254 68.024
3524.734177 68.136
3550.275854 68.215
3576.002616 68.257
3601.915805 68.260
3628.016772 68.227
3654.306877 68.166
3680.787491 68.085
3707.459994 67.997
3734.325778 67.913
3761.386242 67.845
3788.642797 67.801
3816.096864 67.787
3843.749875 67.804
3871.603271 67.851
3899.658505 67.925
3927.917038 68.020
3956.380344 68.133
3985.049907 68.257
4013.927221 68.386
4043.013792 68.516
4072.311137 68.642
4101.820782 68.760
4131.544266 68.867
4161.483139 68.961
4191.638962 69.042
4222.013305 69.108
4252.607754 69.158
4283.423903 69.191
4314.463358 69.207
4345.727738 69.204
4377.218673 69.181
4408.937804 69.140
4440.886785 69.083
4473.067281 69.013
4505.480970 68.935
4538.129543 68.854
4571.014700 68.776
4604.138157 68.704
4637.501640 68.642
4671.106889 68.591
4704.955655 68.549
4739.049703 68.513
4773.390810 68.478
4807.980768 68.441
4842.821379 68.398
4877.914459 68.348
4913.261838 68.293
4948.865358 68.238
4984.726877 68.188
5020.848262 68.151
5057.231399 68.132
5093.878182 68.130
5130.790523 68.143
5167.970346 68.163
5205.419590 68.179
5243.140206 68.179
5281.134161 68.154
5319.403436 68.100
5357.950026 68.019
5396.775941 67.921
5435.883204 67.820
5475.273855 67.735
5514.949946 67.681
5554.913547 67.670
5595.166740 67.701
5635.711625 67.769
5676.550314 67.859
5717.684938 67.957
5759.117640 68.049
5800.850581 68.126
5842.885935 68.186
5885.225895 68.228
5927.872668 68.259
5970.828477 68.283
6014.095561 68.307
6057.676177 68.333
6101.572596 68.363
6145.787106 68.397
6190.322013 68.431
6235.179638 68.464
6280.362320 68.491
6325.872414 68.508
6371.712293 68.513
6417.884347 68.503
6464.390983 68.479
6511.234625 68.443
6558.417715 68.401
6605.942713 68.359
6653.812097 68.327
6702.028362 68.311
6750.594023 68.316
6799.511610 68.346
6848.783674 68.401
6898.412783 68.482
6948.401526 68.586
6998.752508 68.712
7049.468354 68.858
7100.551707 69.019
7152.005232 69.188
7203.831610 69.358
7256.033544 69.520
7308.613754 69.663
7361.574982 69.780
7414.919989 69.864
7468.651556 69.910
7522.772483 69.917
7577.285594 69.882
7632.193729 69.806
7687.499751 69.687
7743.206543 69.528
7799.317010 69.331
7855.834076 69.099
7912.760688 68.842
7970.099813 68.572
8027.854442 68.302
8086.027585 68.050
8144.622274 67.834
8203.641564 67.668
8263.088533 67.564
8322.966279 67.529
8383.277923 67.561
8444.026611 67.658
8505.215508 67.811
8566.847806 68.010
8628.926717 68.244
8691.455477 68.506
8754.437346 68.786
8817.875608 69.076
8881.773569 69.366
8946.134562 69.649
9010.961941 69.914
9076.259085 70.153
9142.029400 70.358
9208.276314 70.522
9275.003280 70.641
9342.213777 70.710
9409.911309 70.727
9478.099405 70.689
9546.781621 70.596
9615.961536 70.448
9685.642757 70.243
9755.828917 69.984
9826.523675 69.674
9897.730716 69.320
9969.453753 68.934
10041.696525 68.533
10114.462797 68.141
10187.756364 67.785
10261.581046 67.495
10335.940693 67.296
10410.839180 67.204
10486.280412 67.221
10562.268322 67.338
10638.806873 67.535
10715.900053 67.790
10793.551882 68.076
10871.766408 68.373
10950.547709 68.660
11029.899892 68.920
11109.827094 69.141
11190.333480 69.311
11271.423250 69.423
11353.100629 69.473
11435.369876 69.458
11518.235280 69.381
11601.701161 69.244
11685.771870 69.053
11770.451790 68.814
11855.745336 68.536
11941.656954 68.230
12028.191123 67.909
12115.352354 67.591
12203.145191 67.297
12291.574212 67.049
12380.644026 66.866
12470.359276 66.760
12560.724640 66.734
12651.744828 66.780
12743.424587 66.881
12835.768694 67.016
12928.781965 67.164
13022.469249 67.305
13116.835429 67.423
13211.885426 67.506
13307.624194 67.546
13404.056725 67.538
13501.188045 67.482
13599.023219 67.383
13697.567347 67.250
13796.825567 67.097
13896.803052 66.940
13997.505016 66.795
14098.936707 66.674
14201.103415 66.586
14304.010464 66.530
14407.663220 66.498
14512.067087 66.477
14617.227507 66.452
14723.149963 66.407
14829.839977 66.332
14937.303111 66.217
15045.544967 66.061
15154.571188 65.868
15264.387458 65.649
15374.999502 65.422
15486.413086 65.216
15598.634019 65.064
15711.668151 64.997
15825.521375 65.037
15940.199627 65.186
16055.708884 65.424
16172.055169 65.716
16289.244548 66.017
16407.283129 66.287
16526.177066 66.491
16645.932557 66.602
16766.555846 66.600
16888.053221 66.470
17010.431017 66.208
17133.695612 65.814
17257.853433 65.309
17382.910953 64.738
17508.874692 64.188
17635.751215 63.785
17763.547139 63.660
17892.269124 63.875
18021.923881 64.370
18152.518171 65.010
18284.058800 65.659
18416.552628 66.222
18550.006560 66.643
18684.427554 66.891
18819.822618 66.950
18956.198811 66.815
19093.563242 66.489
19231.923072 65.986
19371.285514 65.351
19511.657834 64.673
19653.047350 64.102
19795.461433 63.823
19938.907506 63.942
20083.393050 64.399
20228.925594 65.017
20375.512728 65.622
20523.162093 66.099
20671.881385 66.386
20821.678359 66.454
20972.560824 66.292
21124.536645 65.904
21277.613745 65.308
21431.800106 64.544
21587.103764 63.680
21743.532817 62.807
21901.095419 62.001
22059.799784 61.270
22219.654187 60.526
22380.666961 59.619
22542.846499 58.397
22706.201258 56.730
22870.739752 54.522
23036.470560 51.698
23203.402322 48.204
23371.543740 44.010
23540.903581 39.108
23711.490672 33.523
23883.313908 27.373
24056.382246 21.990
