* Measurement data measured by REW V5.40 beta 133
* Source: Frequency response averaged data
* Format: Averaged data produced from the rms magnitudes of SUM.C, LR.1, LR.2, LR.3, LR.4
* Dated: Sep 10, 2026, 1:25:57 PM
* REW Settings:
*  C-weighting compensation: Off
*  Target level: 75.0 dB
* Note: ; Averaged data produced from the rms magnitudes of SUM.C, LR.1, LR.2, LR.3, LR.4
* Measurement: LR.SP
* Smoothing: 1/48 octave
* Frequency Step: 96 ppo
* Start Frequency: 15.12345 Hz
*
* Freq(Hz) SPL(dB)
15.123450 67.788
15.233041 67.996
15.343426 68.252
15.454611 68.519
15.566601 68.788
15.679403 69.055
15.793023 69.314
15.907465 69.564
16.022737 69.804
16.138845 70.031
16.255794 70.246
16.373590 70.450
16.492239 70.643
16.611749 70.825
16.732125 70.999
16.853372 71.167
16.975499 71.329
17.098510 71.487
17.222413 71.641
17.347214 71.794
17.472919 71.945
17.599535 72.095
17.727069 72.245
17.855526 72.393
17.984915 72.539
18.115241 72.683
18.246511 72.823
18.378733 72.957
18.511913 73.085
18.646058 73.206
18.781175 73.319
18.917271 73.422
19.054353 73.516
19.192429 73.599
19.331505 73.671
19.471589 73.732
19.612689 73.783
19.754810 73.825
19.897962 73.859
20.042150 73.888
20.187384 73.913
20.333670 73.936
20.481016 73.961
20.629430 73.989
20.778920 74.023
20.929492 74.066
21.081156 74.118
21.233919 74.181
21.387788 74.254
21.542773 74.335
21.698881 74.424
21.856120 74.519
22.014499 74.619
22.174025 74.720
22.334707 74.821
22.496553 74.920
22.659573 75.016
22.823773 75.108
22.989164 75.195
23.155753 75.278
23.323549 75.355
23.492561 75.427
23.662798 75.493
23.834268 75.552
24.006981 75.604
24.180945 75.650
24.356170 75.687
24.532665 75.715
24.710439 75.734
24.889501 75.743
25.069861 75.742
25.251527 75.729
25.434510 75.706
25.618819 75.673
25.804464 75.628
25.991454 75.574
26.179798 75.511
26.369508 75.439
26.560592 75.358
26.753061 75.270
26.946925 75.172
27.142193 75.065
27.338877 74.946
27.536986 74.813
27.736530 74.663
27.937520 74.493
28.139967 74.302
28.343881 74.086
28.549272 73.846
28.756152 73.580
28.964531 73.291
29.174420 72.983
29.385830 72.663
29.598772 72.339
29.813257 72.024
30.029296 71.730
30.246901 71.470
30.466082 71.258
30.686852 71.103
30.909221 71.011
31.133202 70.983
31.358806 71.015
31.586045 71.099
31.814931 71.226
32.045475 71.385
32.277690 71.566
32.511587 71.761
32.747179 71.961
32.984479 72.161
33.223498 72.354
33.464249 72.536
33.706745 72.703
33.950998 72.851
34.197021 72.977
34.444827 73.077
34.694428 73.148
34.945838 73.186
35.199070 73.189
35.454137 73.153
35.711052 73.077
35.969829 72.959
36.230482 72.798
36.493023 72.594
36.757466 72.348
37.023826 72.060
37.292116 71.732
37.562350 71.368
37.834542 70.973
38.108707 70.552
38.384858 70.112
38.663011 69.663
38.943179 69.213
39.225377 68.774
39.509620 68.359
39.795923 67.981
40.084301 67.654
40.374768 67.390
40.667341 67.202
40.962033 67.095
41.258861 67.072
41.557839 67.129
41.858985 67.255
42.162312 67.438
42.467838 67.663
42.775577 67.912
43.085546 68.170
43.397762 68.423
43.712240 68.661
44.028997 68.876
44.348049 69.064
44.669414 69.221
44.993107 69.350
45.319145 69.452
45.647546 69.535
45.978327 69.606
46.311505 69.677
46.647097 69.760
46.985122 69.866
47.325595 70.005
47.668536 70.182
48.013962 70.399
48.361891 70.651
48.712341 70.927
49.065331 71.214
49.420878 71.498
49.779002 71.764
50.139721 71.999
50.503055 72.194
50.869021 72.343
51.237638 72.439
51.608927 72.481
51.982907 72.466
52.359597 72.396
52.739016 72.273
53.121184 72.098
53.506122 71.875
53.893850 71.608
54.284387 71.303
54.677754 70.964
55.073972 70.598
55.473060 70.210
55.875041 69.807
56.279934 69.398
56.687762 68.989
57.098545 68.591
57.512305 68.214
57.929062 67.876
58.348840 67.593
58.771660 67.392
59.197544 67.295
59.626514 67.326
60.058592 67.497
60.493801 67.805
60.932164 68.232
61.373704 68.748
61.818443 69.316
62.266405 69.900
62.717613 70.471
63.172091 71.006
63.629862 71.488
64.090950 71.907
64.555379 72.256
65.023174 72.531
65.494359 72.730
65.968958 72.854
66.446996 72.905
66.928498 72.884
67.413490 72.795
67.901996 72.644
68.394042 72.435
68.889653 72.176
69.388856 71.878
69.891676 71.555
70.398140 71.225
70.908274 70.915
71.422105 70.657
71.939659 70.494
72.460963 70.464
72.986045 70.597
73.514932 70.902
74.047652 71.360
74.584231 71.934
75.124699 72.577
75.669084 73.244
76.217413 73.901
76.769716 74.520
77.326021 75.085
77.886357 75.584
78.450754 76.011
79.019241 76.364
79.591847 76.643
80.168602 76.849
80.749537 76.988
81.334681 77.063
81.924066 77.080
82.517721 77.047
83.115679 76.969
83.717969 76.853
84.324624 76.705
84.935675 76.531
85.551154 76.334
86.171093 76.117
86.795524 75.881
87.424480 75.626
88.057994 75.353
88.696099 75.062
89.338827 74.755
89.986213 74.437
90.638290 74.115
91.295093 73.798
91.956655 73.497
92.623010 73.222
93.294195 72.985
93.970243 72.794
94.651190 72.654
95.337072 72.569
96.027924 72.541
96.723781 72.571
97.424682 72.659
98.130661 72.806
98.841756 73.011
99.558005 73.267
100.279443 73.569
101.006109 73.905
101.738041 74.263
102.475277 74.630
103.217855 74.996
103.965814 75.351
104.719193 75.691
105.478032 76.013
106.242369 76.318
107.012245 76.608
107.787700 76.883
108.568774 77.145
109.355508 77.392
110.147943 77.620
110.946120 77.824
111.750082 77.999
112.559869 78.139
113.375524 78.239
114.197090 78.295
115.024609 78.306
115.858125 78.272
116.697681 78.197
117.543320 78.084
118.395087 77.939
119.253027 77.769
120.117184 77.581
120.987602 77.380
121.864328 77.172
122.747407 76.960
123.636886 76.745
124.532810 76.528
125.435226 76.306
126.344181 76.078
127.259723 75.844
128.181899 75.602
129.110758 75.355
130.046348 75.108
130.988718 74.870
131.937916 74.649
132.893992 74.455
133.856997 74.298
134.826980 74.184
135.803992 74.112
136.788084 74.079
137.779306 74.075
138.777712 74.088
139.783353 74.107
140.796280 74.118
141.816548 74.113
142.844209 74.088
143.879317 74.041
144.921926 73.974
145.972090 73.896
147.029864 73.811
148.095303 73.730
149.168463 73.660
150.249399 73.603
151.338168 73.563
152.434827 73.535
153.539432 73.514
154.652042 73.494
155.772715 73.466
156.901508 73.422
158.038481 73.353
159.183693 73.253
160.337204 73.116
161.499073 72.937
162.669362 72.713
163.848131 72.441
165.035443 72.120
166.231357 71.747
167.435938 71.321
168.649248 70.840
169.871350 70.301
171.102308 69.701
172.342186 69.035
173.591048 68.300
174.848961 67.493
176.115988 66.617
177.392197 65.689
178.677654 64.759
179.972426 63.939
181.276581 63.415
182.590185 63.397
183.913309 63.954
185.246021 64.947
186.588390 66.148
187.940486 67.382
189.302381 68.551
190.674144 69.616
192.055847 70.564
193.447563 71.395
194.849364 72.118
196.261322 72.739
197.683513 73.269
199.116009 73.714
200.558886 74.080
202.012218 74.372
203.476082 74.595
204.950554 74.754
206.435710 74.853
207.931628 74.898
209.438386 74.894
210.956063 74.848
212.484738 74.767
214.024490 74.654
215.575399 74.514
217.137548 74.349
218.711016 74.160
220.295886 73.946
221.892241 73.704
223.500163 73.433
225.119738 73.128
226.751048 72.789
228.394180 72.416
230.049218 72.011
231.716250 71.582
233.395361 71.137
235.086640 70.691
236.790175 70.258
238.506054 69.853
240.234367 69.487
241.975204 69.166
243.728657 68.891
245.494815 68.658
247.273771 68.460
249.065619 68.287
250.870451 68.131
252.688362 67.981
254.519446 67.828
256.363799 67.665
258.221517 67.490
260.092696 67.306
261.977435 67.126
263.875832 66.970
265.787985 66.864
267.713994 66.831
269.653960 66.885
271.607984 67.024
273.576167 67.228
275.558613 67.467
277.555424 67.709
279.566705 67.929
281.592561 68.104
283.633096 68.223
285.688419 68.281
287.758635 68.276
289.843852 68.214
291.944181 68.103
294.059728 67.953
296.190606 67.776
298.336926 67.585
300.498798 67.391
302.676336 67.202
304.869654 67.022
307.078865 66.850
309.304085 66.678
311.545430 66.497
313.803016 66.293
316.076962 66.050
318.367386 65.755
320.674408 65.399
322.998147 64.981
325.338724 64.510
327.696263 64.016
330.070885 63.557
332.462715 63.214
334.871877 63.077
337.298496 63.205
339.742700 63.593
342.204616 64.172
344.684372 64.852
347.182097 65.553
349.697921 66.223
352.231977 66.830
354.784395 67.362
357.355309 67.814
359.944853 68.190
362.553161 68.496
365.180371 68.741
367.826618 68.936
370.492042 69.093
373.176780 69.224
375.880973 69.338
378.604761 69.444
381.348287 69.551
384.111694 69.664
386.895126 69.786
389.698727 69.923
392.522645 70.076
395.367026 70.246
398.232018 70.432
401.117772 70.624
404.024436 70.815
406.952164 70.989
409.901107 71.134
412.871420 71.235
415.863256 71.284
418.876773 71.272
421.912126 71.194
424.969476 71.050
428.048980 70.842
431.150799 70.575
434.275095 70.258
437.422032 69.903
440.591772 69.529
443.784482 69.156
447.000327 68.813
450.239476 68.529
453.502096 68.331
456.788360 68.239
460.098436 68.259
463.432499 68.384
466.790722 68.599
470.173280 68.882
473.580350 69.213
477.012108 69.577
480.468734 69.964
483.950409 70.366
487.457313 70.776
490.989630 71.185
494.547543 71.582
498.131238 71.955
501.740903 72.291
505.376724 72.580
509.038892 72.814
512.727598 72.989
516.443033 73.103
520.185392 73.159
523.954870 73.162
527.751663 73.118
531.575969 73.034
535.427988 72.916
539.307920 72.766
543.215967 72.589
547.152334 72.383
551.117225 72.151
555.110848 71.894
559.133410 71.619
563.185121 71.338
567.266193 71.068
571.376838 70.832
575.517270 70.654
579.687705 70.554
583.888361 70.538
588.119457 70.601
592.381213 70.726
596.673851 70.885
600.997596 71.050
605.352672 71.193
609.739307 71.290
614.157730 71.322
618.608170 71.275
623.090860 71.137
627.606033 70.899
632.153925 70.556
636.734773 70.104
641.348815 69.541
645.996293 68.871
650.677449 68.102
655.392526 67.262
660.141770 66.402
664.925430 65.608
669.743753 65.002
674.596993 64.704
679.485401 64.763
684.409232 65.122
689.368743 65.661
694.364193 66.262
699.395843 66.842
704.463953 67.355
709.568789 67.779
714.710617 68.107
719.889705 68.338
725.106323 68.476
730.360742 68.528
735.653237 68.502
740.984084 68.408
746.353560 68.258
751.761945 68.067
757.209522 67.855
762.696574 67.643
768.223388 67.454
773.790252 67.313
779.397455 67.240
785.045290 67.243
790.734052 67.323
796.464037 67.465
802.235543 67.648
808.048873 67.846
813.904328 68.034
819.802214 68.190
825.742839 68.300
831.726512 68.351
837.753545 68.340
843.824253 68.269
849.938951 68.146
856.097959 67.990
862.301598 67.821
868.550191 67.667
874.844063 67.551
881.183544 67.487
887.568963 67.481
894.000654 67.526
900.478951 67.610
907.004193 67.720
913.576719 67.846
920.196873 67.983
926.864999 68.130
933.581444 68.287
940.346560 68.450
947.160699 68.615
954.024216 68.773
960.937469 68.915
967.900818 69.032
974.914626 69.116
981.979259 69.163
989.095086 69.170
996.262477 69.138
1003.481805 69.071
1010.753448 68.973
1018.077784 68.852
1025.455196 68.717
1032.886067 68.578
1040.370785 68.449
1047.909740 68.340
1055.503326 68.260
1063.151939 68.217
1070.855976 68.210
1078.615840 68.239
1086.431935 68.298
1094.304668 68.382
1102.234451 68.490
1110.221696 68.618
1118.266820 68.768
1126.370243 68.940
1134.532386 69.137
1142.753675 69.358
1151.034539 69.600
1159.375410 69.858
1167.776722 70.123
1176.238914 70.384
1184.762426 70.632
1193.347703 70.857
1201.995192 71.050
1210.705345 71.208
1219.478615 71.330
1228.315459 71.417
1237.216340 71.472
1246.181719 71.499
1255.212066 71.502
1264.307850 71.483
1273.469546 71.443
1282.697631 71.380
1291.992587 71.295
1301.354897 71.185
1310.785051 71.049
1320.283540 70.885
1329.850859 70.692
1339.487507 70.467
1349.193985 70.208
1358.970801 69.915
1368.818464 69.586
1378.737487 69.223
1388.728387 68.827
1398.791685 68.401
1408.927906 67.951
1419.137579 67.485
1429.421235 67.018
1439.779410 66.571
1450.212645 66.171
1460.721484 65.850
1471.306474 65.638
1481.968167 65.558
1492.707119 65.617
1503.523890 65.803
1514.419044 66.092
1525.393149 66.452
1536.446776 66.854
1547.580503 67.276
1558.794909 67.706
1570.090580 68.135
1581.468104 68.560
1592.928073 68.978
1604.471087 69.387
1616.097746 69.782
1627.808656 70.157
1639.604429 70.508
1651.485678 70.829
1663.453024 71.115
1675.507091 71.363
1687.648506 71.572
1699.877902 71.740
1712.195918 71.867
1724.603196 71.953
1737.100382 71.999
1749.688127 72.004
1762.367088 71.969
1775.137927 71.897
1788.001308 71.790
1800.957903 71.650
1814.008386 71.482
1827.153438 71.290
1840.393745 71.079
1853.729997 70.852
1867.162889 70.612
1880.693121 70.357
1894.321398 70.088
1908.048432 69.801
1921.874938 69.494
1935.801636 69.166
1949.829252 68.817
1963.958519 68.452
1978.190172 68.075
1992.524953 67.698
2006.963611 67.333
2021.506896 66.998
2036.155568 66.712
2050.910391 66.493
2065.772133 66.356
2080.741570 66.310
2095.819481 66.351
2111.006653 66.467
2126.303877 66.639
2141.711952 66.846
2157.231679 67.067
2172.863869 67.285
2188.609336 67.489
2204.468902 67.669
2220.443392 67.819
2236.533640 67.936
2252.740485 68.018
2269.064771 68.061
2285.507350 68.066
2302.069078 68.029
2318.750820 67.953
2335.553444 67.836
2352.477827 67.684
2369.524851 67.500
2386.695405 67.295
2403.990384 67.080
2421.410689 66.867
2438.957229 66.673
2456.630919 66.511
2474.432679 66.395
2492.363438 66.333
2510.424131 66.327
2528.615699 66.371
2546.939091 66.455
2565.395262 66.564
2583.985173 66.681
2602.709795 66.794
2621.570103 66.892
2640.567081 66.970
2659.701718 67.026
2678.975013 67.062
2698.387971 67.083
2717.941602 67.095
2737.636927 67.104
2757.474973 67.115
2777.456773 67.134
2797.583370 67.163
2817.855812 67.204
2838.275157 67.259
2858.842469 67.326
2879.558820 67.407
2900.425290 67.502
2921.442968 67.611
2942.612948 67.734
2963.936334 67.871
2985.414238 68.019
3007.047781 68.176
3028.838089 68.335
3050.786298 68.490
3072.893553 68.634
3095.161006 68.759
3117.589819 68.859
3140.181160 68.928
3162.936207 68.962
3185.856147 68.961
3208.942174 68.926
3232.195491 68.863
3255.617312 68.781
3279.208857 68.692
3302.971357 68.611
3326.906049 68.555
3351.014181 68.535
3375.297011 68.560
3399.755805 68.629
3424.391837 68.733
3449.206392 68.861
3474.200763 68.995
3499.376254 69.119
3524.734177 69.220
3550.275854 69.287
3576.002616 69.312
3601.915805 69.294
3628.016772 69.233
3654.306877 69.134
3680.787491 69.004
3707.459994 68.855
3734.325778 68.699
3761.386242 68.551
3788.642797 68.425
3816.096864 68.333
3843.749875 68.282
3871.603271 68.276
3899.658505 68.313
3927.917038 68.385
3956.380344 68.483
3985.049907 68.594
4013.927221 68.705
4043.013792 68.804
4072.311137 68.883
4101.820782 68.935
4131.544266 68.956
4161.483139 68.944
4191.638962 68.902
4222.013305 68.830
4252.607754 68.733
4283.423903 68.616
4314.463358 68.483
4345.727738 68.340
4377.218673 68.193
4408.937804 68.046
4440.886785 67.904
4473.067281 67.770
4505.480970 67.645
4538.129543 67.532
4571.014700 67.432
4604.138157 67.347
4637.501640 67.280
4671.106889 67.232
4704.955655 67.205
4739.049703 67.196
4773.390810 67.201
4807.980768 67.214
4842.821379 67.230
4877.914459 67.246
4913.261838 67.262
4948.865358 67.283
4984.726877 67.314
5020.848262 67.364
5057.231399 67.438
5093.878182 67.538
5130.790523 67.663
5167.970346 67.805
5205.419590 67.952
5243.140206 68.094
5281.134161 68.216
5319.403436 68.312
5357.950026 68.377
5396.775941 68.414
5435.883204 68.433
5475.273855 68.446
5514.949946 68.467
5554.913547 68.510
5595.166740 68.581
5635.711625 68.679
5676.550314 68.797
5717.684938 68.925
5759.117640 69.049
5800.850581 69.158
5842.885935 69.247
5885.225895 69.310
5927.872668 69.350
5970.828477 69.368
6014.095561 69.367
6057.676177 69.350
6101.572596 69.317
6145.787106 69.266
6190.322013 69.192
6235.179638 69.094
6280.362320 68.969
6325.872414 68.818
6371.712293 68.645
6417.884347 68.454
6464.390983 68.252
6511.234625 68.048
6558.417715 67.852
6605.942713 67.672
6653.812097 67.517
6702.028362 67.393
6750.594023 67.304
6799.511610 67.253
6848.783674 67.243
6898.412783 67.276
6948.401526 67.352
6998.752508 67.471
7049.468354 67.632
7100.551707 67.830
7152.005232 68.059
7203.831610 68.311
7256.033544 68.574
7308.613754 68.837
7361.574982 69.087
7414.919989 69.315
7468.651556 69.511
7522.772483 69.670
7577.285594 69.790
7632.193729 69.870
7687.499751 69.910
7743.206543 69.912
7799.317010 69.880
7855.834076 69.819
7912.760688 69.735
7970.099813 69.634
8027.854442 69.524
8086.027585 69.409
8144.622274 69.297
8203.641564 69.192
8263.088533 69.096
8322.966279 69.013
8383.277923 68.944
8444.026611 68.890
8505.215508 68.854
8566.847806 68.837
8628.926717 68.839
8691.455477 68.861
8754.437346 68.901
8817.875608 68.956
8881.773569 69.025
8946.134562 69.102
9010.961941 69.183
9076.259085 69.263
9142.029400 69.338
9208.276314 69.402
9275.003280 69.452
9342.213777 69.484
9409.911309 69.498
9478.099405 69.490
9546.781621 69.460
9615.961536 69.408
9685.642757 69.336
9755.828917 69.246
9826.523675 69.144
9897.730716 69.036
9969.453753 68.933
10041.696525 68.845
10114.462797 68.782
10187.756364 68.752
10261.581046 68.755
10335.940693 68.791
10410.839180 68.852
10486.280412 68.932
10562.268322 69.020
10638.806873 69.108
10715.900053 69.188
10793.551882 69.252
10871.766408 69.295
10950.547709 69.308
11029.899892 69.287
11109.827094 69.225
11190.333480 69.116
11271.423250 68.957
11353.100629 68.749
11435.369876 68.494
11518.235280 68.201
11601.701161 67.882
11685.771870 67.557
11770.451790 67.248
11855.745336 66.984
11941.656954 66.791
12028.191123 66.693
12115.352354 66.702
12203.145191 66.812
12291.574212 67.007
12380.644026 67.262
12470.359276 67.546
12560.724640 67.831
12651.744828 68.095
12743.424587 68.318
12835.768694 68.486
12928.781965 68.588
13022.469249 68.615
13116.835429 68.560
13211.885426 68.416
13307.624194 68.178
13404.056725 67.843
13501.188045 67.411
13599.023219 66.893
13697.567347 66.312
13796.825567 65.713
13896.803052 65.165
13997.505016 64.757
14098.936707 64.567
14201.103415 64.629
14304.010464 64.912
14407.663220 65.337
14512.067087 65.817
14617.227507 66.284
14723.149963 66.689
14829.839977 67.005
14937.303111 67.216
15045.544967 67.314
15154.571188 67.295
15264.387458 67.157
15374.999502 66.901
15486.413086 66.533
15598.634019 66.066
15711.668151 65.529
15825.521375 64.972
15940.199627 64.473
16055.708884 64.127
16172.055169 64.015
16289.244548 64.158
16407.283129 64.502
16526.177066 64.954
16645.932557 65.421
16766.555846 65.835
16888.053221 66.153
17010.431017 66.353
17133.695612 66.429
17257.853433 66.384
17382.910953 66.231
17508.874692 65.995
17635.751215 65.711
17763.547139 65.424
17892.269124 65.183
18021.923881 65.032
18152.518171 64.992
18284.058800 65.056
18416.552628 65.190
18550.006560 65.353
18684.427554 65.503
18819.822618 65.612
18956.198811 65.666
19093.563242 65.668
19231.923072 65.633
19371.285514 65.588
19511.657834 65.564
19653.047350 65.588
19795.461433 65.666
19938.907506 65.786
20083.393050 65.914
20228.925594 66.010
20375.512728 66.035
20523.162093 65.958
20671.881385 65.758
20821.678359 65.432
20972.560824 64.997
21124.536645 64.496
21277.613745 63.998
21431.800106 63.583
21587.103764 63.293
21743.532817 63.099
21901.095419 62.899
22059.799784 62.559
22219.654187 61.952
22380.666961 60.971
22542.846499 59.532
22706.201258 57.564
22870.739752 55.010
23036.470560 51.823
23203.402322 47.973
23371.543740 43.448
23540.903581 38.260
23711.490672 32.441
23883.313908 26.104
24056.382246 20.552
