* Measurement data measured by REW V5.40 beta 133
* Source: U18dB [plughw:3,0], Mic (Mic), R, Volume: 1.000. Timing signal peak level -27.2 dBFS, measurement signal peak level -15.4 dBFS
* Format: 512k Log Swept Sine, 1 sweep at -12.0 dBFS using an acoustic timing reference
* Dated: Sep 10, 2026, 11:28:58 AM
* REW Settings:
*  C-weighting compensation: Off
*  Target level: 75.0 dB
* Note: ; 10 sept 2026  Position MLP+20cm TO THE RIGHT 4.180m from front wall  2 screen panels prolongation - new setup DAC level -29dB MIC HEIGHT: 1.000m mic boom arm height: 1.040 -12dBFS OKTO -28dB DELAY -0.4548 ms (-156 mm, -6.14 in) using estimated IR delay relative to Acoustic reference played from DAC8STEREO L with no timing offset Clock adjustment: -14.6 ppm
* Measurement: R 120.green.4
* Smoothing: 1/48 octave
* Frequency Step: 96 ppo
* Start Frequency: 15.014648 Hz
*
* Freq(Hz) SPL(dB) Phase(degrees)
15.014648 67.702 -156.3908
15.123451 67.874 -156.7551
15.233042 68.103 -157.0964
15.343426 68.360 -157.5322
15.454611 68.642 -158.1050
15.566602 68.946 -158.7246
15.679404 69.257 -159.4982
15.793023 69.566 -160.5233
15.907466 69.878 -161.7287
16.022738 70.181 -163.1094
16.138845 70.463 -164.7019
16.255794 70.730 -166.5305
16.373590 70.979 -168.5271
16.492240 71.205 -170.6215
16.611750 71.408 -172.8743
16.732125 71.594 -175.2442
16.853373 71.760 -177.5955
16.975500 71.907 -179.9646
17.098511 72.039 177.6427
17.222414 72.159 175.3518
17.347215 72.267 173.1542
17.472920 72.363 171.0205
17.599536 72.454 169.0077
17.727069 72.538 167.1213
17.855527 72.617 165.3226
17.984915 72.697 163.5932
18.115241 72.777 161.9512
18.246512 72.858 160.3470
18.378734 72.943 158.7288
18.511914 73.032 157.1209
18.646058 73.124 155.4800
18.781175 73.221 153.7689
18.917272 73.322 152.0079
19.054354 73.425 150.1937
19.192430 73.529 148.3076
19.331506 73.634 146.3767
19.471590 73.735 144.4358
19.612689 73.835 142.4601
19.754811 73.930 140.5021
19.897962 74.021 138.5836
20.042151 74.107 136.6898
20.187385 74.189 134.8656
20.333671 74.264 133.1016
20.481017 74.336 131.3952
20.629431 74.405 129.7540
20.778920 74.471 128.1656
20.929493 74.538 126.6075
21.081157 74.605 125.0835
21.233919 74.673 123.5682
21.387789 74.745 122.0473
21.542774 74.820 120.5226
21.698882 74.899 118.9747
21.856121 74.981 117.4080
22.014499 75.066 115.8241
22.174025 75.153 114.2184
22.334708 75.239 112.6010
22.496554 75.323 110.9694
22.659573 75.404 109.3248
22.823774 75.480 107.6667
22.989164 75.550 105.9891
23.155753 75.614 104.2842
23.323549 75.671 102.5451
23.492562 75.723 100.7645
23.662798 75.770 98.9329
23.834269 75.815 97.0560
24.006982 75.859 95.1244
24.180946 75.903 93.1573
24.356171 75.949 91.1541
24.532666 75.996 89.1367
24.710440 76.046 87.1171
24.889502 76.096 85.1086
25.069862 76.147 83.1277
25.251528 76.196 81.1756
25.434511 76.243 79.2605
25.618820 76.286 77.3738
25.804465 76.324 75.5089
25.991454 76.358 73.6500
26.179799 76.387 71.7768
26.369509 76.410 69.8689
26.560593 76.428 67.8976
26.753062 76.439 65.8417
26.946926 76.443 63.6713
27.142194 76.437 61.3714
27.338878 76.419 58.9129
27.536987 76.387 56.3011
27.736531 76.339 53.5076
27.937521 76.269 50.5692
28.139968 76.177 47.4630
28.343882 76.057 44.2537
28.549273 75.909 40.9388
28.756153 75.728 37.5819
28.964532 75.513 34.2248
29.174421 75.262 30.9002
29.385831 74.974 27.6931
29.598773 74.648 24.6161
29.813258 74.287 21.7578
30.029297 73.891 19.1334
30.246902 73.464 16.8115
30.466083 73.012 14.8062
30.686853 72.539 13.1760
30.909222 72.057 11.9113
31.133203 71.575 11.0472
31.358807 71.105 10.5747
31.586046 70.659 10.4526
31.814932 70.247 10.6834
32.045476 69.881 11.1617
32.277691 69.567 11.8390
32.511588 69.309 12.6373
32.747180 69.106 13.4386
32.984480 68.954 14.1821
33.223499 68.845 14.7832
33.464250 68.768 15.1758
33.706746 68.712 15.3290
33.950999 68.665 15.2083
34.197022 68.615 14.8155
34.444828 68.552 14.1570
34.694429 68.469 13.2460
34.945839 68.357 12.1282
35.199071 68.212 10.8375
35.454138 68.029 9.4236
35.711054 67.809 7.9622
35.969831 67.551 6.4982
36.230483 67.258 5.0872
36.493024 66.933 3.8105
36.757467 66.582 2.7256
37.023827 66.209 1.8857
37.292117 65.822 1.3440
37.562351 65.431 1.1222
37.834543 65.045 1.2287
38.108708 64.671 1.6615
38.384859 64.320 2.3914
38.663012 63.999 3.3763
38.943180 63.715 4.5869
39.225378 63.472 5.9890
39.509622 63.278 7.5465
39.795925 63.136 9.2257
40.084302 63.052 10.9894
40.374770 63.031 12.7853
40.667342 63.077 14.5466
40.962034 63.189 16.1889
41.258862 63.366 17.6084
41.557841 63.597 18.6978
41.858986 63.872 19.3551
42.162313 64.173 19.4891
42.467839 64.484 19.0209
42.775578 64.786 17.8774
43.085548 65.061 16.0041
43.397763 65.295 13.3571
43.712242 65.479 9.8924
44.028998 65.609 5.5622
44.348051 65.684 0.3127
44.669415 65.710 -5.9131
44.993108 65.696 -13.1658
45.319147 65.656 -21.4924
45.647548 65.613 -30.9292
45.978329 65.594 -41.4856
46.311507 65.631 -53.1176
46.647099 65.762 -65.6917
46.985123 66.019 -78.9556
47.325597 66.418 -92.5449
47.668537 66.952 -106.0494
48.013963 67.588 -119.1162
48.361892 68.284 -131.5286
48.712342 68.991 -143.2219
49.065332 69.672 -154.2471
49.420880 70.300 -164.7112
49.779004 70.858 -174.7328
50.139723 71.339 175.5872
50.503056 71.741 166.1843
50.869022 72.062 157.0290
51.237640 72.304 148.1237
51.608929 72.464 139.4928
51.982909 72.543 131.1749
52.359598 72.536 123.2171
52.739018 72.445 115.6720
53.121186 72.268 108.5971
53.506124 72.005 102.0582
53.893852 71.657 96.1291
54.284389 71.230 90.8937
54.677756 70.729 86.4473
55.073973 70.161 82.8955
55.473062 69.538 80.3558
55.875043 68.875 78.9595
56.279936 68.198 78.8492
56.687764 67.542 80.1659
57.098547 66.961 83.0100
57.512306 66.527 87.3607
57.929064 66.320 92.9598
58.348842 66.409 99.2318
58.771662 66.810 105.3759
59.197546 67.481 110.6292
59.626515 68.339 114.5071
60.058594 69.298 116.8522
60.493803 70.285 117.7396
60.932166 71.253 117.3494
61.373706 72.169 115.8847
61.818445 73.013 113.5410
62.266407 73.774 110.4946
62.717615 74.444 106.8972
63.172093 75.022 102.8776
63.629864 75.505 98.5515
64.090952 75.894 94.0242
64.555381 76.191 89.3853
65.023176 76.399 84.7175
65.494361 76.520 80.1101
65.968960 76.559 75.6496
66.446998 76.518 71.4095
66.928501 76.402 67.4757
67.413492 76.217 63.9362
67.901998 75.969 60.8722
68.394044 75.670 58.3710
68.889655 75.332 56.5198
69.388858 74.973 55.4001
69.891679 74.617 55.0800
70.398142 74.297 55.5944
70.908276 74.049 56.9250
71.422107 73.915 58.9455
71.939661 73.933 61.4133
72.460965 74.124 63.9726
72.986047 74.483 66.2125
73.514934 74.985 67.7868
74.047654 75.588 68.4473
74.584234 76.243 68.1016
75.124702 76.909 66.7498
75.669086 77.552 64.4700
76.217416 78.144 61.3698
76.769719 78.668 57.5659
77.326024 79.107 53.1824
77.886360 79.454 48.3279
78.450757 79.698 43.1224
79.019243 79.835 37.6634
79.591849 79.860 32.0691
80.168605 79.769 26.4343
80.749539 79.562 20.8749
81.334684 79.236 15.4949
81.924068 78.794 10.4039
82.517724 78.237 5.7222
83.115681 77.567 1.5698
83.717972 76.789 -1.9123
84.324627 75.908 -4.5637
84.935678 74.931 -6.1811
85.551157 73.874 -6.5072
86.171096 72.765 -5.2047
86.795527 71.660 -1.8612
87.424483 70.669 3.8870
88.057997 69.962 12.0201
88.696102 69.718 21.6494
89.338830 70.006 31.0328
89.986216 70.713 38.5425
90.638293 71.642 43.5211
91.295096 72.623 46.1400
91.956658 73.556 46.8896
92.623013 74.391 46.2726
93.294198 75.111 44.7098
93.970246 75.710 42.5317
94.651193 76.195 39.9962
95.337075 76.574 37.3073
96.027927 76.860 34.6293
96.723785 77.066 32.0951
97.424685 77.209 29.8080
98.130664 77.307 27.8401
98.841760 77.382 26.2285
99.558008 77.452 24.9681
100.279446 77.538 24.0092
101.006112 77.654 23.2604
101.738044 77.811 22.6027
102.475280 78.010 21.9110
103.217858 78.249 21.0751
103.965817 78.518 20.0150
104.719197 78.808 18.6848
105.478035 79.108 17.0673
106.242372 79.409 15.1633
107.012248 79.705 12.9816
107.787703 79.992 10.5303
108.568777 80.266 7.8145
109.355511 80.521 4.8381
110.147947 80.753 1.6061
110.946124 80.958 -1.8712
111.750085 81.128 -5.5750
112.559873 81.258 -9.4780
113.375528 81.342 -13.5444
114.197094 81.375 -17.7321
115.024613 81.354 -21.9933
115.858129 81.274 -26.2787
116.697684 81.134 -30.5366
117.543324 80.934 -34.7143
118.395091 80.674 -38.7597
119.253031 80.357 -42.6207
120.117188 79.986 -46.2445
120.987606 79.565 -49.5791
121.864332 79.101 -52.5742
122.747411 78.601 -55.1835
123.636890 78.075 -57.3696
124.532814 77.536 -59.1118
125.435230 76.994 -60.4076
126.344185 76.462 -61.2759
127.259727 75.949 -61.7490
128.181904 75.461 -61.8622
129.110763 75.005 -61.6456
130.046352 74.585 -61.1202
130.988722 74.211 -60.3054
131.937920 73.891 -59.2353
132.893997 73.637 -57.9753
133.857001 73.457 -56.6317
134.826984 73.354 -55.3424
135.803996 73.323 -54.2514
136.788088 73.351 -53.4798
137.779311 73.420 -53.1010
138.777717 73.510 -53.1349
139.783357 73.604 -53.5546
140.796285 73.688 -54.3001
141.816553 73.755 -55.2959
142.844214 73.800 -56.4662
143.879322 73.825 -57.7463
144.921931 73.834 -59.0917
145.972095 73.832 -60.4815
147.029869 73.826 -61.9188
148.095308 73.820 -63.4274
149.168468 73.818 -65.0460
150.249404 73.820 -66.8218
151.338173 73.823 -68.8016
152.434832 73.822 -71.0263
153.539437 73.809 -73.5244
154.652047 73.776 -76.3095
155.772720 73.713 -79.3782
156.901513 73.611 -82.7104
158.038486 73.461 -86.2716
159.183698 73.259 -90.0190
160.337209 73.000 -93.9083
161.499079 72.685 -97.9011
162.669367 72.315 -101.9749
163.848137 71.895 -106.1304
165.035448 71.427 -110.4001
166.231363 70.915 -114.8519
167.435944 70.361 -119.5894
168.649254 69.763 -124.7502
169.871356 69.115 -130.5063
171.102314 68.414 -137.0648
172.342191 67.655 -144.6809
173.591054 66.842 -153.6736
174.848966 66.003 -164.4399
176.115994 65.197 -177.4148
177.392203 64.546 167.1016
178.677660 64.215 149.3296
179.972432 64.346 130.3765
181.276587 64.946 111.9081
182.590191 65.876 95.1875
183.913315 66.957 80.5907
185.246027 68.053 67.8967
186.588396 69.086 56.7129
187.940492 70.018 46.6851
189.302387 70.836 37.5532
190.674150 71.538 29.1443
192.055853 72.130 21.3464
193.447569 72.621 14.0851
194.849370 73.023 7.3042
196.261329 73.347 0.9528
197.683519 73.605 -5.0204
199.116016 73.806 -10.6680
200.558892 73.958 -16.0410
202.012225 74.064 -21.1851
203.476089 74.127 -26.1353
204.950560 74.148 -30.9138
206.435716 74.126 -35.5325
207.931635 74.062 -39.9941
209.438393 73.956 -44.2958
210.956070 73.809 -48.4318
212.484745 73.620 -52.3977
214.024497 73.393 -56.1925
215.575406 73.125 -59.8181
217.137555 72.815 -63.2761
218.711023 72.460 -66.5612
220.295893 72.053 -69.6521
221.892248 71.586 -72.5015
223.500171 71.051 -75.0234
225.119745 70.442 -77.0800
226.751056 69.754 -78.4641
228.394187 68.997 -78.8887
230.049226 68.200 -77.9880
231.716257 67.430 -75.3801
233.395369 66.800 -70.8607
235.086648 66.457 -64.7458
236.790182 66.509 -58.0844
238.506062 66.946 -52.2686
240.234375 67.646 -48.2671
241.975212 68.463 -46.3184
243.728664 69.283 -46.1826
245.494823 70.042 -47.4706
247.273780 70.709 -49.8148
249.065627 71.270 -52.9176
250.870459 71.724 -56.5485
252.688370 72.074 -60.5281
254.519454 72.323 -64.7128
256.363807 72.479 -68.9833
258.221525 72.551 -73.2412
260.092705 72.548 -77.4076
261.977444 72.480 -81.4258
263.875840 72.358 -85.2645
265.787993 72.193 -88.9187
267.714003 71.990 -92.4047
269.653969 71.754 -95.7507
271.607992 71.485 -98.9839
273.576176 71.181 -102.1183
275.558622 70.835 -105.1466
277.555433 70.441 -108.0409
279.566714 69.995 -110.7538
281.592570 69.490 -113.2189
283.633106 68.922 -115.3452
285.688428 68.289 -117.0060
287.758644 67.591 -118.0201
289.843862 66.842 -118.1399
291.944190 66.073 -117.0673
294.059738 65.349 -114.5365
296.190616 64.769 -110.4993
298.336935 64.439 -105.3658
300.498808 64.424 -100.0476
302.676346 64.694 -95.5791
304.869664 65.149 -92.6163
307.078875 65.673 -91.2893
309.304095 66.179 -91.3895
311.545440 66.613 -92.5950
313.803027 66.944 -94.5928
316.076973 67.160 -97.1158
318.367397 67.251 -99.9365
320.674418 67.215 -102.8429
322.998157 67.048 -105.6156
325.338735 66.754 -108.0062
327.696273 66.344 -109.7251
330.070896 65.847 -110.4476
332.462726 65.313 -109.8586
334.871888 64.823 -107.7642
337.298507 64.480 -104.2725
339.742711 64.373 -99.9331
342.204627 64.536 -95.6210
344.684383 64.922 -92.1465
347.182108 65.441 -89.9342
349.697933 66.002 -89.0073
352.231988 66.538 -89.1517
354.784406 67.007 -90.0647
357.355320 67.390 -91.4346
359.944864 67.684 -92.9666
362.553173 67.900 -94.3943
365.180383 68.063 -95.4954
367.826630 68.208 -96.1248
370.492054 68.380 -96.2618
373.176792 68.619 -96.0477
375.880985 68.952 -95.7703
378.604773 69.379 -95.7782
381.348300 69.876 -96.3625
384.111707 70.405 -97.6780
386.895138 70.927 -99.7401
389.698740 71.412 -102.4678
392.522658 71.839 -105.7355
395.367039 72.193 -109.4100
398.232031 72.469 -113.3676
401.117785 72.663 -117.4979
404.024450 72.774 -121.7036
406.952177 72.801 -125.8917
409.901120 72.747 -129.9705
412.871433 72.611 -133.8414
415.863270 72.399 -137.3986
418.876786 72.117 -140.5297
421.912140 71.778 -143.1207
424.969489 71.396 -145.0640
428.048993 70.996 -146.2690
431.150813 70.605 -146.6814
434.275109 70.257 -146.3105
437.422046 69.988 -145.2572
440.591786 69.825 -143.7153
443.784496 69.781 -141.9417
447.000341 69.855 -140.1921
450.239490 70.032 -138.6648
453.502111 70.290 -137.4789
456.788374 70.610 -136.6919
460.098451 70.975 -136.3265
463.432514 71.369 -136.3901
466.790737 71.779 -136.8788
470.173295 72.195 -137.7760
473.580365 72.606 -139.0532
477.012124 73.005 -140.6736
480.468750 73.389 -142.6001
483.950425 73.752 -144.8011
487.457329 74.095 -147.2563
490.989646 74.415 -149.9574
494.547559 74.709 -152.9062
498.131254 74.971 -156.1061
501.740919 75.195 -159.5516
505.376740 75.373 -163.2200
509.038909 75.496 -167.0675
512.727614 75.560 -171.0337
516.443050 75.561 -175.0500
520.185409 75.498 -179.0500
523.954887 75.370 177.0240
527.751680 75.178 173.2219
531.575987 74.921 169.5931
535.428005 74.596 166.2009
539.307937 74.200 163.1373
543.215985 73.734 160.5377
547.152352 73.202 158.5891
551.117243 72.625 157.5220
555.110866 72.040 157.5735
559.133428 71.513 158.8901
563.185140 71.127 161.3673
567.266211 70.959 164.5178
571.376856 71.035 167.5520
575.517288 71.311 169.7107
579.687724 71.703 170.5762
583.888380 72.117 170.1196
588.119476 72.487 168.5565
592.381232 72.772 166.1952
596.673871 72.952 163.3472
600.997615 73.024 160.2882
605.352692 72.997 157.2466
609.739327 72.886 154.4010
614.157750 72.710 151.8760
618.608190 72.495 149.7356
623.090880 72.265 147.9733
627.606053 72.043 146.5063
632.153945 71.843 145.1812
636.734793 71.666 143.8025
641.348836 71.497 142.1813
645.996314 71.310 140.1898
650.677470 71.068 137.8015
655.392547 70.731 135.1047
660.141792 70.263 132.3046
664.925451 69.635 129.7220
669.743775 68.830 127.8121
674.597014 67.851 127.2018
679.485423 66.747 128.7283
684.409254 65.660 133.3173
689.368766 64.864 141.3163
694.364216 64.668 151.2415
699.395865 65.130 159.9509
704.463976 65.988 165.2528
709.568812 66.925 167.0299
714.710640 67.751 166.1210
719.889728 68.382 163.3971
725.106346 68.791 159.5182
730.360766 68.973 154.9463
735.653261 68.929 150.0039
740.984108 68.659 144.9235
746.353584 68.155 139.8860
751.761970 67.398 135.0609
757.209547 66.350 130.6613
762.696599 64.944 127.0460
768.223413 63.072 124.9701
773.790277 60.581 126.3489
779.397480 57.453 137.1017
785.045315 55.224 172.4091
790.734077 57.021 -148.0051
796.464062 60.242 -134.5796
802.235569 62.879 -132.3068
808.048899 64.859 -133.9520
813.904354 66.340 -137.1631
819.802241 67.445 -140.9783
825.742866 68.261 -144.9108
831.726539 68.851 -148.6790
837.753572 69.265 -152.1135
843.824280 69.544 -155.1191
849.938979 69.722 -157.6517
856.097987 69.824 -159.6992
862.301626 69.872 -161.2644
868.550219 69.885 -162.3511
874.844092 69.882 -162.9612
881.183573 69.882 -163.1055
887.568992 69.906 -162.8237
894.000683 69.976 -162.2070
900.478980 70.109 -161.4116
907.004222 70.310 -160.6451
913.576749 70.573 -160.1234
920.196903 70.877 -160.0206
926.865029 71.195 -160.4315
933.581475 71.498 -161.3630
940.346591 71.762 -162.7473
947.160730 71.965 -164.4645
954.024247 72.098 -166.3655
960.937500 72.158 -168.2936
967.900849 72.149 -170.1008
974.914658 72.082 -171.6650
981.979291 71.973 -172.8984
989.095118 71.841 -173.7565
996.262509 71.705 -174.2423
1003.481838 71.582 -174.4087
1010.753481 71.486 -174.3530
1018.077817 71.425 -174.2054
1025.455229 71.395 -174.1035
1032.886100 71.385 -174.1636
1040.370819 71.377 -174.4562
1047.909774 71.353 -174.9888
1055.503361 71.290 -175.7052
1063.151973 71.175 -176.4926
1070.856010 71.000 -177.1953
1078.615875 70.767 -177.6348
1086.431970 70.488 -177.6337
1094.304704 70.188 -177.0507
1102.234487 69.902 -175.8259
1110.221732 69.666 -174.0209
1118.266856 69.512 -171.8301
1126.370279 69.453 -169.5394
1134.532422 69.482 -167.4362
1142.753712 69.573 -165.7212
1151.034577 69.694 -164.4733
1159.375448 69.816 -163.6654
1167.776760 69.916 -163.2078
1176.238952 69.981 -162.9850
1184.762464 70.007 -162.8763
1193.347741 69.992 -162.7677
1201.995231 69.944 -162.5586
1210.705384 69.873 -162.1710
1219.478654 69.794 -161.5648
1228.315499 69.724 -160.7544
1237.216380 69.678 -159.8182
1246.181760 69.661 -158.8831
1255.212106 69.670 -158.0864
1264.307891 69.691 -157.5297
1273.469587 69.705 -157.2474
1282.697672 69.693 -157.2046
1291.992628 69.643 -157.3182
1301.354940 69.547 -157.4874
1310.785094 69.406 -157.6204
1320.283583 69.222 -157.6484
1329.850902 69.000 -157.5293
1339.487550 68.743 -157.2399
1349.194029 68.451 -156.7614
1358.970845 68.124 -156.0621
1368.818508 67.760 -155.0863
1378.737531 67.360 -153.7483
1388.728432 66.927 -151.9380
1398.791730 66.472 -149.5364
1408.927952 66.016 -146.4348
1419.137625 65.582 -142.5576
1429.421281 65.204 -137.8759
1439.779457 64.920 -132.4216
1450.212692 64.770 -126.3188
1460.721531 64.790 -119.8190
1471.306521 65.000 -113.3048
1481.968215 65.391 -107.2085
1492.707168 65.924 -101.8770
1503.523939 66.551 -97.4839
1514.419093 67.225 -94.0377
1525.393198 67.911 -91.4476
1536.446826 68.587 -89.5918
1547.580553 69.241 -88.3594
1558.794960 69.865 -87.6687
1570.090631 70.455 -87.4634
1581.468155 71.004 -87.7024
1592.928125 71.507 -88.3452
1604.471139 71.955 -89.3405
1616.097798 72.344 -90.6233
1627.808709 72.670 -92.1182
1639.604482 72.931 -93.7439
1651.485732 73.128 -95.4229
1663.453078 73.267 -97.0862
1675.507145 73.353 -98.6777
1687.648560 73.394 -100.1597
1699.877958 73.398 -101.5153
1712.195974 73.373 -102.7495
1724.603252 73.325 -103.8853
1737.100438 73.258 -104.9574
1749.688184 73.170 -106.0020
1762.367146 73.061 -107.0494
1775.137984 72.925 -108.1193
1788.001366 72.758 -109.2205
1800.957961 72.554 -110.3539
1814.008445 72.305 -111.5142
1827.153498 72.004 -112.6895
1840.393805 71.640 -113.8557
1853.730057 71.199 -114.9661
1867.162949 70.669 -115.9397
1880.693182 70.034 -116.6489
1894.321460 69.280 -116.9034
1908.048494 68.396 -116.4292
1921.875000 67.382 -114.8381
1935.801698 66.257 -111.5901
1949.829316 65.088 -105.9952
1963.958583 64.023 -97.4088
1978.190236 63.311 -85.8713
1992.525018 63.184 -72.9216
2006.963676 63.658 -61.0814
2021.506962 64.512 -51.9797
2036.155634 65.497 -45.7347
2050.910458 66.457 -41.7385
2065.772200 67.324 -39.3175
2080.741637 68.075 -37.9412
2095.819549 68.712 -37.2322
2111.006721 69.245 -36.9314
2126.303946 69.688 -36.8662
2141.712021 70.054 -36.9258
2157.231749 70.357 -37.0435
2172.863940 70.608 -37.1869
2188.609407 70.816 -37.3491
2204.468973 70.986 -37.5444
2220.443464 71.120 -37.7954
2236.533713 71.216 -38.1222
2252.740558 71.271 -38.5300
2269.064845 71.278 -39.0035
2285.507424 71.231 -39.5070
2302.069153 71.124 -39.9873
2318.750895 70.955 -40.3766
2335.553520 70.721 -40.5951
2352.477904 70.422 -40.5522
2369.524928 70.062 -40.1470
2386.695483 69.647 -39.2708
2403.990462 69.189 -37.8118
2421.410768 68.704 -35.6610
2438.957308 68.218 -32.7246
2456.630998 67.761 -28.9490
2474.432759 67.375 -24.3595
2492.363519 67.100 -19.1029
2510.424213 66.966 -13.4600
2528.615781 66.985 -7.7985
2546.939174 67.140 -2.4761
2565.395345 67.399 2.2537
2583.985257 67.717 6.2793
2602.709879 68.059 9.6074
2621.570188 68.392 12.3169
2640.567166 68.698 14.5195
2659.701804 68.962 16.3363
2678.975100 69.176 17.8870
2698.388058 69.340 19.2856
2717.941690 69.453 20.6353
2737.637016 69.521 22.0272
2757.475062 69.550 23.5380
2777.456863 69.550 25.2283
2797.583461 69.533 27.1379
2817.855904 69.511 29.2783
2838.275249 69.498 31.6260
2858.842562 69.505 34.1223
2879.558913 69.539 36.6813
2900.425384 69.600 39.2026
2921.443062 69.682 41.5902
2942.613043 69.775 43.7688
2963.936430 69.865 45.6975
2985.414335 69.935 47.3774
3007.047878 69.970 48.8500
3028.838187 69.955 50.1931
3050.786397 69.882 51.5148
3072.893653 69.745 52.9475
3095.161107 69.545 54.6416
3117.589920 69.292 56.7576
3140.181262 69.002 59.4517
3162.936310 68.704 62.8499
3185.856250 68.436 67.0052
3208.942278 68.241 71.8514
3232.195596 68.159 77.1714
3255.617418 68.211 82.6243
3279.208964 68.393 87.8341
3302.971464 68.678 92.4948
3326.906156 69.024 96.4338
3351.014290 69.390 99.6121
3375.297121 69.741 102.0856
3399.755915 70.049 103.9607
3424.391948 70.296 105.3647
3449.206504 70.467 106.4290
3474.200876 70.556 107.2812
3499.376367 70.555 108.0479
3524.734291 70.461 108.8606
3550.275969 70.271 109.8633
3576.002732 69.988 111.2190
3601.915922 69.619 113.1152
3628.016889 69.178 115.7632
3654.306995 68.696 119.3818
3680.787610 68.220 124.1511
3707.460115 67.815 130.1218
3734.325899 67.556 137.0996
3761.386364 67.500 144.5909
3788.642920 67.659 151.9235
3816.096988 67.989 158.5059
3843.750000 68.419 164.0264
3871.603397 68.877 168.4648
3899.658631 69.307 171.9839
3927.917165 69.677 174.8152
3956.380472 69.968 177.1904
3985.050036 70.174 179.3127
4013.927351 70.297 -178.6471
4043.013923 70.339 -176.5433
4072.311269 70.309 -174.2463
4101.820915 70.217 -171.6377
4131.544400 70.078 -168.6101
4161.483274 69.912 -165.0767
4191.639097 69.744 -160.9883
4222.013442 69.604 -156.3590
4252.607892 69.518 -151.2867
4283.424042 69.509 -145.9578
4314.463498 69.585 -140.6184
4345.727879 69.735 -135.5173
4377.218815 69.935 -130.8446
4408.937947 70.152 -126.6941
4440.886929 70.354 -123.0576
4473.067426 70.512 -119.8458
4505.481116 70.606 -116.9149
4538.129690 70.624 -114.0933
4571.014848 70.564 -111.2006
4604.138306 70.430 -108.0627
4637.501790 70.235 -104.5241
4671.107040 69.999 -100.4590
4704.955807 69.748 -95.7896
4739.049856 69.512 -90.5043
4773.390965 69.323 -84.6784
4807.980924 69.205 -78.4807
4842.821536 69.169 -72.1503
4877.914617 69.211 -65.9430
4913.261997 69.309 -60.0659
4948.865519 69.430 -54.6290
4984.727038 69.540 -49.6288
5020.848425 69.610 -44.9645
5057.231563 69.621 -40.4657
5093.878347 69.562 -35.9231
5130.790689 69.438 -31.1182
5167.970514 69.267 -25.8546
5205.419759 69.077 -19.9948
5243.140376 68.907 -13.5016
5281.134332 68.792 -6.4690
5319.403609 68.761 0.8787
5357.950200 68.823 8.2407
5396.776116 68.961 15.3306
5435.883380 69.144 21.9615
5475.274032 69.334 28.0840
5514.950125 69.496 33.7762
5554.913727 69.604 39.2065
5595.166922 69.648 44.5913
5635.711808 69.629 50.1571
5676.550498 69.567 56.0983
5717.685123 69.488 62.5331
5759.117827 69.427 69.4643
5800.850769 69.414 76.7657
5842.886124 69.465 84.2146
5885.226086 69.574 91.5703
5927.872860 69.723 98.6606
5970.828671 69.884 105.4261
6014.095756 70.032 111.9153
6057.676373 70.148 118.2494
6101.572794 70.231 124.5779
6145.787305 70.285 131.0341
6190.322213 70.326 137.6960
6235.179840 70.373 144.5585
6280.362523 70.440 151.5306
6325.872619 70.530 158.4667
6371.712500 70.632 165.2242
6417.884555 70.726 171.7230
6464.391192 70.786 177.9750
6511.234836 70.792 -175.9161
6558.417927 70.727 -169.7792
6605.942927 70.591 -163.4056
6653.812313 70.392 -156.5809
6702.028580 70.157 -149.1260
6750.594241 69.919 -140.9443
6799.511830 69.719 -132.0660
6848.783896 69.592 -122.6634
6898.413007 69.554 -113.0056
6948.401751 69.604 -103.3639
6998.752735 69.721 -93.9242
7049.468582 69.881 -84.7578
7100.551937 70.063 -75.8510
7152.005464 70.256 -67.1591
7203.831844 70.452 -58.6473
7256.033779 70.648 -50.3090
7308.613991 70.837 -42.1571
7361.575220 71.010 -34.2020
7414.920229 71.155 -26.4272
7468.651798 71.261 -18.7728
7522.772727 71.319 -11.1384
7577.285840 71.327 -3.3967
7632.193976 71.292 4.5790
7687.500000 71.227 12.8834
7743.206794 71.149 21.5553
7799.317262 71.077 30.5674
7855.834330 71.024 39.8405
7912.760944 70.992 49.2764
7970.100072 70.981 58.7969
8027.854702 70.982 68.3657
8086.027847 70.990 77.9910
8144.622538 71.003 87.6991
8203.641830 71.024 97.5071
8263.088801 71.058 107.4025
8322.966548 71.105 117.3428
8383.278195 71.164 127.2761
8444.026884 71.227 137.1680
8505.215784 71.286 147.0210
8566.848084 71.334 156.8746
8628.926996 71.368 166.7913
8691.455758 71.391 176.8329
8754.437630 71.410 -172.9639
8817.875894 71.435 -162.6000
8881.773857 71.469 -152.1111
8946.134852 71.518 -141.5505
9010.962233 71.579 -130.9683
9076.259380 71.648 -120.3964
9142.029697 71.720 -109.8476
9208.276612 71.789 -99.3228
9275.003581 71.852 -88.8179
9342.214080 71.905 -78.3267
9409.911614 71.944 -67.8378
9478.099713 71.964 -57.3268
9546.781930 71.963 -46.7556
9615.961848 71.939 -36.0758
9685.643071 71.897 -25.2416
9755.829233 71.840 -14.2211
9826.523994 71.775 -3.0034
9897.731037 71.705 8.4059
9969.454076 71.635 19.9935
10041.696850 71.566 31.7499
10114.463125 71.499 43.6729
10187.756694 71.438 55.7621
10261.581379 71.385 68.0091
10335.941028 71.343 80.3940
10410.839517 71.312 92.8860
10486.280752 71.293 105.4517
10562.268665 71.283 118.0666
10638.807218 71.277 130.7168
10715.900400 71.272 143.4035
10793.552232 71.265 156.1369
10871.766761 71.254 168.9319
10950.548064 71.238 -178.1965
11029.900250 71.217 -165.2332
11109.827454 71.192 -152.1673
11190.333843 71.163 -138.9906
11271.423615 71.132 -125.7007
11353.100997 71.100 -112.2990
11435.370247 71.066 -98.7881
11518.235653 71.031 -85.1693
11601.701537 70.995 -71.4389
11685.772249 70.959 -57.5908
11770.452172 70.922 -43.6214
11855.745720 70.888 -29.5345
11941.657341 70.858 -15.3443
12028.191513 70.831 -1.0698
12115.352747 70.805 13.2755
12203.145587 70.776 27.6905
12291.574610 70.742 42.1884
12380.644427 70.703 56.7909
12470.359680 70.658 71.5219
12560.725047 70.611 86.4010
12651.745238 70.565 101.4376
12743.425000 70.523 116.6254
12835.769110 70.490 131.9430
12928.782385 70.467 147.3551
13022.469671 70.453 162.8242
13116.835855 70.443 178.3214
13211.885854 70.431 -166.1628
13307.624625 70.412 -150.6180
13404.057159 70.382 -135.0182
13501.188483 70.338 -119.3297
13599.023660 70.280 -103.5176
13697.567791 70.212 -87.5560
13796.826014 70.135 -71.4285
13896.803503 70.052 -55.1292
13997.505470 69.966 -38.6604
14098.937164 69.879 -22.0281
14201.103875 69.792 -5.2374
14304.010928 69.706 11.7089
14407.663687 69.621 28.8105
14512.067557 69.538 46.0676
14617.227981 69.459 63.4772
14723.150441 69.385 81.0353
14829.840458 69.318 98.7344
14937.303595 69.259 116.5645
15045.545455 69.208 134.5105
15154.571679 69.165 152.5573
15264.387953 69.129 170.6913
15375.000000 69.099 -171.0967
15486.413588 69.073 -152.8088
15598.634525 69.048 -134.4395
15711.668661 69.023 -115.9771
15825.521888 69.000 -97.4076
15940.200144 68.977 -78.7202
16055.709405 68.959 -59.9127
16172.055694 68.946 -40.9919
16289.245076 68.941 -21.9749
16407.283660 68.942 -2.8822
16526.177601 68.948 16.2683
16645.933097 68.958 35.4651
16766.556390 68.968 54.7070
16888.053769 68.975 74.0015
17010.431568 68.979 93.3613
17133.696167 68.979 112.7985
17257.853993 68.976 132.3207
17382.911517 68.971 151.9348
17508.875259 68.966 171.6434
17635.751787 68.960 -168.5735
17763.547714 68.952 -148.7191
17892.269704 68.942 -128.7507
18021.924466 68.936 -108.6866
18152.518759 68.935 -88.5530
18284.059393 68.938 -68.3629
18416.553225 68.944 -48.1293
18550.007161 68.954 -27.8669
18684.428160 68.965 -7.5892
18819.823228 68.977 12.6945
18956.199425 68.986 32.9788
19093.563861 68.991 53.2622
19231.923695 68.991 73.5508
19371.286142 68.986 93.8496
19511.658467 68.976 114.1605
19653.047987 68.960 134.4805
19795.462074 68.941 154.7976
19938.908153 68.918 175.0872
20083.393701 68.884 -164.5430
20228.926250 68.838 -144.0677
20375.513389 68.784 -123.6428
20523.162758 68.720 -103.2811
20671.882055 68.641 -82.9895
20821.679034 68.542 -62.7695
20972.561504 68.416 -42.6151
21124.537330 68.254 -22.5117
21277.614435 68.045 -2.4377
21431.800801 67.773 17.6398
21587.104464 67.418 37.7631
21743.533521 66.954 57.9834
21901.096129 66.347 78.3564
22059.800499 65.551 98.9426
22219.654907 64.513 119.7974
22380.667686 63.163 140.9707
22542.847230 61.417 162.5024
22706.201994 59.168 -175.5781
22870.740494 56.287 -153.2534
23036.471307 52.617 -130.5166
23203.403074 47.979 -107.3682
23371.544498 42.197 -83.8167
23540.904344 35.187 -59.8752
23711.491441 27.079 -35.5586
23883.314682 18.604 -10.8857
