* Measurement data measured by REW V5.40 beta 133
* Source: U18dB [plughw:3,0], Mic (Mic), R, Volume: 1.000. Timing signal peak level -26.9 dBFS, measurement signal peak level -14.7 dBFS
* Format: 512k Log Swept Sine, 1 sweep at -12.0 dBFS using an acoustic timing reference
* Dated: Sep 10, 2026, 11:05:55 AM
* REW Settings:
*  C-weighting compensation: Off
*  Target level: 75.0 dB
* Note: ; 10 sept 2026  Position MLP 4.18m from front wall 3.32m from RLand L speaker  1.20m speakers to front wall marker: green 2 screen panels prolongation - new setup DAC level -29dB MIC HEIGHT: 1.000m mic boom arm height: 1.040 -12dBFS OKTO -28dB DELAY -0.0108 ms (-3.7 mm, -0.15 in) using estimated IR delay relative to Acoustic reference played from DAC8STEREO L with no timing offset Clock adjustment: -15.2 ppm
* Measurement: R 120.green
* Smoothing: 1/48 octave
* Frequency Step: 96 ppo
* Start Frequency: 15.014648 Hz
*
* Freq(Hz) SPL(dB) Phase(degrees)
15.014648 68.672 -154.7611
15.123451 68.840 -155.5722
15.233042 69.046 -156.4144
15.343426 69.258 -157.3529
15.454611 69.475 -158.4187
15.566602 69.697 -159.5681
15.679404 69.919 -160.8232
15.793023 70.140 -162.2081
15.907466 70.363 -163.7110
16.022738 70.584 -165.3082
16.138845 70.800 -166.9828
16.255794 71.014 -168.7517
16.373590 71.224 -170.5864
16.492240 71.427 -172.4406
16.611750 71.624 -174.3298
16.732125 71.815 -176.2479
16.853373 71.998 -178.1511
16.975500 72.174 179.9549
17.098511 72.342 178.0588
17.222414 72.504 176.1805
17.347215 72.660 174.3185
17.472920 72.810 172.4581
17.599536 72.956 170.5970
17.727069 73.099 168.7323
17.855527 73.239 166.8565
17.984915 73.378 164.9621
18.115241 73.518 163.0440
18.246512 73.656 161.1071
18.378734 73.792 159.1514
18.511914 73.928 157.1670
18.646058 74.059 155.1756
18.781175 74.185 153.1780
18.917272 74.306 151.1639
19.054354 74.418 149.1699
19.192430 74.521 147.1798
19.331506 74.614 145.2004
19.471590 74.696 143.2651
19.612689 74.766 141.3447
19.754811 74.826 139.4684
19.897962 74.876 137.6478
20.042151 74.916 135.8670
20.187385 74.949 134.1573
20.333671 74.975 132.5095
20.481017 74.997 130.9242
20.629431 75.016 129.4117
20.778920 75.034 127.9618
20.929493 75.054 126.5576
21.081157 75.076 125.2079
21.233919 75.103 123.8783
21.387789 75.137 122.5573
21.542774 75.178 121.2390
21.698882 75.227 119.8817
21.856121 75.287 118.4983
22.014499 75.355 117.0600
22.174025 75.432 115.5661
22.334708 75.517 114.0192
22.496554 75.610 112.4102
22.659573 75.707 110.7527
22.823774 75.809 109.0503
22.989164 75.915 107.3065
23.155753 76.021 105.5348
23.323549 76.128 103.7319
23.492562 76.235 101.9114
23.662798 76.341 100.0687
23.834269 76.446 98.2127
24.006982 76.548 96.3394
24.180946 76.648 94.4535
24.356171 76.745 92.5504
24.532666 76.839 90.6330
24.710440 76.930 88.6963
24.889502 77.016 86.7414
25.069862 77.099 84.7643
25.251528 77.178 82.7640
25.434511 77.253 80.7370
25.618820 77.326 78.6801
25.804465 77.396 76.5884
25.991454 77.464 74.4553
26.179799 77.530 72.2705
26.369509 77.593 70.0229
26.560593 77.653 67.6940
26.753062 77.707 65.2710
26.946926 77.755 62.7289
27.142194 77.793 60.0609
27.338878 77.819 57.2377
27.536987 77.828 54.2739
27.736531 77.818 51.1382
27.937521 77.785 47.8774
28.139968 77.726 44.4647
28.343882 77.638 40.9726
28.549273 77.518 37.3937
28.756153 77.363 33.7938
28.964532 77.173 30.2083
29.174421 76.945 26.6660
29.385831 76.680 23.2447
29.598773 76.376 19.9500
29.813258 76.037 16.8638
30.029297 75.661 13.9958
30.246902 75.253 11.4093
30.466083 74.817 9.1199
30.686853 74.357 7.1816
30.909222 73.880 5.5973
31.133203 73.393 4.4042
31.358807 72.906 3.6102
31.586046 72.430 3.1888
31.814932 71.976 3.1598
32.045476 71.555 3.4340
32.277691 71.179 3.9713
32.511588 70.857 4.7009
32.747180 70.593 5.4914
32.984480 70.388 6.2742
33.223499 70.240 6.9456
33.464250 70.139 7.4225
33.706746 70.075 7.6652
33.950999 70.036 7.6328
34.197022 70.008 7.3284
34.444828 69.979 6.7627
34.694429 69.938 5.9556
34.945839 69.874 4.9597
35.199071 69.779 3.8146
35.454138 69.647 2.5746
35.711054 69.477 1.3158
35.969831 69.268 0.0815
36.230483 69.020 -1.0771
36.493024 68.738 -2.0898
36.757467 68.427 -2.9119
37.023827 68.095 -3.5017
37.292117 67.749 -3.8210
37.562351 67.400 -3.8564
37.834543 67.057 -3.6024
38.108708 66.729 -3.0607
38.384859 66.425 -2.2531
38.663012 66.151 -1.2093
38.943180 65.911 0.0480
39.225378 65.709 1.4905
39.509622 65.550 3.0854
39.795925 65.437 4.7968
40.084302 65.374 6.5820
40.374770 65.364 8.3836
40.667342 65.411 10.1290
40.962034 65.516 11.7266
41.258862 65.678 13.0632
41.557841 65.894 14.0221
41.858986 66.159 14.4902
42.162313 66.465 14.3661
42.467839 66.805 13.5653
42.775578 67.170 12.0212
43.085548 67.553 9.7039
43.397763 67.946 6.6198
43.712242 68.345 2.8018
44.028998 68.743 -1.6976
44.348051 69.133 -6.8154
44.669415 69.507 -12.4888
44.993108 69.854 -18.6605
45.319147 70.165 -25.2919
45.647548 70.431 -32.3666
45.978329 70.645 -39.8887
46.311507 70.802 -47.8802
46.647099 70.905 -56.3746
46.985123 70.957 -65.4102
47.325597 70.968 -75.0207
47.668537 70.952 -85.2231
48.013963 70.928 -96.0035
48.361892 70.917 -107.3008
48.712342 70.936 -118.9991
49.065332 70.998 -130.9315
49.420880 71.105 -142.9016
49.779004 71.249 -154.7200
50.139723 71.412 -166.2380
50.503056 71.573 -177.3588
50.869022 71.711 171.9643
51.237640 71.809 161.7462
51.608929 71.852 151.9879
51.982909 71.832 142.6929
52.359598 71.743 133.8760
52.739018 71.582 125.5670
53.121186 71.349 117.8090
53.506124 71.044 110.6588
53.893852 70.668 104.1822
54.284389 70.227 98.4536
54.677756 69.724 93.5551
55.073973 69.168 89.5763
55.473062 68.568 86.6168
55.875043 67.942 84.7902
56.279936 67.312 84.2217
56.687764 66.713 85.0367
57.098547 66.194 87.3219
57.512306 65.825 91.0482
57.929064 65.680 95.9653
58.348842 65.820 101.5316
58.771662 66.261 106.9990
59.197546 66.963 111.6499
59.626515 67.848 115.0156
60.058594 68.833 116.9284
60.493803 69.849 117.4440
60.932166 70.848 116.7238
61.373706 71.797 114.9565
61.818445 72.676 112.3291
62.266407 73.472 109.0143
62.717615 74.180 105.1643
63.172093 74.796 100.9108
63.629864 75.319 96.3729
64.090952 75.749 91.6581
64.555381 76.089 86.8545
65.023176 76.339 82.0398
65.494361 76.503 77.2931
65.968960 76.584 72.6883
66.446998 76.586 68.2852
66.928501 76.514 64.1556
67.413492 76.374 60.3756
67.901998 76.172 57.0162
68.394044 75.917 54.1595
68.889655 75.622 51.8929
69.388858 75.302 50.3029
69.891679 74.979 49.4721
70.398142 74.682 49.4589
70.908276 74.449 50.2756
71.422107 74.322 51.8328
71.939661 74.341 53.9190
72.460965 74.533 56.1915
72.986047 74.902 58.2258
73.514934 75.424 59.6443
74.047654 76.057 60.1602
74.584234 76.754 59.6536
75.124702 77.468 58.1074
75.669086 78.163 55.5941
76.217416 78.811 52.2188
76.769719 79.392 48.0989
77.326024 79.891 43.3580
77.886360 80.298 38.1036
78.450757 80.605 32.4528
79.019243 80.808 26.4990
79.591849 80.902 20.3548
80.168605 80.885 14.1071
80.749539 80.757 7.8607
81.334684 80.519 1.7041
81.924068 80.171 -4.2760
82.517724 79.716 -9.9911
83.115681 79.157 -15.3694
83.717972 78.497 -20.3354
84.324627 77.738 -24.8226
84.935678 76.881 -28.7592
85.551157 75.924 -32.0627
86.171096 74.863 -34.6173
86.795527 73.688 -36.2356
87.424483 72.392 -36.6078
88.057997 70.978 -35.2092
88.696102 69.489 -31.1981
89.338830 68.072 -23.4771
89.986216 67.058 -11.5006
90.638293 66.848 2.8723
91.295096 67.493 15.5366
91.956658 68.617 23.9897
92.623013 69.839 28.4816
93.294198 70.961 30.1899
93.970246 71.917 30.1453
94.651193 72.701 29.0656
95.337075 73.326 27.4359
96.027927 73.813 25.5931
96.723785 74.188 23.7792
97.424685 74.477 22.1669
98.130664 74.708 20.8712
98.841760 74.911 19.9487
99.558008 75.113 19.3920
100.279446 75.340 19.1291
101.006112 75.610 19.0327
101.738044 75.933 18.9444
102.475280 76.306 18.7084
103.217858 76.722 18.1998
103.965817 77.167 17.3394
104.719197 77.627 16.0914
105.478035 78.090 14.4531
106.242372 78.545 12.4390
107.012248 78.987 10.0706
107.787703 79.410 7.3688
108.568777 79.808 4.3523
109.355511 80.176 1.0399
110.147947 80.510 -2.5480
110.946124 80.805 -6.3862
111.750085 81.057 -10.4438
112.559873 81.259 -14.6837
113.375528 81.408 -19.0641
114.197094 81.501 -23.5391
115.024613 81.536 -28.0592
115.858129 81.511 -32.5748
116.697684 81.428 -37.0349
117.543324 81.287 -41.3881
118.395091 81.091 -45.5857
119.253031 80.845 -49.5816
120.117188 80.555 -53.3336
120.987606 80.226 -56.8067
121.864332 79.867 -59.9752
122.747411 79.487 -62.8257
123.636890 79.094 -65.3607
124.532814 78.700 -67.6017
125.435230 78.309 -69.5860
126.344185 77.928 -71.3607
127.259727 77.559 -72.9709
128.181904 77.198 -74.4473
129.110763 76.845 -75.7984
130.046352 76.495 -77.0092
130.988722 76.150 -78.0476
131.937920 75.812 -78.8763
132.893997 75.488 -79.4683
133.857001 75.187 -79.8209
134.826984 74.920 -79.9655
135.803996 74.696 -79.9675
136.788088 74.518 -79.9178
137.779311 74.387 -79.9142
138.777717 74.295 -80.0414
139.783357 74.233 -80.3562
140.796285 74.190 -80.8791
141.816553 74.154 -81.5983
142.844214 74.120 -82.4807
143.879322 74.083 -83.4855
144.921931 74.042 -84.5782
145.972095 74.000 -85.7397
147.029869 73.959 -86.9709
148.095308 73.923 -88.2928
149.168468 73.894 -89.7419
150.249404 73.872 -91.3627
151.338173 73.854 -93.2003
152.434832 73.834 -95.2925
153.539437 73.804 -97.6647
154.652047 73.755 -100.3272
155.772720 73.679 -103.2725
156.901513 73.567 -106.4755
158.038486 73.409 -109.8959
159.183698 73.202 -113.4817
160.337209 72.943 -117.1771
161.499079 72.633 -120.9286
162.669367 72.277 -124.6963
163.848137 71.879 -128.4634
165.035448 71.450 -132.2476
166.231363 70.996 -136.1079
167.435944 70.523 -140.1475
168.649254 70.033 -144.5088
169.871356 69.520 -149.3640
171.102314 68.977 -154.9054
172.342191 68.391 -161.3420
173.591054 67.751 -168.9075
174.848966 67.055 -177.8799
176.115994 66.317 171.4033
177.392203 65.588 158.5676
178.677660 64.968 143.3259
179.972432 64.608 125.8040
181.276587 64.652 106.8965
182.590191 65.142 88.1345
183.913315 65.974 70.8677
185.246027 66.985 55.6550
186.588396 68.036 42.4052
187.940492 69.042 30.7687
189.302387 69.960 20.3901
190.674150 70.773 10.9911
192.055853 71.479 2.3739
193.447569 72.082 -5.5964
194.849370 72.590 -13.0154
196.261329 73.014 -19.9541
197.683519 73.364 -26.4707
199.116016 73.649 -32.6149
200.558892 73.876 -38.4290
202.012225 74.053 -43.9469
203.476089 74.184 -49.1952
204.950560 74.276 -54.1931
206.435716 74.332 -58.9569
207.931635 74.357 -63.5045
209.438393 74.358 -67.8585
210.956070 74.337 -72.0477
212.484745 74.298 -76.1107
214.024497 74.242 -80.0928
215.575406 74.168 -84.0424
217.137555 74.070 -88.0045
218.711023 73.943 -92.0116
220.295893 73.776 -96.0759
221.892248 73.558 -100.1835
223.500171 73.278 -104.2916
225.119745 72.925 -108.3260
226.751056 72.490 -112.1779
228.394187 71.964 -115.7006
230.049226 71.345 -118.7021
231.716257 70.637 -120.9384
233.395369 69.861 -122.1146
235.086648 69.057 -121.9154
236.790182 68.297 -120.0933
238.506062 67.685 -116.6494
240.234375 67.330 -112.0416
241.975212 67.293 -107.1818
243.728664 67.546 -103.0647
245.494823 67.997 -100.3218
247.273780 68.538 -99.1038
249.065627 69.088 -99.2491
250.870459 69.593 -100.4799
252.688370 70.027 -102.5128
254.519454 70.377 -105.0985
256.363807 70.640 -108.0253
258.221525 70.822 -111.1156
260.092705 70.930 -114.2234
261.977444 70.978 -117.2350
263.875840 70.983 -120.0765
265.787993 70.961 -122.7217
267.714003 70.930 -125.1962
269.653969 70.902 -127.5717
271.607992 70.883 -129.9515
273.576176 70.871 -132.4451
275.558622 70.856 -135.1434
277.555433 70.824 -138.1033
279.566714 70.758 -141.3398
281.592570 70.641 -144.8253
283.633106 70.454 -148.4906
285.688428 70.182 -152.2252
287.758644 69.811 -155.8737
289.843862 69.333 -159.2251
291.944190 68.749 -162.0061
294.059738 68.074 -163.8804
296.190616 67.349 -164.4777
298.336935 66.651 -163.5004
300.498808 66.093 -160.9429
302.676346 65.789 -157.3412
304.869664 65.793 -153.7419
307.078875 66.058 -151.2140
309.304095 66.468 -150.3422
311.545440 66.903 -151.1681
313.803027 67.275 -153.4288
316.076973 67.531 -156.7769
318.367397 67.638 -160.8815
320.674418 67.575 -165.4515
322.998157 67.327 -170.2228
325.338735 66.877 -174.9291
327.696273 66.204 -179.2603
330.070896 65.288 177.2051
332.462726 64.105 175.1179
334.871888 62.657 175.5767
337.298507 61.047 -179.5745
339.742711 59.671 -168.0590
342.204627 59.304 -150.7214
344.684383 60.282 -134.9908
347.182108 61.948 -126.0653
349.697933 63.653 -122.8778
352.231988 65.154 -123.1792
354.784406 66.411 -125.4741
357.355320 67.442 -128.9069
359.944864 68.278 -132.9777
362.553173 68.947 -137.3778
365.180383 69.474 -141.9077
367.826630 69.881 -146.4344
370.492054 70.186 -150.8717
373.176792 70.402 -155.1622
375.880985 70.541 -159.2627
378.604773 70.609 -163.1265
381.348300 70.613 -166.6854
384.111707 70.562 -169.8422
386.895138 70.473 -172.4760
389.698740 70.372 -174.4738
392.522658 70.298 -175.7888
395.367039 70.296 -176.5096
398.232031 70.400 -176.8976
401.117785 70.626 -177.3431
404.024450 70.956 -178.2417
406.952177 71.350 -179.8638
409.901120 71.758 177.6960
412.871433 72.136 174.4926
415.863270 72.451 170.6686
418.876786 72.680 166.4010
421.912140 72.811 161.8710
424.969489 72.837 157.2518
428.048993 72.755 152.7119
431.150813 72.568 148.4244
434.275109 72.280 144.5751
437.422046 71.903 141.3671
440.591786 71.462 139.0151
443.784496 70.991 137.7179
447.000341 70.546 137.5981
450.239490 70.193 138.6161
453.502111 69.997 140.4916
456.788374 69.999 142.7166
460.098451 70.196 144.7046
463.432514 70.545 145.9980
466.790737 70.985 146.3826
470.173295 71.460 145.8649
473.580365 71.928 144.5818
477.012124 72.363 142.7153
480.468750 72.757 140.4382
483.950425 73.109 137.8882
487.457329 73.424 135.1598
490.989646 73.707 132.3054
494.547559 73.966 129.3429
498.131254 74.203 126.2677
501.740919 74.419 123.0668
505.376740 74.611 119.7340
509.038909 74.776 116.2782
512.727614 74.910 112.7278
516.443050 75.010 109.1251
520.185409 75.078 105.5153
523.954887 75.118 101.9310
527.751680 75.133 98.3826
531.575987 75.130 94.8531
535.428005 75.108 91.3037
539.307937 75.063 87.6879
543.215985 74.989 83.9738
547.152352 74.872 80.1632
551.117243 74.699 76.3064
555.110866 74.458 72.5068
559.133428 74.144 68.9191
563.185140 73.758 65.7367
567.266211 73.316 63.1710
571.376856 72.849 61.4127
575.517288 72.403 60.5670
579.687724 72.035 60.5720
583.888380 71.798 61.1415
588.119476 71.718 61.8025
592.381232 71.782 62.0435
596.673871 71.945 61.4854
600.997615 72.148 59.9601
605.352692 72.334 57.4852
609.739327 72.456 54.1965
614.157750 72.480 50.2878
618.608190 72.384 45.9795
623.090880 72.152 41.5031
627.606053 71.778 37.1000
632.153945 71.261 33.0223
636.734793 70.606 29.5374
641.348836 69.828 26.9287
645.996314 68.957 25.4919
650.677470 68.038 25.5076
655.392547 67.141 27.1694
660.141792 66.356 30.4639
664.925451 65.777 35.0408
669.743775 65.465 40.2179
674.597014 65.422 45.2153
679.485423 65.593 49.4644
684.409254 65.910 52.7288
689.368766 66.313 55.0081
694.364216 66.763 56.3806
699.395865 67.237 56.9009
704.463976 67.714 56.5746
709.568812 68.172 55.3866
714.710640 68.584 53.3456
719.889728 68.919 50.5159
725.106346 69.152 47.0259
730.360766 69.262 43.0530
735.653261 69.235 38.7991
740.984108 69.065 34.4673
746.353584 68.750 30.2450
751.761970 68.290 26.2952
757.209547 67.685 22.7596
762.696599 66.927 19.7811
768.223413 66.001 17.5581
773.790277 64.883 16.4481
779.397480 63.550 17.1470
785.045315 62.030 20.9786
790.734077 60.527 30.0769
796.464062 59.639 45.8431
802.235569 60.049 63.9424
808.048899 61.513 76.6897
813.904354 63.248 82.5594
819.802241 64.822 83.7759
825.742866 66.114 82.3379
831.726539 67.122 79.4894
837.753572 67.875 75.9984
843.824280 68.412 72.3718
849.938979 68.776 68.9609
856.097987 69.012 66.0004
862.301626 69.166 63.6128
868.550219 69.283 61.8052
874.844092 69.401 60.4763
881.183573 69.546 59.4504
887.568992 69.725 58.5303
894.000683 69.934 57.5509
900.478980 70.164 56.4066
907.004222 70.398 55.0543
913.576749 70.624 53.4989
920.196903 70.835 51.7734
926.865029 71.024 49.9187
933.581475 71.192 47.9696
940.346591 71.338 45.9475
947.160730 71.459 43.8632
954.024247 71.556 41.7267
960.937500 71.627 39.5592
967.900849 71.669 37.3965
974.914658 71.684 35.2831
981.979291 71.676 33.2588
989.095118 71.652 31.3435
996.262509 71.618 29.5264
1003.481838 71.578 27.7672
1010.753481 71.532 26.0138
1018.077817 71.476 24.2236
1025.455229 71.400 22.3855
1032.886100 71.296 20.5282
1040.370819 71.156 18.7146
1047.909774 70.980 17.0283
1055.503361 70.770 15.5531
1063.151973 70.533 14.3563
1070.856010 70.279 13.4821
1078.615875 70.017 12.9534
1086.431970 69.757 12.7845
1094.304704 69.507 12.9933
1102.234487 69.281 13.6033
1110.221732 69.092 14.6323
1118.266856 68.963 16.0674
1126.370279 68.917 17.8293
1134.532422 68.974 19.7528
1142.753712 69.144 21.5983
1151.034577 69.419 23.1003
1159.375448 69.778 24.0326
1167.776760 70.187 24.2579
1176.238952 70.610 23.7450
1184.762464 71.018 22.5529
1193.347741 71.389 20.7975
1201.995231 71.710 18.6135
1210.705384 71.977 16.1248
1219.478654 72.192 13.4241
1228.315499 72.359 10.5636
1237.216380 72.482 7.5605
1246.181760 72.559 4.4150
1255.212106 72.588 1.1305
1264.307891 72.564 -2.2697
1273.469587 72.479 -5.7361
1282.697672 72.331 -9.1987
1291.992628 72.119 -12.5811
1301.354940 71.848 -15.8143
1310.785094 71.520 -18.8512
1320.283583 71.143 -21.6680
1329.850902 70.718 -24.2562
1339.487550 70.244 -26.6106
1349.194029 69.720 -28.7163
1358.970845 69.140 -30.5392
1368.818508 68.496 -32.0184
1378.737531 67.780 -33.0518
1388.728432 66.985 -33.4730
1398.791730 66.107 -33.0206
1408.927952 65.158 -31.3118
1419.137625 64.184 -27.8544
1429.421281 63.284 -22.1711
1439.779457 62.625 -14.1492
1450.212692 62.393 -4.5518
1460.721531 62.672 4.9437
1471.306521 63.365 12.6833
1481.968215 64.278 17.9429
1492.707168 65.239 20.8600
1503.523939 66.142 21.9359
1514.419093 66.936 21.7120
1525.393198 67.603 20.6583
1536.446826 68.144 19.1564
1547.580553 68.576 17.5054
1558.794960 68.923 15.9246
1570.090631 69.214 14.5454
1581.468155 69.479 13.4038
1592.928125 69.747 12.4423
1604.471139 70.034 11.5350
1616.097798 70.346 10.5317
1627.808709 70.679 9.3014
1639.604482 71.018 7.7595
1651.485732 71.351 5.8724
1663.453078 71.664 3.6478
1675.507145 71.945 1.1223
1687.648560 72.187 -1.6505
1699.877958 72.384 -4.6095
1712.195974 72.533 -7.6942
1724.603252 72.635 -10.8497
1737.100438 72.692 -14.0336
1749.688184 72.703 -17.2146
1762.367146 72.673 -20.3700
1775.137984 72.600 -23.4791
1788.001366 72.487 -26.5173
1800.957961 72.335 -29.4580
1814.008445 72.146 -32.2770
1827.153498 71.925 -34.9631
1840.393805 71.674 -37.5236
1853.730057 71.393 -39.9799
1867.162949 71.078 -42.3533
1880.693182 70.720 -44.6433
1894.321460 70.306 -46.8054
1908.048494 69.826 -48.7366
1921.875000 69.271 -50.2710
1935.801698 68.643 -51.1802
1949.829316 67.955 -51.1857
1963.958583 67.243 -49.9972
1978.190236 66.571 -47.3973
1992.525018 66.025 -43.3833
2006.963676 65.698 -38.3123
2021.506962 65.645 -32.8936
2036.155634 65.855 -27.9343
2050.910458 66.266 -24.0181
2065.772200 66.793 -21.3778
2080.741637 67.364 -19.9780
2095.819549 67.925 -19.6509
2111.006721 68.443 -20.1847
2126.303946 68.899 -21.3657
2141.712021 69.286 -22.9944
2157.231749 69.603 -24.8965
2172.863940 69.857 -26.9316
2188.609407 70.059 -29.0040
2204.468973 70.222 -31.0670
2220.443464 70.354 -33.1194
2236.533713 70.465 -35.1923
2252.740558 70.555 -37.3302
2269.064845 70.622 -39.5697
2285.507424 70.658 -41.9258
2302.069153 70.656 -44.3839
2318.750895 70.608 -46.9012
2335.553520 70.508 -49.4111
2352.477904 70.355 -51.8306
2369.524928 70.150 -54.0662
2386.695483 69.898 -56.0242
2403.990462 69.610 -57.6221
2421.410768 69.299 -58.7979
2438.957308 68.980 -59.5200
2456.630998 68.672 -59.7885
2474.432759 68.390 -59.6356
2492.363519 68.151 -59.1290
2510.424213 67.966 -58.3706
2528.615781 67.839 -57.4872
2546.939174 67.770 -56.6101
2565.395345 67.748 -55.8422
2583.985257 67.760 -55.2330
2602.709879 67.794 -54.7745
2621.570188 67.841 -54.4185
2640.567166 67.901 -54.1072
2659.701804 67.979 -53.8055
2678.975100 68.081 -53.5216
2698.388058 68.215 -53.3086
2717.941690 68.380 -53.2505
2737.637016 68.571 -53.4319
2757.475062 68.774 -53.9104
2777.456863 68.976 -54.7003
2797.583461 69.165 -55.7733
2817.855904 69.329 -57.0714
2838.275249 69.464 -58.5234
2858.842562 69.570 -60.0568
2879.558913 69.648 -61.6086
2900.425384 69.703 -63.1318
2921.443062 69.743 -64.5992
2942.613043 69.773 -66.0059
2963.936430 69.802 -67.3699
2985.414335 69.833 -68.7310
3007.047878 69.865 -70.1415
3028.838187 69.896 -71.6534
3050.786397 69.916 -73.3019
3072.893653 69.916 -75.0922
3095.161107 69.882 -76.9938
3117.589920 69.807 -78.9402
3140.181262 69.682 -80.8326
3162.936310 69.506 -82.5466
3185.856250 69.285 -83.9429
3208.942278 69.032 -84.8811
3232.195596 68.771 -85.2465
3255.617418 68.535 -84.9847
3279.208964 68.360 -84.1450
3302.971464 68.281 -82.9071
3326.906156 68.317 -81.5616
3351.014290 68.464 -80.4336
3375.297121 68.702 -79.7892
3399.755915 68.992 -79.7789
3424.391948 69.301 -80.4348
3449.206504 69.597 -81.7052
3474.200876 69.859 -83.4961
3499.376367 70.069 -85.7007
3524.734291 70.220 -88.2118
3550.275969 70.302 -90.9266
3576.002732 70.313 -93.7440
3601.915922 70.249 -96.5596
3628.016889 70.109 -99.2612
3654.306995 69.895 -101.7257
3680.787610 69.612 -103.8170
3707.460115 69.272 -105.3866
3734.325899 68.894 -106.2822
3761.386364 68.507 -106.3704
3788.642920 68.155 -105.5823
3816.096988 67.886 -103.9792
3843.750000 67.747 -101.8035
3871.603397 67.764 -99.4569
3899.658631 67.931 -97.3851
3927.917165 68.213 -95.9330
3956.380472 68.562 -95.2675
3985.050036 68.932 -95.3945
4013.927351 69.287 -96.2203
4043.013923 69.603 -97.6074
4072.311269 69.863 -99.4091
4101.820915 70.060 -101.4835
4131.544400 70.192 -103.6980
4161.483274 70.258 -105.9272
4191.639097 70.264 -108.0542
4222.013442 70.219 -109.9712
4252.607892 70.137 -111.5853
4283.424042 70.034 -112.8301
4314.463498 69.932 -113.6812
4345.727879 69.856 -114.1738
4377.218815 69.824 -114.4133
4408.937947 69.849 -114.5659
4440.886929 69.931 -114.8259
4473.067426 70.058 -115.3693
4505.481116 70.207 -116.3125
4538.129690 70.352 -117.6935
4571.014848 70.467 -119.4753
4604.138306 70.534 -121.5647
4637.501790 70.536 -123.8336
4671.107040 70.467 -126.1356
4704.955807 70.324 -128.3175
4739.049856 70.115 -130.2238
4773.390965 69.848 -131.7035
4807.980924 69.544 -132.6208
4842.821536 69.231 -132.8756
4877.914617 68.944 -132.4380
4913.261997 68.724 -131.3917
4948.865519 68.602 -129.9580
4984.727038 68.592 -128.4646
5020.848425 68.683 -127.2532
5057.231563 68.841 -126.5714
5093.878347 69.023 -126.5120
5130.790689 69.189 -127.0179
5167.970514 69.309 -127.9302
5205.419759 69.367 -129.0397
5243.140376 69.360 -130.1306
5281.134332 69.299 -131.0099
5319.403609 69.204 -131.5317
5357.950200 69.101 -131.6238
5396.776116 69.020 -131.3081
5435.883380 68.987 -130.7058
5475.274032 69.014 -130.0132
5514.950125 69.099 -129.4457
5554.913727 69.223 -129.1730
5595.166922 69.361 -129.2744
5635.711808 69.484 -129.7256
5676.550498 69.573 -130.4180
5717.685123 69.615 -131.1901
5759.117827 69.612 -131.8645
5800.850769 69.576 -132.2856
5842.886124 69.530 -132.3579
5885.226086 69.500 -132.0768
5927.872860 69.512 -131.5392
5970.828671 69.578 -130.9213
6014.095756 69.697 -130.4247
6057.676373 69.855 -130.2115
6101.572794 70.027 -130.3628
6145.787305 70.191 -130.8687
6190.322213 70.326 -131.6471
6235.179840 70.422 -132.5737
6280.362523 70.478 -133.5160
6325.872619 70.502 -134.3649
6371.712500 70.507 -135.0618
6417.884555 70.506 -135.6129
6464.391192 70.509 -136.0823
6511.234836 70.518 -136.5623
6558.417927 70.526 -137.1307
6605.942927 70.518 -137.8154
6653.812313 70.479 -138.5752
6702.028580 70.400 -139.3059
6750.594241 70.276 -139.8607
6799.511830 70.119 -140.0814
6848.783896 69.945 -139.8392
6898.413007 69.786 -139.0795
6948.401751 69.672 -137.8567
6998.752735 69.629 -136.3385
7049.468582 69.667 -134.7594
7100.551937 69.777 -133.3431
7152.005464 69.941 -132.2394
7203.831844 70.135 -131.5012
7256.033779 70.338 -131.1094
7308.613991 70.539 -131.0106
7361.575220 70.729 -131.1514
7414.920229 70.903 -131.4935
7468.651798 71.058 -132.0154
7522.772727 71.190 -132.7003
7577.285840 71.293 -133.5221
7632.193976 71.359 -134.4327
7687.500000 71.386 -135.3616
7743.206794 71.373 -136.2190
7799.317262 71.324 -136.9133
7855.834330 71.252 -137.3688
7912.760944 71.169 -137.5455
7970.100072 71.091 -137.4542
8027.854702 71.032 -137.1537
8086.027847 70.997 -136.7328
8144.622538 70.986 -136.2826
8203.641830 70.994 -135.8667
8263.088801 71.012 -135.5040
8322.966548 71.033 -135.1735
8383.278195 71.056 -134.8362
8444.026884 71.083 -134.4614
8505.215784 71.120 -134.0479
8566.848084 71.172 -133.6283
8628.926996 71.239 -133.2571
8691.455758 71.316 -132.9850
8754.437630 71.397 -132.8387
8817.875894 71.475 -132.8119
8881.773857 71.542 -132.8705
8946.134852 71.598 -132.9717
9010.962233 71.643 -133.0793
9076.259380 71.681 -133.1761
9142.029697 71.713 -133.2618
9208.276612 71.742 -133.3457
9275.003581 71.768 -133.4357
9342.214080 71.791 -133.5347
9409.911614 71.810 -133.6416
9478.099713 71.825 -133.7581
9546.781930 71.837 -133.8920
9615.961848 71.844 -134.0568
9685.643071 71.844 -134.2620
9755.829233 71.831 -134.5029
9826.523994 71.802 -134.7545
9897.731037 71.756 -134.9760
9969.454076 71.693 -135.1210
10041.696850 71.618 -135.1523
10114.463125 71.537 -135.0513
10187.756694 71.455 -134.8181
10261.581379 71.377 -134.4677
10335.941028 71.308 -134.0190
10410.839517 71.250 -133.4929
10486.280752 71.205 -132.9122
10562.268665 71.174 -132.3051
10638.807218 71.158 -131.7065
10715.900400 71.156 -131.1538
10793.552232 71.162 -130.6772
10871.766761 71.172 -130.2939
10950.548064 71.180 -130.0017
11029.900250 71.180 -129.7823
11109.827454 71.170 -129.6056
11190.333843 71.148 -129.4362
11271.423615 71.114 -129.2407
11353.100997 71.073 -128.9929
11435.370247 71.026 -128.6770
11518.235653 70.980 -128.2919
11601.701537 70.939 -127.8528
11685.772249 70.904 -127.3882
11770.452172 70.876 -126.9308
11855.745720 70.852 -126.5059
11941.657341 70.828 -126.1212
12028.191513 70.802 -125.7678
12115.352747 70.771 -125.4255
12203.145587 70.735 -125.0746
12291.574610 70.696 -124.7045
12380.644427 70.655 -124.3137
12470.359680 70.613 -123.9048
12560.725047 70.570 -123.4784
12651.745238 70.528 -123.0319
12743.425000 70.486 -122.5625
12835.769110 70.448 -122.0723
12928.782385 70.415 -121.5703
13022.469671 70.387 -121.0729
13116.835855 70.366 -120.6034
13211.885854 70.350 -120.1877
13307.624625 70.334 -119.8479
13404.057159 70.316 -119.5941
13501.188483 70.289 -119.4186
13599.023660 70.248 -119.2947
13697.567791 70.193 -119.1854
13796.826014 70.123 -119.0529
13896.803503 70.041 -118.8652
13997.505470 69.950 -118.6024
14098.937164 69.855 -118.2582
14201.103875 69.761 -117.8384
14304.010928 69.670 -117.3585
14407.663687 69.583 -116.8370
14512.067557 69.500 -116.2878
14617.227981 69.421 -115.7191
14723.150441 69.346 -115.1298
14829.840458 69.275 -114.5153
14937.303595 69.210 -113.8735
15045.545455 69.152 -113.2112
15154.571679 69.105 -112.5425
15264.387953 69.068 -111.8899
15375.000000 69.041 -111.2787
15486.413588 69.022 -110.7291
15598.634525 69.007 -110.2500
15711.668661 68.994 -109.8373
15825.521888 68.982 -109.4788
15940.200144 68.970 -109.1608
16055.709405 68.958 -108.8751
16172.055694 68.951 -108.6217
16289.245076 68.947 -108.4093
16407.283660 68.948 -108.2523
16526.177601 68.954 -108.1660
16645.933097 68.963 -108.1628
16766.556390 68.974 -108.2506
16888.053769 68.983 -108.4312
17010.431568 68.990 -108.6995
17133.696167 68.991 -109.0471
17257.853993 68.988 -109.4639
17382.911517 68.981 -109.9365
17508.875259 68.971 -110.4562
17635.751787 68.958 -111.0399
17763.547714 68.942 -111.6920
17892.269704 68.925 -112.3750
18021.924466 68.909 -113.1097
18152.518759 68.897 -113.9255
18284.059393 68.889 -114.8323
18416.553225 68.882 -115.8392
18550.007161 68.878 -116.9561
18684.428160 68.876 -118.1942
18819.823228 68.875 -119.5654
18956.199425 68.874 -121.0817
19093.563861 68.871 -122.7513
19231.923695 68.865 -124.5760
19371.286142 68.855 -126.5538
19511.658467 68.839 -128.6820
19653.047987 68.818 -130.9612
19795.462074 68.793 -133.3998
19938.908153 68.764 -136.0217
20083.393701 68.724 -138.7209
20228.926250 68.674 -141.4753
20375.513389 68.616 -144.4451
20523.162758 68.549 -147.6464
20671.882055 68.468 -151.0914
20821.679034 68.368 -154.7856
20972.561504 68.241 -158.7263
21124.537330 68.079 -162.9022
21277.614435 67.868 -167.2911
21431.800801 67.593 -171.8606
21587.104464 67.233 -176.5681
21743.533521 66.761 178.6368
21901.096129 66.143 173.8101
22059.800499 65.335 169.0087
22219.654907 64.281 164.2865
22380.667686 62.914 159.6915
22542.847230 61.147 155.2614
22706.201994 58.876 151.0244
22870.740494 55.972 146.9976
23036.471307 52.279 143.1885
23203.403074 47.618 139.5967
23371.544498 41.816 136.2147
23540.904344 34.791 133.0305
23711.491441 26.673 130.0281
23883.314682 18.192 127.1898
