* Measurement data measured by REW V5.40 beta 133
* Source: U18dB [plughw:3,0], Mic (Mic), R, Volume: 1.000. Timing signal peak level -27.2 dBFS, measurement signal peak level -15.0 dBFS
* Format: 512k Log Swept Sine, 1 sweep at -12.0 dBFS using an acoustic timing reference
* Dated: Sep 10, 2026, 11:18:57 AM
* REW Settings:
*  C-weighting compensation: Off
*  Target level: 75.0 dB
* Note: ; 10 sept 2026  Position MLP+20cm AHEAD 4.387m from front wall 3.49/3.49m from RLand L speaker  2 screen panels prolongation - new setup DAC level -29dB MIC HEIGHT: 1.000m mic boom arm height: 1.040 -12dBFS OKTO -28dB DELAY -0.0038 ms (-1.3 mm, -0.05 in) using estimated IR delay relative to Acoustic reference played from DAC8STEREO L with no timing offset Clock adjustment: -14.7 ppm
* Measurement: R 120.green.2
* Smoothing: 1/48 octave
* Frequency Step: 96 ppo
* Start Frequency: 15.014648 Hz
*
* Freq(Hz) SPL(dB) Phase(degrees)
15.014648 69.297 -155.1099
15.123451 69.533 -155.9525
15.233042 69.814 -156.7416
15.343426 70.094 -157.5525
15.454611 70.364 -158.4178
15.566602 70.627 -159.2940
15.679404 70.877 -160.2469
15.793023 71.113 -161.3360
15.907466 71.338 -162.5275
16.022738 71.551 -163.8349
16.138845 71.749 -165.2889
16.255794 71.937 -166.8978
16.373590 72.114 -168.6387
16.492240 72.281 -170.4890
16.611750 72.439 -172.4727
16.732125 72.591 -174.5689
16.853373 72.738 -176.7145
16.975500 72.882 -178.9252
17.098511 73.024 178.8062
17.222414 73.165 176.5529
17.347215 73.308 174.3078
17.472920 73.451 172.0708
17.599536 73.597 169.8966
17.727069 73.744 167.7787
17.855527 73.892 165.7139
17.984915 74.041 163.7224
18.115241 74.192 161.8004
18.246512 74.340 159.9333
18.378734 74.486 158.1112
18.511914 74.629 156.3344
18.646058 74.767 154.5762
18.781175 74.898 152.8149
18.917272 75.023 151.0516
19.054354 75.139 149.2639
19.192430 75.247 147.4337
19.331506 75.346 145.5657
19.471590 75.436 143.6595
19.612689 75.517 141.6949
19.754811 75.590 139.7032
19.897962 75.657 137.6893
20.042151 75.718 135.6458
20.187385 75.776 133.6236
20.333671 75.830 131.6065
20.481017 75.883 129.6182
20.629431 75.937 127.6834
20.778920 75.991 125.7896
20.929493 76.049 123.9517
21.081157 76.110 122.1707
21.233919 76.173 120.4346
21.387789 76.241 118.7412
21.542774 76.311 117.0842
21.698882 76.385 115.4410
21.856121 76.461 113.8159
22.014499 76.538 112.1870
22.174025 76.616 110.5509
22.334708 76.694 108.9011
22.496554 76.771 107.2252
22.659573 76.848 105.5266
22.823774 76.924 103.7976
22.989164 76.999 102.0383
23.155753 77.072 100.2503
23.323549 77.144 98.4290
23.492562 77.214 96.5836
23.662798 77.282 94.7074
23.834269 77.348 92.8121
24.006982 77.411 90.8917
24.180946 77.469 88.9560
24.356171 77.524 87.0009
24.532666 77.574 85.0325
24.710440 77.620 83.0489
24.889502 77.661 81.0527
25.069862 77.699 79.0449
25.251528 77.734 77.0253
25.434511 77.768 74.9969
25.618820 77.803 72.9580
25.804465 77.841 70.9108
25.991454 77.883 68.8506
26.179799 77.931 66.7742
26.369509 77.986 64.6707
26.560593 78.047 62.5281
26.753062 78.114 60.3276
26.946926 78.185 58.0498
27.142194 78.254 55.6724
27.338878 78.320 53.1712
27.536987 78.374 50.5340
27.736531 78.414 47.7342
27.937521 78.433 44.7856
28.139968 78.427 41.6638
28.343882 78.389 38.4113
28.549273 78.319 35.0214
28.756153 78.211 31.5399
28.964532 78.065 28.0060
29.174421 77.879 24.4362
29.385831 77.654 20.9219
29.598773 77.386 17.4579
29.813258 77.080 14.1456
30.029297 76.735 10.9880
30.246902 76.352 8.0585
30.466083 75.938 5.3773
30.686853 75.493 2.9949
30.909222 75.028 0.9280
31.133203 74.546 -0.7899
31.358807 74.057 -2.1384
31.586046 73.571 -3.1334
31.814932 73.098 -3.7418
32.045476 72.651 -4.0288
32.277691 72.239 -4.0143
32.511588 71.873 -3.7429
32.747180 71.560 -3.3284
32.984480 71.304 -2.8258
33.223499 71.107 -2.3346
33.464250 70.962 -1.9529
33.706746 70.864 -1.7328
33.950999 70.802 -1.7393
34.197022 70.762 -1.9999
34.444828 70.732 -2.5222
34.694429 70.701 -3.3105
34.945839 70.656 -4.3359
35.199071 70.588 -5.5713
35.454138 70.491 -6.9789
35.711054 70.359 -8.4959
35.969831 70.193 -10.0850
36.230483 69.991 -11.7033
36.493024 69.755 -13.2785
36.757467 69.490 -14.7585
37.023827 69.200 -16.0975
37.292117 68.891 -17.2449
37.562351 68.570 -18.1703
37.834543 68.245 -18.8619
38.108708 67.923 -19.3152
38.384859 67.609 -19.5487
38.663012 67.309 -19.5992
38.943180 67.027 -19.4951
39.225378 66.765 -19.2662
39.509622 66.527 -18.9421
39.795925 66.312 -18.5408
40.084302 66.126 -18.0655
40.374770 65.970 -17.5211
40.667342 65.851 -16.9165
40.962034 65.775 -16.2738
41.258862 65.750 -15.6436
41.557841 65.782 -15.1078
41.858986 65.875 -14.7738
42.162313 66.031 -14.7651
42.467839 66.248 -15.2087
42.775578 66.519 -16.2243
43.085548 66.833 -17.8914
43.397763 67.178 -20.2428
43.712242 67.542 -23.2746
44.028998 67.913 -26.9565
44.348051 68.280 -31.2429
44.669415 68.635 -36.0840
44.993108 68.966 -41.4307
45.319147 69.269 -47.2444
45.647548 69.539 -53.4982
45.978329 69.773 -60.1762
46.311507 69.972 -67.2708
46.647099 70.136 -74.7784
46.985123 70.271 -82.6963
47.325597 70.383 -91.0182
47.668537 70.477 -99.7303
48.013963 70.561 -108.8105
48.361892 70.643 -118.2264
48.712342 70.728 -127.9366
49.065332 70.821 -137.8901
49.420880 70.924 -148.0228
49.779004 71.038 -158.2582
50.139723 71.158 -168.5082
50.503056 71.278 -178.6740
50.869022 71.389 171.3445
51.237640 71.476 161.6393
51.608929 71.526 152.2869
51.982909 71.524 143.3460
52.359598 71.459 134.8596
52.739018 71.322 126.8612
53.121186 71.108 119.3813
53.506124 70.814 112.4575
53.893852 70.441 106.1396
54.284389 69.996 100.4970
54.677756 69.484 95.6223
55.073973 68.916 91.6317
55.473062 68.302 88.6664
55.875043 67.663 86.8895
56.279936 67.023 86.4767
56.687764 66.422 87.5914
57.098547 65.920 90.3260
57.512306 65.594 94.5997
57.929064 65.525 100.0427
58.348842 65.765 105.9662
58.771662 66.311 111.5374
59.197546 67.102 116.0682
59.626515 68.052 119.1917
60.058594 69.079 120.8381
60.493803 70.121 121.1198
60.932166 71.140 120.2170
61.373706 72.107 118.3158
61.818445 73.008 115.5893
62.266407 73.832 112.1927
62.717615 74.575 108.2610
63.172093 75.234 103.9083
63.629864 75.807 99.2359
64.090952 76.296 94.3329
64.555381 76.699 89.2709
65.023176 77.019 84.1110
65.494361 77.257 78.9147
65.968960 77.413 73.7390
66.446998 77.490 68.6260
66.928501 77.487 63.6307
67.413492 77.406 58.8139
67.901998 77.246 54.2303
68.394044 77.010 49.9518
68.889655 76.698 46.0673
69.388858 76.312 42.6744
69.891679 75.859 39.9024
70.398142 75.350 37.9109
70.908276 74.802 36.8898
71.422107 74.253 37.0438
71.939661 73.758 38.5406
72.460965 73.398 41.3955
72.986047 73.264 45.3070
73.514934 73.419 49.6205
74.047654 73.866 53.4468
74.584234 74.542 56.0773
75.124702 75.351 57.1391
75.669086 76.205 56.6258
76.217416 77.037 54.7054
76.769719 77.807 51.6152
77.326024 78.488 47.5908
77.886360 79.067 42.8333
78.450757 79.535 37.5280
79.019243 79.890 31.8174
79.591849 80.129 25.8468
80.168605 80.252 19.7239
80.749539 80.262 13.5653
81.334684 80.163 7.4643
81.924068 79.957 1.5060
82.517724 79.651 -4.2269
83.115681 79.252 -9.6751
83.717972 78.766 -14.7815
84.324627 78.201 -19.5070
84.935678 77.561 -23.8215
85.551157 76.850 -27.7028
86.171096 76.068 -31.1292
86.795527 75.212 -34.0633
87.424483 74.274 -36.4380
88.057997 73.243 -38.1262
88.696102 72.109 -38.9012
89.338830 70.869 -38.3921
89.986216 69.543 -36.0386
90.638293 68.210 -31.1139
91.295096 67.045 -23.0155
91.956658 66.317 -12.0961
92.623013 66.235 -0.3918
93.294198 66.729 9.5072
93.970246 67.534 16.4212
94.651193 68.410 20.6330
95.337075 69.227 22.9210
96.027927 69.938 24.0084
96.723785 70.537 24.4399
97.424685 71.038 24.5984
98.130664 71.466 24.7414
98.841760 71.851 25.0243
99.558008 72.221 25.5101
100.279446 72.604 26.1773
101.006112 73.023 26.9328
101.738044 73.490 27.6373
102.475280 74.005 28.1394
103.217858 74.565 28.3063
103.965817 75.158 28.0432
104.719197 75.770 27.2963
105.478035 76.386 26.0474
106.242372 76.997 24.3016
107.012248 77.592 22.0789
107.787703 78.162 19.4066
108.568777 78.700 16.3171
109.355511 79.199 12.8476
110.147947 79.655 9.0386
110.946124 80.060 4.9344
111.750085 80.412 0.5833
112.559873 80.705 -3.9646
113.375528 80.937 -8.6572
114.197094 81.105 -13.4417
115.024613 81.208 -18.2652
115.858129 81.246 -23.0767
116.697684 81.219 -27.8251
117.543324 81.131 -32.4603
118.395091 80.984 -36.9343
119.253031 80.785 -41.2015
120.117188 80.539 -45.2192
120.987606 80.256 -48.9520
121.864332 79.943 -52.3741
122.747411 79.611 -55.4734
123.636890 79.271 -58.2570
124.532814 78.933 -60.7545
125.435230 78.604 -63.0171
126.344185 78.291 -65.1122
127.259727 77.992 -67.1102
128.181904 77.703 -69.0699
129.110763 77.418 -71.0271
130.046352 77.125 -72.9873
130.988722 76.818 -74.9258
131.937920 76.488 -76.7914
132.893997 76.133 -78.5159
133.857001 75.754 -80.0212
134.826984 75.355 -81.2322
135.803996 74.947 -82.0865
136.788088 74.546 -82.5499
137.779311 74.167 -82.6277
138.777717 73.828 -82.3708
139.783357 73.542 -81.8728
140.796285 73.316 -81.2490
141.816553 73.151 -80.6113
142.844214 73.041 -80.0464
143.879322 72.980 -79.6079
144.921931 72.963 -79.3222
145.972095 72.985 -79.2037
147.029869 73.043 -79.2708
148.095308 73.136 -79.5554
149.168468 73.262 -80.1046
150.249404 73.417 -80.9760
151.338173 73.592 -82.2279
152.434832 73.777 -83.9102
153.539437 73.960 -86.0577
154.652047 74.127 -88.6860
155.772720 74.265 -91.7896
156.901513 74.362 -95.3425
158.038486 74.406 -99.2999
159.183698 74.388 -103.6031
160.337209 74.304 -108.1846
161.499079 74.150 -112.9734
162.669367 73.926 -117.9025
163.848137 73.636 -122.9157
165.035448 73.286 -127.9749
166.231363 72.883 -133.0691
167.435944 72.436 -138.2205
168.649254 71.955 -143.4897
169.871356 71.445 -148.9788
171.102314 70.913 -154.8274
172.342191 70.360 -161.2084
173.591054 69.787 -168.3217
174.848966 69.198 -176.3918
176.115994 68.603 174.3413
177.392203 68.029 163.6399
178.677660 67.520 151.3159
179.972432 67.148 137.3380
181.276587 66.993 121.9685
182.590191 67.115 105.8330
183.913315 67.519 89.7712
185.246027 68.145 74.5127
186.588396 68.905 60.4573
187.940492 69.711 47.6827
189.302387 70.501 36.0831
190.674150 71.234 25.4962
192.055853 71.888 15.7676
193.447569 72.456 6.7756
194.849370 72.934 -1.5698
196.261329 73.327 -9.3337
197.683519 73.640 -16.5642
199.116016 73.883 -23.2982
200.558892 74.062 -29.5651
202.012225 74.188 -35.3879
203.476089 74.267 -40.7850
204.950560 74.311 -45.7736
206.435716 74.329 -50.3750
207.931635 74.331 -54.6221
209.438393 74.326 -58.5621
210.956070 74.321 -62.2567
212.484745 74.321 -65.7788
214.024497 74.326 -69.2042
215.575406 74.333 -72.6033
217.137555 74.336 -76.0320
218.711023 74.328 -79.5261
220.295893 74.300 -83.1010
221.892248 74.243 -86.7511
223.500171 74.149 -90.4540
225.119745 74.011 -94.1725
226.751056 73.823 -97.8535
228.394187 73.578 -101.4294
230.049226 73.275 -104.8145
231.716257 72.913 -107.9008
233.395369 72.496 -110.5597
235.086648 72.035 -112.6458
236.790182 71.552 -114.0125
238.506062 71.079 -114.5437
240.234375 70.660 -114.2073
241.975212 70.346 -113.1168
243.728664 70.179 -111.5670
245.494823 70.178 -109.9891
247.273780 70.326 -108.8273
249.065627 70.583 -108.4041
250.870459 70.894 -108.8582
252.688370 71.213 -110.1675
254.519454 71.500 -112.2086
256.363807 71.732 -114.8129
258.221525 71.895 -117.8035
260.092705 71.986 -121.0153
261.977444 72.006 -124.3035
263.875840 71.963 -127.5499
265.787993 71.867 -130.6654
267.714003 71.730 -133.5906
269.653969 71.565 -136.2954
271.607992 71.382 -138.7758
273.576176 71.194 -141.0494
275.558622 71.007 -143.1514
277.555433 70.826 -145.1310
279.566714 70.655 -147.0496
281.592570 70.491 -148.9722
283.633106 70.328 -150.9553
285.688428 70.156 -153.0314
287.758644 69.960 -155.1938
289.843862 69.729 -157.3848
291.944190 69.452 -159.4930
294.059738 69.128 -161.3645
296.190616 68.765 -162.8191
298.336935 68.387 -163.6862
300.498808 68.029 -163.8590
302.676346 67.738 -163.3595
304.869664 67.559 -162.3849
307.078875 67.520 -161.2959
309.304095 67.619 -160.5170
311.545440 67.827 -160.4077
313.803027 68.098 -161.1797
316.076973 68.383 -162.8907
318.367397 68.638 -165.4901
320.674418 68.831 -168.8641
322.998157 68.935 -172.8730
325.338735 68.930 -177.3673
327.696273 68.802 177.8042
330.070896 68.539 172.7961
332.462726 68.128 167.7697
334.871888 67.558 162.9049
337.298507 66.819 158.4144
339.742711 65.896 154.5677
342.204627 64.781 151.7284
344.684383 63.467 150.4203
347.182108 61.970 151.4326
349.697933 60.369 155.9387
352.231988 58.901 165.3291
354.784406 58.041 179.7819
357.355320 58.234 -164.1595
359.944864 59.337 -151.4480
362.553173 60.837 -143.6776
365.180383 62.379 -139.8859
367.826630 63.822 -138.8433
370.492054 65.125 -139.7017
373.176792 66.283 -141.9354
375.880985 67.298 -145.2075
378.604773 68.172 -149.2777
381.348300 68.906 -153.9507
384.111707 69.503 -159.0480
386.895138 69.963 -164.3958
389.698740 70.293 -169.8203
392.522658 70.503 -175.1526
395.367039 70.606 179.7623
398.232031 70.621 175.0530
401.117785 70.573 170.8063
404.024450 70.486 167.0519
406.952177 70.385 163.7578
409.901120 70.291 160.8347
412.871433 70.215 158.1566
415.863270 70.162 155.5867
418.876786 70.127 153.0026
421.912140 70.100 150.3119
424.969489 70.069 147.4578
428.048993 70.020 144.4153
431.150813 69.937 141.1846
434.275109 69.806 137.7837
437.422046 69.611 134.2450
440.591786 69.336 130.6215
443.784496 68.959 126.9973
447.000341 68.457 123.5076
450.239490 67.802 120.3770
453.502111 66.967 117.9799
456.788374 65.931 116.9408
460.098451 64.713 118.2848
463.432514 63.443 123.5297
466.790737 62.487 134.0336
470.173295 62.406 148.3558
473.580365 63.360 161.1333
477.012124 64.878 168.7507
480.468750 66.475 171.6510
483.950425 67.937 171.4186
487.457329 69.210 169.2729
490.989646 70.299 165.9644
494.547559 71.226 161.9354
498.131254 72.013 157.4491
501.740919 72.679 152.6660
505.376740 73.238 147.6913
509.038909 73.702 142.6008
512.727614 74.081 137.4554
516.443050 74.382 132.3044
520.185409 74.613 127.1866
523.954887 74.782 122.1256
527.751680 74.894 117.1307
531.575987 74.953 112.1993
535.428005 74.961 107.3245
539.307937 74.916 102.5033
543.215985 74.814 97.7474
547.152352 74.650 93.0883
551.117243 74.419 88.5811
555.110866 74.116 84.3053
559.133428 73.738 80.3691
563.185140 73.286 76.9122
567.266211 72.767 74.1083
571.376856 72.199 72.1626
575.517288 71.616 71.2852
579.687724 71.073 71.6248
583.888380 70.647 73.1516
588.119476 70.415 75.5317
592.381232 70.423 78.1180
596.673871 70.663 80.1490
600.997615 71.070 81.0363
605.352692 71.559 80.5143
609.739327 72.048 78.5994
614.157750 72.475 75.4702
618.608190 72.797 71.3705
623.090880 72.984 66.5533
627.606053 73.016 61.2616
632.153945 72.880 55.7256
636.734793 72.562 50.1747
641.348836 72.046 44.8621
645.996314 71.316 40.1073
650.677470 70.357 36.3730
655.392547 69.161 34.3909
660.141792 67.773 35.3529
664.925451 66.384 40.9492
669.743775 65.470 52.1526
674.597014 65.588 65.8613
679.485423 66.663 76.0131
684.409254 68.095 80.4055
689.368766 69.457 80.3690
694.364216 70.589 77.5848
699.395865 71.459 73.2137
704.463976 72.078 67.9966
709.568812 72.466 62.4318
714.710640 72.648 56.8888
719.889728 72.649 51.6693
725.106346 72.501 47.0334
730.360766 72.243 43.1943
735.653261 71.924 40.2892
740.984108 71.597 38.3291
746.353584 71.315 37.1600
751.761970 71.113 36.4789
757.209547 71.001 35.9220
762.696599 70.964 35.1895
768.223413 70.973 34.1227
773.790277 70.998 32.7035
779.397480 71.019 30.9967
785.045315 71.026 29.0862
790.734077 71.019 27.0254
796.464062 71.000 24.8146
802.235569 70.968 22.4037
808.048899 70.915 19.7163
813.904354 70.826 16.6858
819.802241 70.678 13.2932
825.742866 70.442 9.5911
831.726539 70.094 5.7135
837.753572 69.613 1.8740
843.824280 68.984 -1.6426
849.938979 68.211 -4.4949
856.097987 67.311 -6.3115
862.301626 66.326 -6.7506
868.550219 65.319 -5.6018
874.844092 64.367 -2.9019
881.183573 63.532 1.0427
887.568992 62.845 5.8354
894.000683 62.307 11.2683
900.478980 61.931 17.4028
907.004222 61.774 24.2961
913.576749 61.914 31.5425
920.196903 62.376 38.1405
926.865029 63.081 43.0321
933.581475 63.883 45.7444
940.346591 64.648 46.4519
947.160730 65.285 45.6630
954.024247 65.751 43.9567
960.937500 66.032 41.8745
967.900849 66.136 39.9039
974.914658 66.089 38.4863
981.979291 65.937 38.0177
989.095118 65.753 38.7997
996.262509 65.630 40.9159
1003.481838 65.669 44.0714
1010.753481 65.933 47.5587
1018.077817 66.416 50.5153
1025.455229 67.046 52.3197
1032.886100 67.730 52.7742
1040.370819 68.393 52.0077
1047.909774 68.983 50.2987
1055.503361 69.476 47.9501
1063.151973 69.862 45.2377
1070.856010 70.145 42.3981
1078.615875 70.333 39.6302
1086.431970 70.443 37.0958
1094.304704 70.493 34.9130
1102.234487 70.510 33.1436
1110.221732 70.516 31.7892
1118.266856 70.532 30.7969
1126.370279 70.574 30.0771
1134.532422 70.650 29.5297
1142.753712 70.766 29.0590
1151.034577 70.923 28.5767
1159.375448 71.119 27.9937
1167.776760 71.349 27.2173
1176.238952 71.604 26.1638
1184.762464 71.867 24.7816
1193.347741 72.125 23.0657
1201.995231 72.363 21.0562
1210.705384 72.573 18.8231
1219.478654 72.752 16.4434
1228.315499 72.903 13.9774
1237.216380 73.031 11.4557
1246.181760 73.140 8.8787
1255.212106 73.233 6.2246
1264.307891 73.310 3.4642
1273.469587 73.367 0.5751
1282.697672 73.400 -2.4517
1291.992628 73.404 -5.6112
1301.354940 73.374 -8.8899
1310.785094 73.306 -12.2719
1320.283583 73.195 -15.7383
1329.850902 73.037 -19.2648
1339.487550 72.826 -22.8190
1349.194029 72.559 -26.3584
1358.970845 72.232 -29.8322
1368.818508 71.842 -33.1887
1378.737531 71.388 -36.3792
1388.728432 70.867 -39.3551
1398.791730 70.274 -42.0582
1408.927952 69.605 -44.3987
1419.137625 68.855 -46.2385
1429.421281 68.026 -47.3820
1439.779457 67.131 -47.5870
1450.212692 66.200 -46.6022
1460.721531 65.283 -44.2318
1471.306521 64.451 -40.4364
1481.968215 63.779 -35.4288
1492.707168 63.322 -29.6918
1503.523939 63.094 -23.8420
1514.419093 63.061 -18.3975
1525.393198 63.162 -13.6051
1536.446826 63.341 -9.4313
1547.580553 63.564 -5.6704
1558.794960 63.830 -2.0902
1570.090631 64.158 1.4368
1581.468155 64.576 4.8510
1592.928125 65.100 7.9137
1604.471139 65.720 10.3135
1616.097798 66.401 11.8087
1627.808709 67.100 12.3180
1639.604482 67.774 11.9181
1651.485732 68.394 10.7848
1663.453078 68.947 9.1246
1675.507145 69.431 7.1251
1687.648560 69.853 4.9240
1699.877958 70.224 2.5997
1712.195974 70.553 0.1777
1724.603252 70.847 -2.3525
1737.100438 71.107 -5.0157
1749.688184 71.329 -7.8295
1762.367146 71.509 -10.7905
1775.137984 71.640 -13.8669
1788.001366 71.715 -16.9990
1800.957961 71.734 -20.1068
1814.008445 71.698 -23.1001
1827.153498 71.615 -25.8940
1840.393805 71.495 -28.4240
1853.730057 71.353 -30.6603
1867.162949 71.205 -32.6183
1880.693182 71.061 -34.3574
1894.321460 70.929 -35.9653
1908.048494 70.808 -37.5338
1921.875000 70.693 -39.1337
1935.801698 70.573 -40.8021
1949.829316 70.438 -42.5403
1963.958583 70.278 -44.3215
1978.190236 70.085 -46.0972
1992.525018 69.851 -47.7950
2006.963676 69.575 -49.3192
2021.506962 69.257 -50.5518
2036.155634 68.908 -51.3682
2050.910458 68.545 -51.6637
2065.772200 68.193 -51.3822
2080.741637 67.880 -50.5425
2095.819549 67.634 -49.2476
2111.006721 67.475 -47.6713
2126.303946 67.409 -46.0239
2141.712021 67.432 -44.5118
2157.231749 67.528 -43.3005
2172.863940 67.677 -42.4930
2188.609407 67.854 -42.1262
2204.468973 68.039 -42.1816
2220.443464 68.213 -42.6011
2236.533713 68.366 -43.3018
2252.740558 68.490 -44.1904
2269.064845 68.586 -45.1743
2285.507424 68.657 -46.1752
2302.069153 68.710 -47.1411
2318.750895 68.753 -48.0546
2335.553520 68.794 -48.9320
2352.477904 68.838 -49.8123
2369.524928 68.884 -50.7386
2386.695483 68.929 -51.7422
2403.990462 68.968 -52.8312
2421.410768 68.994 -53.9908
2438.957308 69.005 -55.1906
2456.630998 68.999 -56.3912
2474.432759 68.978 -57.5552
2492.363519 68.944 -58.6526
2510.424213 68.903 -59.6659
2528.615781 68.860 -60.5912
2546.939174 68.819 -61.4388
2565.395345 68.784 -62.2313
2583.985257 68.756 -62.9984
2602.709879 68.737 -63.7709
2621.570188 68.722 -64.5742
2640.567166 68.710 -65.4265
2659.701804 68.696 -66.3376
2678.975100 68.674 -67.3086
2698.388058 68.640 -68.3262
2717.941690 68.587 -69.3564
2737.637016 68.512 -70.3400
2757.475062 68.416 -71.1978
2777.456863 68.303 -71.8441
2797.583461 68.187 -72.2089
2817.855904 68.084 -72.2611
2838.275249 68.014 -72.0280
2858.842562 67.995 -71.5990
2879.558913 68.036 -71.1124
2900.425384 68.137 -70.7251
2921.443062 68.289 -70.5746
2942.613043 68.476 -70.7542
2963.936430 68.681 -71.3022
2985.414335 68.887 -72.2104
3007.047878 69.081 -73.4393
3028.838187 69.251 -74.9338
3050.786397 69.393 -76.6340
3072.893653 69.503 -78.4810
3095.161107 69.578 -80.4192
3117.589920 69.619 -82.3989
3140.181262 69.627 -84.3774
3162.936310 69.604 -86.3185
3185.856250 69.551 -88.1906
3208.942278 69.468 -89.9620
3232.195596 69.360 -91.5959
3255.617418 69.228 -93.0469
3279.208964 69.077 -94.2628
3302.971464 68.918 -95.1926
3326.906156 68.762 -95.8011
3351.014290 68.627 -96.0844
3375.297121 68.528 -96.0867
3399.755915 68.481 -95.9065
3424.391948 68.491 -95.6803
3449.206504 68.558 -95.5533
3474.200876 68.672 -95.6500
3499.376367 68.818 -96.0542
3524.734291 68.978 -96.8020
3550.275969 69.137 -97.8890
3576.002732 69.279 -99.2815
3601.915922 69.393 -100.9261
3628.016889 69.472 -102.7585
3654.306995 69.510 -104.7072
3680.787610 69.503 -106.6971
3707.460115 69.452 -108.6530
3734.325899 69.357 -110.5009
3761.386364 69.222 -112.1696
3788.642920 69.053 -113.5902
3816.096988 68.858 -114.6949
3843.750000 68.646 -115.4178
3871.603397 68.434 -115.7004
3899.658631 68.241 -115.5061
3927.917165 68.093 -114.8440
3956.380472 68.014 -113.7943
3985.050036 68.029 -112.5251
4013.927351 68.147 -111.2764
4043.013923 68.362 -110.3116
4072.311269 68.653 -109.8575
4101.820915 68.987 -110.0544
4131.544400 69.329 -110.9399
4161.483274 69.645 -112.4603
4191.639097 69.910 -114.4982
4222.013442 70.106 -116.8992
4252.607892 70.224 -119.4945
4283.424042 70.262 -122.1145
4314.463498 70.226 -124.5978
4345.727879 70.125 -126.7972
4377.218815 69.978 -128.5887
4408.937947 69.807 -129.8859
4440.886929 69.641 -130.6604
4473.067426 69.509 -130.9644
4505.481116 69.438 -130.9395
4538.129690 69.443 -130.8030
4571.014848 69.521 -130.8008
4604.138306 69.656 -131.1481
4637.501790 69.821 -131.9843
4671.107040 69.984 -133.3547
4704.955807 70.113 -135.2202
4739.049856 70.182 -137.4727
4773.390965 70.173 -139.9561
4807.980924 70.074 -142.4817
4842.821536 69.883 -144.8391
4877.914617 69.605 -146.8073
4913.261997 69.260 -148.1707
4948.865519 68.876 -148.7434
4984.727038 68.499 -148.4109
5020.848425 68.179 -147.1855
5057.231563 67.971 -145.2620
5093.878347 67.910 -143.0195
5130.790689 67.999 -140.9340
5167.970514 68.209 -139.4260
5205.419759 68.487 -138.7382
5243.140376 68.774 -138.9055
5281.134332 69.022 -139.7991
5319.403609 69.199 -141.1912
5357.950200 69.287 -142.8102
5396.776116 69.286 -144.3809
5435.883380 69.209 -145.6525
5475.274032 69.084 -146.4304
5514.950125 68.948 -146.6124
5554.913727 68.840 -146.2212
5595.166922 68.797 -145.4194
5635.711808 68.838 -144.4792
5676.550498 68.962 -143.7045
5717.685123 69.145 -143.3384
5759.117827 69.350 -143.5004
5800.850769 69.542 -144.1749
5842.886124 69.692 -145.2402
5885.226086 69.782 -146.5107
5927.872860 69.807 -147.7762
5970.828671 69.778 -148.8383
6014.095756 69.714 -149.5471
6057.676373 69.643 -149.8352
6101.572794 69.595 -149.7416
6145.787305 69.594 -149.4084
6190.322213 69.648 -149.0405
6235.179840 69.751 -148.8383
6280.362523 69.883 -148.9373
6325.872619 70.021 -149.3817
6371.712500 70.143 -150.1335
6417.884555 70.233 -151.1005
6464.391192 70.283 -152.1680
6511.234836 70.293 -153.2273
6558.417927 70.269 -154.1921
6605.942927 70.219 -155.0100
6653.812313 70.150 -155.6599
6702.028580 70.070 -156.1454
6750.594241 69.982 -156.4769
6799.511830 69.889 -156.6543
6848.783896 69.791 -156.6561
6898.413007 69.692 -156.4408
6948.401751 69.602 -155.9629
6998.752735 69.535 -155.2024
7049.468582 69.509 -154.1919
7100.551937 69.537 -153.0317
7152.005464 69.628 -151.8770
7203.831844 69.777 -150.8970
7256.033779 69.971 -150.2297
7308.613991 70.188 -149.9509
7361.575220 70.406 -150.0667
7414.920229 70.608 -150.5264
7468.651798 70.782 -151.2479
7522.772727 70.920 -152.1404
7577.285840 71.022 -153.1216
7632.193976 71.088 -154.1283
7687.500000 71.123 -155.1182
7743.206794 71.128 -156.0626
7799.317262 71.104 -156.9374
7855.834330 71.054 -157.7106
7912.760944 70.978 -158.3365
7970.100072 70.881 -158.7570
8027.854702 70.771 -158.9086
8086.027847 70.660 -158.7401
8144.622538 70.568 -158.2418
8203.641830 70.514 -157.4685
8263.088801 70.514 -156.5458
8322.966548 70.571 -155.6483
8383.278195 70.677 -154.9510
8444.026884 70.814 -154.5748
8505.215784 70.956 -154.5557
8566.848084 71.083 -154.8462
8628.926996 71.179 -155.3387
8691.455758 71.238 -155.8999
8754.437630 71.263 -156.4061
8817.875894 71.267 -156.7727
8881.773857 71.262 -156.9684
8946.134852 71.261 -157.0156
9010.962233 71.272 -156.9722
9076.259380 71.299 -156.9050
9142.029697 71.340 -156.8684
9208.276612 71.390 -156.8961
9275.003581 71.446 -157.0051
9342.214080 71.504 -157.2074
9409.911614 71.560 -157.5161
9478.099713 71.608 -157.9409
9546.781930 71.641 -158.4781
9615.961848 71.652 -159.1010
9685.643071 71.636 -159.7576
9755.829233 71.592 -160.3792
9826.523994 71.522 -160.8937
9897.731037 71.433 -161.2432
9969.454076 71.336 -161.3976
10041.696850 71.241 -161.3602
10114.463125 71.156 -161.1642
10187.756694 71.088 -160.8618
10261.581379 71.039 -160.5110
10335.941028 71.006 -160.1622
10410.839517 70.986 -159.8533
10486.280752 70.974 -159.6035
10562.268665 70.964 -159.4133
10638.807218 70.951 -159.2672
10715.900400 70.935 -159.1385
10793.552232 70.916 -159.0017
10871.766761 70.897 -158.8436
10950.548064 70.879 -158.6729
11029.900250 70.866 -158.5146
11109.827454 70.854 -158.3971
11190.333843 70.840 -158.3334
11271.423615 70.819 -158.3120
11353.100997 70.789 -158.3003
11435.370247 70.750 -158.2583
11518.235653 70.705 -158.1588
11601.701537 70.660 -157.9976
11685.772249 70.618 -157.7909
11770.452172 70.581 -157.5635
11855.745720 70.548 -157.3364
11941.657341 70.519 -157.1206
12028.191513 70.492 -156.9215
12115.352747 70.465 -156.7422
12203.145587 70.436 -156.5854
12291.574610 70.405 -156.4509
12380.644427 70.368 -156.3280
12470.359680 70.326 -156.1967
12560.725047 70.279 -156.0326
12651.745238 70.232 -155.8201
12743.425000 70.187 -155.5586
12835.769110 70.149 -155.2659
12928.782385 70.120 -154.9717
13022.469671 70.101 -154.7103
13116.835855 70.087 -154.5137
13211.885854 70.075 -154.4031
13307.624625 70.060 -154.3850
13404.057159 70.037 -154.4486
13501.188483 70.000 -154.5671
13599.023660 69.948 -154.7043
13697.567791 69.882 -154.8250
13796.826014 69.804 -154.9008
13896.803503 69.717 -154.9135
13997.505470 69.625 -154.8551
14098.937164 69.531 -154.7284
14201.103875 69.438 -154.5447
14304.010928 69.349 -154.3201
14407.663687 69.264 -154.0696
14512.067557 69.181 -153.8008
14617.227981 69.100 -153.5131
14723.150441 69.023 -153.2000
14829.840458 68.950 -152.8556
14937.303595 68.884 -152.4822
15045.545455 68.827 -152.0939
15154.571679 68.781 -151.7122
15264.387953 68.745 -151.3619
15375.000000 68.718 -151.0653
15486.413588 68.696 -150.8346
15598.634525 68.677 -150.6680
15711.668661 68.657 -150.5522
15825.521888 68.637 -150.4702
15940.200144 68.618 -150.4076
16055.709405 68.601 -150.3604
16172.055694 68.590 -150.3369
16289.245076 68.586 -150.3555
16407.283660 68.588 -150.4387
16526.177601 68.595 -150.6060
16645.933097 68.605 -150.8690
16766.556390 68.616 -151.2307
16888.053769 68.624 -151.6868
17010.431568 68.629 -152.2277
17133.696167 68.630 -152.8444
17257.853993 68.627 -153.5291
17382.911517 68.622 -154.2736
17508.875259 68.614 -155.0724
17635.751787 68.605 -155.9443
17763.547714 68.593 -156.8925
17892.269704 68.580 -157.8766
18021.924466 68.569 -158.9148
18152.518759 68.562 -160.0353
18284.059393 68.559 -161.2484
18416.553225 68.558 -162.5654
18550.007161 68.560 -163.9980
18684.428160 68.565 -165.5587
18819.823228 68.570 -167.2604
18956.199425 68.575 -169.1150
19093.563861 68.577 -171.1304
19231.923695 68.575 -173.3079
19371.286142 68.568 -175.6444
19511.658467 68.555 -178.1379
19653.047987 68.538 179.2101
19795.462074 68.516 176.3885
19938.908153 68.491 173.3715
20083.393701 68.455 170.2631
20228.926250 68.409 167.0864
20375.513389 68.355 163.6840
20523.162758 68.290 160.0435
20671.882055 68.212 156.1576
20821.679034 68.114 152.0243
20972.561504 67.991 147.6479
21124.537330 67.831 143.0408
21277.614435 67.625 138.2251
21431.800801 67.356 133.2339
21587.104464 67.004 128.1102
21743.533521 66.541 122.9054
21901.096129 65.934 117.6757
22059.800499 65.139 112.4785
22219.654907 64.101 107.3677
22380.667686 62.750 102.3914
22542.847230 61.002 97.5873
22706.201994 58.750 92.9829
22870.740494 55.866 88.5948
23036.471307 52.193 84.4290
23203.403074 47.551 80.4825
23371.544498 41.765 76.7457
23540.904344 34.753 73.2039
23711.491441 26.643 69.8389
23883.314682 18.167 66.6312
