* Measurement data measured by REW V5.40 beta 133
* Source: U18dB [plughw:3,0], Mic (Mic), R, Volume: 1.000. Timing signal peak level -25.7 dBFS, measurement signal peak level -14.2 dBFS
* Format: 512k Log Swept Sine, 1 sweep at -12.0 dBFS using an acoustic timing reference
* Dated: Sep 10, 2026, 11:24:43 AM
* REW Settings:
*  C-weighting compensation: Off
*  Target level: 75.0 dB
* Note: ; 10 sept 2026  Position MLP+20cm TO THE LEFT 4.186m from front wall  2 screen panels prolongation - new setup DAC level -29dB MIC HEIGHT: 1.000m mic boom arm height: 1.040 -12dBFS OKTO -28dB DELAY 0.5262 ms (180 mm, 7.11 in) using estimated IR delay relative to Acoustic reference played from DAC8STEREO L with no timing offset Clock adjustment: -14.6 ppm
* Measurement: R 120.green.3
* Smoothing: 1/48 octave
* Frequency Step: 96 ppo
* Start Frequency: 15.014648 Hz
*
* Freq(Hz)	SPL(dB)	Phase(degrees)
15.014648	69.218	-153.8305
15.123451	69.409	-155.0344
15.233042	69.644	-156.2668
15.343426	69.889	-157.5583
15.454611	70.139	-158.9225
15.566602	70.395	-160.3334
15.679404	70.650	-161.7961
15.793023	70.899	-163.3204
15.907466	71.145	-164.9015
16.022738	71.384	-166.5308
16.138845	71.611	-168.2068
16.255794	71.826	-169.9426
16.373590	72.030	-171.7297
16.492240	72.221	-173.5524
16.611750	72.399	-175.4287
16.732125	72.568	-177.3549
16.853373	72.728	-179.2980
16.975500	72.883	178.7298
17.098511	73.034	176.7292
17.222414	73.183	174.7422
17.347215	73.332	172.7656
17.472920	73.482	170.7965
17.599536	73.631	168.8636
17.727069	73.781	166.9651
17.855527	73.929	165.0933
17.984915	74.074	163.2472
18.115241	74.216	161.4240
18.246512	74.351	159.6100
18.378734	74.477	157.7865
18.511914	74.595	155.9471
18.646058	74.702	154.0880
18.781175	74.797	152.1914
18.917272	74.882	150.2506
19.054354	74.955	148.2940
19.192430	75.016	146.2988
19.331506	75.068	144.2802
19.471590	75.110	142.2864
19.612689	75.141	140.2843
19.754811	75.166	138.3200
19.897962	75.184	136.4200
20.042151	75.197	134.5657
20.187385	75.207	132.7973
20.333671	75.216	131.1136
20.481017	75.226	129.5079
20.629431	75.242	127.9907
20.778920	75.264	126.5566
20.929493	75.298	125.1766
21.081157	75.343	123.8665
21.233919	75.401	122.5898
21.387789	75.473	121.3337
21.542774	75.559	120.0985
21.698882	75.658	118.8439
21.856121	75.768	117.5845
22.014499	75.885	116.2944
22.174025	76.010	114.9730
22.334708	76.138	113.6195
22.496554	76.268	112.2236
22.659573	76.398	110.7928
22.823774	76.528	109.3235
22.989164	76.658	107.8167
23.155753	76.785	106.2722
23.323549	76.912	104.6888
23.492562	77.038	103.0630
23.662798	77.163	101.3935
23.834269	77.288	99.6745
24.006982	77.413	97.9019
24.180946	77.538	96.0740
24.356171	77.664	94.1831
24.532666	77.790	92.2343
24.710440	77.916	90.2212
24.889502	78.042	88.1524
25.069862	78.168	86.0271
25.251528	78.293	83.8520
25.434511	78.416	81.6299
25.618820	78.537	79.3626
25.804465	78.656	77.0510
25.991454	78.772	74.6911
26.179799	78.885	72.2761
26.369509	78.993	69.7979
26.560593	79.096	67.2404
26.753062	79.192	64.5955
26.946926	79.280	61.8409
27.142194	79.356	58.9755
27.338878	79.419	55.9723
27.536987	79.465	52.8489
27.736531	79.492	49.5749
27.937521	79.495	46.1952
28.139968	79.473	42.6819
28.343882	79.421	39.1026
28.549273	79.337	35.4481
28.756153	79.217	31.7778
28.964532	79.059	28.1257
29.174421	78.860	24.5126
29.385831	78.618	21.0144
29.598773	78.331	17.6254
29.813258	78.001	14.4241
30.029297	77.625	11.4092
30.246902	77.206	8.6384
30.466083	76.750	6.1265
30.686853	76.260	3.9235
30.909222	75.748	2.0468
31.133203	75.221	0.5403
31.358807	74.692	-0.5663
31.586046	74.173	-1.2823
31.814932	73.677	-1.5677
32.045476	73.219	-1.4979
32.277691	72.809	-1.1057
32.511588	72.457	-0.4575
32.747180	72.167	0.3022
32.984480	71.938	1.0986
33.223499	71.769	1.8131
33.464250	71.648	2.3474
33.706746	71.568	2.6536
33.950999	71.517	2.6815
34.197022	71.481	2.4310
34.444828	71.451	1.9120
34.694429	71.416	1.1465
34.945839	71.366	0.1910
35.199071	71.295	-0.9110
35.454138	71.196	-2.1012
35.711054	71.066	-3.3033
35.969831	70.906	-4.4755
36.230483	70.714	-5.5695
36.493024	70.494	-6.5226
36.757467	70.251	-7.2955
37.023827	69.988	-7.8529
37.292117	69.715	-8.1622
37.562351	69.438	-8.2108
37.834543	69.166	-7.9935
38.108708	68.906	-7.5120
38.384859	68.663	-6.7848
38.663012	68.444	-5.8378
38.943180	68.252	-4.6915
39.225378	68.093	-3.3713
39.509622	67.972	-1.9072
39.795925	67.897	-0.3340
40.084302	67.877	1.3064
40.374770	67.922	2.9541
40.667342	68.041	4.5323
40.962034	68.242	5.9452
41.258862	68.527	7.0798
41.557841	68.893	7.8279
41.858986	69.331	8.0972
42.162313	69.827	7.8196
42.467839	70.365	6.9532
42.775578	70.928	5.4747
43.085548	71.498	3.3881
43.397763	72.060	0.7164
43.712242	72.602	-2.5118
44.028998	73.114	-6.2679
44.348051	73.587	-10.5276
44.669415	74.017	-15.2717
44.993108	74.395	-20.4829
45.319147	74.719	-26.1487
45.647548	74.987	-32.2593
45.978329	75.195	-38.8064
46.311507	75.344	-45.7821
46.647099	75.434	-53.1759
46.985123	75.469	-60.9744
47.325597	75.451	-69.1591
47.668537	75.384	-77.7053
48.013963	75.273	-86.5822
48.361892	75.123	-95.7527
48.712342	74.937	-105.1766
49.065332	74.717	-114.8142
49.420880	74.466	-124.6281
49.779004	74.180	-134.5896
50.139723	73.861	-144.6796
50.503056	73.508	-154.8804
50.869022	73.123	-165.1699
51.237640	72.710	-175.5087
51.608929	72.273	174.1677
51.982909	71.818	163.9537
52.359598	71.349	153.9706
52.739018	70.866	144.3569
53.121186	70.370	135.2549
53.506124	69.858	126.8015
53.893852	69.327	119.1199
54.284389	68.776	112.3188
54.677756	68.207	106.4955
55.073973	67.624	101.7380
55.473062	67.035	98.1304
55.875043	66.456	95.7550
56.279936	65.908	94.6895
56.687764	65.422	94.9932
57.098547	65.040	96.6723
57.512306	64.817	99.6210
57.929064	64.809	103.5507
58.348842	65.058	107.9568
58.771662	65.569	112.1993
59.197546	66.304	115.6801
59.626515	67.199	118.0007
60.058594	68.182	119.0066
60.493803	69.194	118.7352
60.932166	70.191	117.3243
61.373706	71.142	114.9447
61.818445	72.027	111.7722
62.266407	72.834	107.9729
62.717615	73.557	103.6934
63.172093	74.192	99.0598
63.629864	74.738	94.1852
64.090952	75.196	89.1697
64.555381	75.567	84.0942
65.023176	75.855	79.0294
65.494361	76.063	74.0477
65.968960	76.193	69.2161
66.446998	76.252	64.5872
66.928501	76.241	60.2247
67.413492	76.166	56.1956
67.901998	76.031	52.5623
68.394044	75.845	49.3989
68.889655	75.617	46.7888
69.388858	75.359	44.8165
69.891679	75.092	43.5687
70.398142	74.843	43.1138
70.908276	74.648	43.4777
71.422107	74.550	44.5898
71.939661	74.591	46.2570
72.460965	74.802	48.1473
72.986047	75.188	49.8366
73.514934	75.730	50.9378
74.047654	76.386	51.1494
74.584234	77.110	50.3417
75.124702	77.854	48.4897
75.669086	78.582	45.6641
76.217416	79.266	41.9688
76.769719	79.885	37.5216
77.326024	80.424	32.4460
77.886360	80.875	26.8493
78.450757	81.229	20.8470
79.019243	81.481	14.5295
79.591849	81.628	8.0048
80.168605	81.668	1.3539
80.749539	81.603	-5.3260
81.334684	81.434	-11.9551
81.924068	81.164	-18.4577
82.517724	80.798	-24.7576
83.115681	80.341	-30.8002
83.717972	79.798	-36.5322
84.324627	79.176	-41.9195
84.935678	78.479	-46.9393
85.551157	77.708	-51.5810
86.171096	76.862	-55.8401
86.795527	75.933	-59.7047
87.424483	74.907	-63.1421
88.057997	73.764	-66.0680
88.696102	72.474	-68.3013
89.338830	71.004	-69.4933
89.986216	69.321	-68.9973
90.638293	67.426	-65.6357
91.295096	65.442	-57.4396
91.956658	63.820	-42.3806
92.623013	63.329	-22.6395
93.294198	64.118	-5.9832
93.970246	65.466	4.0034
94.651193	66.802	9.0127
95.337075	67.933	11.2190
96.027927	68.843	12.0242
96.723785	69.565	12.2541
97.424685	70.148	12.3964
98.130664	70.645	12.7269
98.841760	71.104	13.3618
99.558008	71.569	14.2803
100.279446	72.075	15.3495
101.006112	72.640	16.3677
101.738044	73.266	17.1219
102.475280	73.942	17.4406
103.217858	74.648	17.2195
103.965817	75.367	16.4197
104.719197	76.080	15.0487
105.478035	76.774	13.1397
106.242372	77.439	10.7355
107.012248	78.068	7.8808
107.787703	78.655	4.6185
108.568777	79.197	0.9908
109.355511	79.688	-2.9580
110.147947	80.127	-7.1829
110.946124	80.509	-11.6359
111.750085	80.833	-16.2669
112.559873	81.097	-21.0246
113.375528	81.299	-25.8572
114.197094	81.440	-30.7123
115.024613	81.520	-35.5381
115.858129	81.541	-40.2851
116.697684	81.505	-44.9053
117.543324	81.418	-49.3539
118.395091	81.285	-53.5920
119.253031	81.113	-57.5881
120.117188	80.911	-61.3197
120.987606	80.687	-64.7775
121.864332	80.450	-67.9666
122.747411	80.210	-70.9094
123.636890	79.973	-73.6447
124.532814	79.745	-76.2261
125.435230	79.527	-78.7133
126.344185	79.316	-81.1623
127.259727	79.107	-83.6129
128.181904	78.893	-86.0794
129.110763	78.668	-88.5491
130.046352	78.424	-90.9838
130.988722	78.160	-93.3286
131.937920	77.878	-95.5203
132.893997	77.581	-97.5005
133.857001	77.279	-99.2258
134.826984	76.983	-100.6785
135.803996	76.705	-101.8723
136.788088	76.455	-102.8554
137.779311	76.241	-103.7025
138.777717	76.066	-104.5025
139.783357	75.928	-105.3427
140.796285	75.821	-106.2917
141.816553	75.737	-107.3915
142.844214	75.666	-108.6585
143.879322	75.603	-110.0896
144.921931	75.542	-111.6734
145.972095	75.481	-113.3981
147.029869	75.416	-115.2576
148.095308	75.347	-117.2525
149.168468	75.272	-119.3889
150.249404	75.188	-121.6757
151.338173	75.092	-124.1207
152.434832	74.980	-126.7288
153.539437	74.846	-129.4991
154.652047	74.684	-132.4258
155.772720	74.490	-135.4935
156.901513	74.257	-138.6775
158.038486	73.980	-141.9397
159.183698	73.656	-145.2310
160.337209	73.282	-148.4919
161.499079	72.861	-151.6569
162.669367	72.399	-154.6630
163.848137	71.906	-157.4624
165.035448	71.395	-160.0398
166.231363	70.882	-162.4331
167.435944	70.381	-164.7448
168.649254	69.900	-167.1414
169.871356	69.433	-169.8337
171.102314	68.966	-173.0393
172.342191	68.471	-176.9506
173.591054	67.913	178.2759
174.848966	67.254	172.4993
176.115994	66.457	165.5515
177.392203	65.489	157.1631
178.677660	64.326	146.8452
179.972432	62.984	133.7250
181.276587	61.579	116.3964
182.590191	60.468	93.4363
183.913315	60.242	66.0145
185.246027	61.138	39.6459
186.588396	62.682	18.5111
187.940492	64.347	2.3634
189.302387	65.887	-10.4165
190.674150	67.236	-21.0820
192.055853	68.392	-30.3900
193.447569	69.373	-38.7737
194.849370	70.200	-46.4822
196.261329	70.895	-53.6613
197.683519	71.476	-60.3988
199.116016	71.958	-66.7495
200.558892	72.357	-72.7473
202.012225	72.685	-78.4143
203.476089	72.953	-83.7662
204.950560	73.172	-88.8181
206.435716	73.352	-93.5906
207.931635	73.504	-98.1149
209.438393	73.635	-102.4351
210.956070	73.754	-106.6072
212.484745	73.863	-110.6974
214.024497	73.963	-114.7773
215.575406	74.052	-118.9159
217.137555	74.123	-123.1710
218.711023	74.167	-127.5808
220.295893	74.172	-132.1589
221.892248	74.127	-136.8909
223.500171	74.021	-141.7367
225.119745	73.843	-146.6329
226.751056	73.584	-151.4932
228.394187	73.237	-156.2102
230.049226	72.799	-160.6536
231.716257	72.270	-164.6666
233.395369	71.658	-168.0668
235.086648	70.980	-170.6548
236.790182	70.267	-172.2368
238.506062	69.562	-172.6743
240.234375	68.925	-171.9591
241.975212	68.417	-170.2882
243.728664	68.085	-168.0714
245.494823	67.939	-165.8279
247.273780	67.954	-164.0137
249.065627	68.080	-162.9000
250.870459	68.264	-162.5627
252.688370	68.465	-162.9404
254.519454	68.648	-163.9010
256.363807	68.797	-165.2833
258.221525	68.900	-166.9189
260.092705	68.958	-168.6410
261.977444	68.975	-170.2932
263.875840	68.970	-171.7448
265.787993	68.963	-172.9137
267.714003	68.982	-173.7969
269.653969	69.056	-174.4919
271.607992	69.202	-175.1951
273.576176	69.423	-176.1614
275.558622	69.703	-177.6361
277.555433	70.013	-179.7930
279.566714	70.319	177.2952
281.592570	70.583	173.6509
283.633106	70.776	169.3691
285.688428	70.874	164.5891
287.758644	70.857	159.4792
289.843862	70.713	154.2311
291.944190	70.434	149.0613
294.059738	70.016	144.2190
296.190616	69.468	139.9961
298.336935	68.810	136.7266
300.498808	68.090	134.7546
302.676346	67.383	134.3357
304.869664	66.798	135.4406
307.078875	66.441	137.5477
309.304095	66.360	139.6887
311.545440	66.513	140.8729
313.803027	66.796	140.5343
316.076973	67.095	138.6019
318.367397	67.321	135.3042
320.674418	67.416	130.9722
322.998157	67.343	125.9373
325.338735	67.076	120.5002
327.696273	66.595	114.9368
330.070896	65.876	109.5217
332.462726	64.884	104.5751
334.871888	63.572	100.5555
337.298507	61.868	98.2744
339.742711	59.696	99.4689
342.204627	57.128	108.3755
344.684383	55.171	133.0105
347.182108	55.985	165.5792
349.697933	58.660	-177.3756
352.231988	61.301	-172.2091
354.784406	63.508	-172.2762
357.355320	65.331	-174.8051
359.944864	66.860	-178.6689
362.553173	68.161	176.6372
365.180383	69.278	171.3602
367.826630	70.242	165.6324
370.492054	71.068	159.5349
373.176792	71.765	153.1321
375.880985	72.337	146.4891
378.604773	72.782	139.6843
381.348300	73.098	132.8167
384.111707	73.285	126.0103
386.895138	73.342	119.4181
389.698740	73.275	113.2228
392.522658	73.097	107.6321
395.367039	72.833	102.8643
398.232031	72.520	99.1149
401.117785	72.215	96.4946
404.024450	71.984	94.9395
406.952177	71.889	94.1434
409.901120	71.965	93.5872
412.871433	72.204	92.7004
415.863270	72.560	91.0544
418.876786	72.972	88.4523
421.912140	73.384	84.8965
424.969489	73.749	80.5073
428.048993	74.036	75.4556
431.150813	74.225	69.9274
434.275109	74.301	64.1095
437.422046	74.257	58.1877
440.591786	74.090	52.3519
443.784496	73.799	46.7969
447.000341	73.393	41.7238
450.239490	72.881	37.3402
453.502111	72.284	33.8599
456.788374	71.631	31.4944
460.098451	70.965	30.4362
463.432514	70.347	30.8163
466.790737	69.857	32.6206
470.173295	69.580	35.5730
473.580365	69.583	39.0708
477.012124	69.880	42.2998
480.468750	70.420	44.5198
483.950425	71.116	45.3025
487.457329	71.877	44.5581
490.989646	72.631	42.4204
494.547559	73.330	39.1207
498.131254	73.943	34.9121
501.740919	74.455	30.0344
505.376740	74.857	24.7051
509.038909	75.151	19.1165
512.727614	75.340	13.4359
516.443050	75.432	7.8053
520.185409	75.440	2.3401
523.954887	75.376	-2.8733
527.751680	75.256	-7.7765
531.575987	75.093	-12.3383
535.428005	74.903	-16.5543
539.307937	74.697	-20.4442
543.215985	74.486	-24.0463
547.152352	74.276	-27.4099
551.117243	74.072	-30.5837
555.110866	73.875	-33.6028
559.133428	73.684	-36.4840
563.185140	73.501	-39.2323
567.266211	73.331	-41.8560
571.376856	73.178	-44.3815
575.517288	73.046	-46.8606
579.687724	72.935	-49.3646
583.888380	72.842	-51.9666
588.119476	72.756	-54.7233
592.381232	72.669	-57.6613
596.673871	72.566	-60.7728
600.997615	72.439	-64.0204
605.352692	72.280	-67.3453
609.739327	72.086	-70.6794
614.157750	71.857	-73.9547
618.608190	71.597	-77.1130
623.090880	71.312	-80.1133
627.606053	71.010	-82.9374
632.153945	70.698	-85.5942
636.734793	70.384	-88.1223
641.348836	70.069	-90.5840
645.996314	69.750	-93.0513
650.677470	69.418	-95.5858
655.392547	69.058	-98.2214
660.141792	68.649	-100.9476
664.925451	68.171	-103.6991
669.743775	67.597	-106.3417
674.597014	66.906	-108.6460
679.485423	66.079	-110.2385
684.409254	65.117	-110.5417
689.368766	64.070	-108.7377
694.364216	63.086	-103.9291
699.395865	62.442	-95.8933
704.463976	62.428	-86.3044
709.568812	63.059	-78.2592
714.710640	64.053	-73.6708
719.889728	65.113	-72.4785
725.106346	66.067	-73.8118
730.360766	66.848	-76.8182
735.653261	67.437	-80.8591
740.984108	67.838	-85.4806
746.353584	68.060	-90.3547
751.761970	68.118	-95.2286
757.209547	68.023	-99.8911
762.696599	67.790	-104.1484
768.223413	67.437	-107.8112
773.790277	66.982	-110.6921
779.397480	66.456	-112.6151
785.045315	65.891	-113.4299
790.734077	65.334	-113.0251
796.464062	64.839	-111.3458
802.235569	64.475	-108.4369
808.048899	64.318	-104.5470
813.904354	64.433	-100.2417
819.802241	64.828	-96.3502
825.742866	65.445	-93.6599
831.726539	66.181	-92.5980
837.753572	66.932	-93.1711
843.824280	67.622	-95.1123
849.938979	68.204	-98.0442
856.097987	68.655	-101.5774
862.301626	68.975	-105.3503
868.550219	69.174	-109.0455
874.844092	69.281	-112.4023
881.183573	69.332	-115.2439
887.568992	69.371	-117.5151
894.000683	69.441	-119.3165
900.478980	69.571	-120.8949
907.004222	69.768	-122.5640
913.576749	70.011	-124.5859
920.196903	70.270	-127.0897
926.865029	70.512	-130.0638
933.581475	70.712	-133.4016
940.346591	70.859	-136.9606
947.160730	70.946	-140.6028
954.024247	70.978	-144.2196
960.937500	70.962	-147.7358
967.900849	70.902	-151.1066
974.914658	70.804	-154.3063
981.979291	70.671	-157.3093
989.095118	70.505	-160.0715
996.262509	70.306	-162.5170
1003.481838	70.085	-164.5361
1010.753481	69.860	-166.0087
1018.077817	69.661	-166.8507
1025.455229	69.527	-167.0791
1032.886100	69.498	-166.8645
1040.370819	69.599	-166.5256
1047.909774	69.827	-166.4424
1055.503361	70.154	-166.9333
1063.151973	70.539	-168.1736
1070.856010	70.937	-170.1877
1078.615875	71.312	-172.8909
1086.431970	71.637	-176.1360
1094.304704	71.899	-179.7498
1102.234487	72.091	176.4458
1110.221732	72.218	172.6200
1118.266856	72.290	168.9220
1126.370279	72.324	165.4624
1134.532422	72.345	162.2946
1142.753712	72.376	159.3998
1151.034577	72.436	156.6849
1159.375448	72.538	154.0024
1167.776760	72.681	151.1863
1176.238952	72.856	148.0950
1184.762464	73.046	144.6418
1193.347741	73.232	140.7975
1201.995231	73.398	136.5764
1210.705384	73.530	132.0193
1219.478654	73.619	127.1804
1228.315499	73.658	122.1171
1237.216380	73.643	116.8844
1246.181760	73.572	111.5334
1255.212106	73.442	106.1056
1264.307891	73.252	100.6331
1273.469587	73.000	95.1405
1282.697672	72.681	89.6533
1291.992628	72.288	84.2053
1301.354940	71.812	78.8499
1310.785094	71.242	73.6685
1320.283583	70.568	68.7867
1329.850902	69.780	64.3936
1339.487550	68.871	60.7610
1349.194029	67.852	58.2603
1358.970845	66.754	57.3533
1368.818508	65.654	58.5070
1378.737531	64.682	61.9594
1388.728432	64.000	67.3385
1398.791730	63.728	73.4835
1408.927952	63.857	78.9371
1419.137625	64.263	82.7456
1429.421281	64.796	84.7102
1439.779457	65.343	85.1077
1450.212692	65.844	84.3684
1460.721531	66.276	82.9049
1471.306521	66.640	81.0347
1481.968215	66.952	78.9548
1492.707168	67.227	76.7471
1503.523939	67.476	74.4113
1514.419093	67.701	71.9177
1525.393198	67.897	69.2616
1536.446826	68.057	66.4971
1547.580553	68.175	63.7434
1558.794960	68.258	61.1565
1570.090631	68.325	58.8789
1581.468155	68.406	56.9775
1592.928125	68.533	55.3976
1604.471139	68.730	53.9609
1616.097798	69.008	52.4207
1627.808709	69.359	50.5405
1639.604482	69.762	48.1516
1651.485732	70.191	45.1638
1663.453078	70.621	41.5505
1675.507145	71.030	37.3296
1687.648560	71.398	32.5515
1699.877958	71.708	27.2944
1712.195974	71.947	21.6600
1724.603252	72.105	15.7682
1737.100438	72.180	9.7477
1749.688184	72.170	3.7266
1762.367146	72.080	-2.1753
1775.137984	71.919	-7.8528
1788.001366	71.696	-13.2191
1800.957961	71.426	-18.2084
1814.008445	71.123	-22.7781
1827.153498	70.804	-26.9125
1840.393805	70.486	-30.6266
1853.730057	70.185	-33.9709
1867.162949	69.913	-37.0312
1880.693182	69.674	-39.9171
1894.321460	69.468	-42.7378
1908.048494	69.287	-45.5742
1921.875000	69.119	-48.4598
1935.801698	68.952	-51.3781
1949.829316	68.779	-54.2734
1963.958583	68.596	-57.0697
1978.190236	68.404	-59.6857
1992.525018	68.214	-62.0433
2006.963676	68.038	-64.0795
2021.506962	67.896	-65.7646
2036.155634	67.812	-67.1338
2050.910458	67.808	-68.3086
2065.772200	67.896	-69.4888
2080.741637	68.074	-70.9036
2095.819549	68.327	-72.7510
2111.006721	68.630	-75.1533
2126.303946	68.955	-78.1489
2141.712021	69.280	-81.7146
2157.231749	69.584	-85.7910
2172.863940	69.854	-90.3000
2188.609407	70.080	-95.1514
2204.468973	70.256	-100.2468
2220.443464	70.381	-105.4819
2236.533713	70.459	-110.7607
2252.740558	70.498	-116.0093
2269.064845	70.507	-121.1895
2285.507424	70.496	-126.3022
2302.069153	70.473	-131.3789
2318.750895	70.437	-136.4634
2335.553520	70.390	-141.5938
2352.477904	70.325	-146.7927
2369.524928	70.235	-152.0630
2386.695483	70.114	-157.3872
2403.990462	69.955	-162.7305
2421.410768	69.750	-168.0369
2438.957308	69.495	-173.2261
2456.630998	69.188	-178.1868
2474.432759	68.831	177.2256
2492.363519	68.439	173.1765
2510.424213	68.037	169.8188
2528.615781	67.664	167.2354
2546.939174	67.367	165.3679
2565.395345	67.189	163.9775
2583.985257	67.150	162.6875
2602.709879	67.241	161.1060
2621.570188	67.427	158.9565
2640.567166	67.666	156.1323
2659.701804	67.920	152.6658
2678.975100	68.162	148.6675
2698.388058	68.376	144.2725
2717.941690	68.557	139.6079
2737.637016	68.703	134.7822
2757.475062	68.820	129.8782
2777.456863	68.913	124.9539
2797.583461	68.988	120.0444
2817.855904	69.055	115.1650
2838.275249	69.117	110.3171
2858.842562	69.183	105.4917
2879.558913	69.256	100.6682
2900.425384	69.343	95.8130
2921.443062	69.442	90.8792
2942.613043	69.556	85.8149
2963.936430	69.679	80.5708
2985.414335	69.805	75.1089
3007.047878	69.927	69.4053
3028.838187	70.035	63.4514
3050.786397	70.118	57.2573
3072.893653	70.169	50.8525
3095.161107	70.177	44.2871
3117.589920	70.135	37.6296
3140.181262	70.039	30.9663
3162.936310	69.887	24.3977
3185.856250	69.681	18.0386
3208.942278	69.427	12.0122
3232.195596	69.141	6.4429
3255.617418	68.844	1.4363
3279.208964	68.566	-2.9468
3302.971464	68.345	-6.7312
3326.906156	68.215	-10.0593
3351.014290	68.202	-13.1899
3375.297121	68.314	-16.4519
3399.755915	68.533	-20.1611
3424.391948	68.828	-24.5425
3449.206504	69.157	-29.6956
3474.200876	69.484	-35.6086
3499.376367	69.778	-42.1941
3524.734291	70.015	-49.3218
3550.275969	70.183	-56.8464
3576.002732	70.272	-64.6213
3601.915922	70.280	-72.5044
3628.016889	70.207	-80.3601
3654.306995	70.058	-88.0593
3680.787610	69.841	-95.4768
3707.460115	69.568	-102.4954
3734.325899	69.257	-109.0112
3761.386364	68.930	-114.9468
3788.642920	68.615	-120.2664
3816.096988	68.339	-124.9912
3843.750000	68.135	-129.2146
3871.603397	68.026	-133.1082
3899.658631	68.028	-136.9111
3927.917165	68.140	-140.8953
3956.380472	68.345	-145.3101
3985.050036	68.612	-150.3306
4013.927351	68.907	-156.0273
4043.013923	69.196	-162.3699
4072.311269	69.454	-169.2549
4101.820915	69.663	-176.5388
4131.544400	69.816	175.9302
4161.483274	69.913	168.2944
4191.639097	69.960	160.6719
4222.013442	69.966	153.1506
4252.607892	69.945	145.7859
4283.424042	69.910	138.5986
4314.463498	69.873	131.5779
4345.727879	69.843	124.6870
4377.218815	69.829	117.8711
4408.937947	69.834	111.0701
4440.886929	69.856	104.2271
4473.067426	69.896	97.2961
4505.481116	69.948	90.2415
4538.129690	70.010	83.0339
4571.014848	70.076	75.6487
4604.138306	70.140	68.0645
4637.501790	70.192	60.2688
4671.107040	70.225	52.2656
4704.955807	70.228	44.0823
4739.049856	70.193	35.7744
4773.390965	70.112	27.4263
4807.980924	69.984	19.1418
4842.821536	69.813	11.0349
4877.914617	69.609	3.2124
4913.261997	69.388	-4.2466
4948.865519	69.174	-11.3105
4984.727038	68.987	-18.0161
5020.848425	68.850	-24.4744
5057.231563	68.771	-30.8555
5093.878347	68.750	-37.3499
5130.790689	68.769	-44.1123
5167.970514	68.805	-51.2207
5205.419759	68.834	-58.6562
5243.140376	68.833	-66.3149
5281.134332	68.793	-74.0327
5319.403609	68.716	-81.6199
5357.950200	68.619	-88.9082
5396.776116	68.529	-95.8000
5435.883380	68.482	-102.3164
5475.274032	68.508	-108.6177
5514.950125	68.622	-114.9712
5554.913727	68.815	-121.6616
5595.166922	69.062	-128.8999
5635.711808	69.328	-136.7715
5676.550498	69.579	-145.2446
5717.685123	69.789	-154.2061
5759.117827	69.942	-163.5010
5800.850769	70.032	-172.9595
5842.886124	70.062	177.5796
5885.226086	70.041	168.2544
5927.872860	69.987	159.1587
5970.828671	69.919	150.3267
6014.095756	69.858	141.7236
6057.676373	69.815	133.2622
6101.572794	69.794	124.8379
6145.787305	69.793	116.3691
6190.322213	69.804	107.8228
6235.179840	69.822	99.2134
6280.362523	69.845	90.5754
6325.872619	69.879	81.9341
6371.712500	69.930	73.2773
6417.884555	70.004	64.5508
6464.391192	70.104	55.6680
6511.234836	70.223	46.5342
6558.417927	70.350	37.0752
6605.942927	70.467	27.2568
6653.812313	70.557	17.0994
6702.028580	70.603	6.6743
6750.594241	70.592	-3.9021
6799.511830	70.521	-14.4839
6848.783896	70.391	-24.9126
6898.413007	70.213	-35.0376
6948.401751	70.006	-44.7314
6998.752735	69.799	-53.9165
7049.468582	69.622	-62.5884
7100.551937	69.510	-70.8430
7152.005464	69.486	-78.8784
7203.831844	69.559	-86.9590
7256.033779	69.722	-95.3445
7308.613991	69.952	-104.2249
7361.575220	70.217	-113.6860
7414.920229	70.491	-123.7234
7468.651798	70.754	-134.2769
7522.772727	70.989	-145.2656
7577.285840	71.189	-156.6086
7632.193976	71.346	-168.2314
7687.500000	71.458	179.9355
7743.206794	71.520	167.9663
7799.317262	71.532	155.9438
7855.834330	71.495	143.9607
7912.760944	71.418	132.1118
7970.100072	71.311	120.4790
8027.854702	71.189	109.1118
8086.027847	71.073	98.0120
8144.622538	70.977	87.1245
8203.641830	70.914	76.3511
8263.088801	70.887	65.5793
8322.966548	70.893	54.7117
8383.278195	70.925	43.6860
8444.026884	70.972	32.4800
8505.215784	71.030	21.0999
8566.848084	71.093	9.5627
8628.926996	71.162	-2.1206
8691.455758	71.234	-13.9517
8754.437630	71.309	-25.9424
8817.875894	71.385	-38.1045
8881.773857	71.457	-50.4390
8946.134852	71.522	-62.9329
9010.962233	71.579	-75.5625
9076.259380	71.626	-88.3047
9142.029697	71.666	-101.1426
9208.276612	71.699	-114.0735
9275.003581	71.728	-127.1035
9342.214080	71.751	-140.2397
9409.911614	71.769	-153.4849
9478.099713	71.779	-166.8318
9546.781930	71.781	179.7305
9615.961848	71.776	166.2090
9685.643071	71.766	152.6064
9755.829233	71.749	138.9185
9826.523994	71.726	125.1396
9897.731037	71.696	111.2688
9969.454076	71.656	97.3125
10041.696850	71.607	83.2856
10114.463125	71.546	69.2109
10187.756694	71.477	55.1104
10261.581379	71.402	41.0022
10335.941028	71.326	26.8955
10410.839517	71.252	12.7888
10486.280752	71.185	-1.3281
10562.268665	71.127	-15.4724
10638.807218	71.081	-29.6672
10715.900400	71.051	-43.9436
10793.552232	71.035	-58.3384
10871.766761	71.032	-72.8896
10950.548064	71.036	-87.6250
11029.900250	71.044	-102.5566
11109.827454	71.049	-117.6770
11190.333843	71.048	-132.9644
11271.423615	71.038	-148.3955
11353.100997	71.021	-163.9500
11435.370247	70.997	-179.6138
11518.235653	70.967	164.6228
11601.701537	70.931	148.7659
11685.772249	70.893	132.8213
11770.452172	70.851	116.7932
11855.745720	70.810	100.6824
11941.657341	70.770	84.4836
12028.191513	70.733	68.1853
12115.352747	70.701	51.7717
12203.145587	70.671	35.2256
12291.574610	70.643	18.5322
12380.644427	70.614	1.6816
12470.359680	70.581	-15.3232
12560.725047	70.542	-32.4678
12651.745238	70.495	-49.7256
12743.425000	70.441	-67.0659
12835.769110	70.386	-84.4688
12928.782385	70.334	-101.9307
13022.469671	70.290	-119.4731
13116.835855	70.258	-137.1387
13211.885854	70.238	-154.9771
13307.624625	70.226	-173.0322
13404.057159	70.216	168.6709
13501.188483	70.201	150.1309
13599.023660	70.175	131.3691
13697.567791	70.134	112.4209
13796.826014	70.078	93.3271
13896.803503	70.008	74.1240
13997.505470	69.927	54.8350
14098.937164	69.838	35.4697
14201.103875	69.745	16.0288
14304.010928	69.650	-3.4927
14407.663687	69.555	-23.0991
14512.067557	69.462	-42.7930
14617.227981	69.372	-62.5776
14723.150441	69.287	-82.4575
14829.840458	69.209	-102.4404
14937.303595	69.140	-122.5400
15045.545455	69.082	-142.7744
15154.571679	69.035	-163.1646
15264.387953	69.000	176.2695
15375.000000	68.975	155.5088
15486.413588	68.960	134.5361
15598.634525	68.952	113.3384
15711.668661	68.950	91.9058
15825.521888	68.951	70.2314
15940.200144	68.953	48.3154
16055.709405	68.954	26.1646
16172.055694	68.953	3.7886
16289.245076	68.950	-18.7998
16407.283660	68.945	-41.5938
16526.177601	68.941	-64.5923
16645.933097	68.939	-87.8027
16766.556390	68.940	-111.2402
16888.053769	68.943	-134.9238
17010.431568	68.947	-158.8682
17133.696167	68.950	176.9189
17257.853993	68.948	152.4375
17382.911517	68.940	127.6987
17508.875259	68.925	102.7192
17635.751787	68.904	77.4951
17763.547714	68.875	52.0352
17892.269704	68.842	26.3862
18021.924466	68.808	0.5322
18152.518759	68.778	-25.5620
18284.059393	68.751	-51.9121
18416.553225	68.726	-78.5342
18550.007161	68.703	-105.4385
18684.428160	68.682	-132.6348
18819.823228	68.663	-160.1328
18956.199425	68.645	172.0552
19093.563861	68.628	143.9170
19231.923695	68.611	115.4365
19371.286142	68.592	86.6045
19511.658467	68.571	57.4131
19653.047987	68.545	27.8564
19795.462074	68.514	-2.0737
19938.908153	68.479	-32.3970
20083.393701	68.431	-63.0029
20228.926250	68.372	-93.8662
20375.513389	68.307	-125.1470
20523.162758	68.234	-156.8657
20671.882055	68.148	170.9614
20821.679034	68.045	138.3242
20972.561504	67.918	105.2207
21124.537330	67.756	71.6597
21277.614435	67.549	37.6626
21431.800801	67.279	3.2603
21587.104464	66.926	-31.5039
21743.533521	66.463	-66.5786
21901.096129	65.855	-101.9058
22059.800499	65.059	-137.4272
22219.654907	64.019	-173.0864
22380.667686	62.667	151.1660
22542.847230	60.917	115.3691
22706.201994	58.664	79.5488
22870.740494	55.778	43.7197
23036.471307	52.104	7.8877
23203.403074	47.461	-27.9551
23371.544498	41.675	-63.8188
23540.904344	34.661	-99.7202
23711.491441	26.552	-135.6787
23883.314682	18.075	-171.7148
