* Measurement data measured by REW V5.40 beta 135
* Source: Frequency response averaged data
* Format: Averaged data produced from the rms magnitudes of R 120.green.1, R 120.green.2, R 120.green.3, R 120.green.4, R 120.green
* Dated: Sep 11, 2026, 4:00:44 PM
* REW Settings:
*  C-weighting compensation: Off
*  Target level: 75.0 dB
* Note: ; Averaged data produced from the rms magnitudes of R 120.green.1, R 120.green.2, R 120.green.3, R 120.green.4, R 120.green
* Measurement: R-SP
* Smoothing: 1/48 octave
* Frequency Step: 96 ppo
* Start Frequency: 15.12345 Hz
*
* Freq(Hz) SPL(dB)
15.123450 68.703
15.233041 68.908
15.343426 69.162
15.454611 69.427
15.566601 69.698
15.679403 69.967
15.793023 70.232
15.907465 70.492
16.022737 70.745
16.138845 70.986
16.255794 71.217
16.373590 71.436
16.492239 71.642
16.611749 71.834
16.732125 72.016
16.853372 72.186
16.975499 72.346
17.098510 72.498
17.222413 72.642
17.347214 72.781
17.472919 72.915
17.599535 73.046
17.727069 73.174
17.855526 73.299
17.984915 73.423
18.115241 73.545
18.246511 73.665
18.378733 73.782
18.511913 73.896
18.646058 74.005
18.781175 74.110
18.917271 74.210
19.054353 74.303
19.192429 74.388
19.331505 74.465
19.471589 74.534
19.612689 74.595
19.754810 74.648
19.897962 74.693
20.042150 74.732
20.187384 74.767
20.333670 74.798
20.481016 74.827
20.629430 74.858
20.778920 74.891
20.929492 74.929
21.081156 74.974
21.233919 75.027
21.387788 75.089
21.542773 75.160
21.698881 75.241
21.856120 75.329
22.014499 75.425
22.174025 75.527
22.334707 75.632
22.496553 75.740
22.659573 75.849
22.823773 75.957
22.989164 76.063
23.155753 76.168
23.323549 76.270
23.492561 76.369
23.662798 76.466
23.834268 76.561
24.006981 76.654
24.180945 76.745
24.356170 76.835
24.532665 76.922
24.710439 77.009
24.889501 77.093
25.069861 77.175
25.251527 77.254
25.434510 77.331
25.618819 77.405
25.804464 77.477
25.991454 77.547
26.179798 77.615
26.369508 77.680
26.560592 77.743
26.753061 77.802
26.946925 77.856
27.142193 77.901
27.338877 77.937
27.536986 77.957
27.736530 77.961
27.937520 77.942
28.139967 77.899
28.343881 77.826
28.549272 77.721
28.756152 77.581
28.964531 77.403
29.174420 77.187
29.385830 76.931
29.598772 76.634
29.813257 76.298
30.029296 75.923
30.246901 75.513
30.466082 75.072
30.686852 74.605
30.909221 74.121
31.133202 73.627
31.358806 73.134
31.586045 72.653
31.814931 72.196
32.045475 71.774
32.277690 71.399
32.511587 71.076
32.747179 70.811
32.984479 70.603
33.223498 70.449
33.464249 70.339
33.706745 70.265
33.950998 70.215
34.197021 70.176
34.444827 70.138
34.694428 70.090
34.945838 70.024
35.199070 69.931
35.454137 69.808
35.711052 69.651
35.969829 69.460
36.230482 69.237
36.493023 68.984
36.757466 68.706
37.023826 68.409
37.292116 68.100
37.562350 67.789
37.834542 67.482
38.108707 67.189
38.384858 66.917
38.663011 66.671
38.943179 66.457
39.225377 66.279
39.509620 66.143
39.795923 66.054
40.084301 66.017
40.374768 66.037
40.667341 66.121
40.962033 66.271
41.258861 66.487
41.557839 66.767
41.858985 67.103
42.162312 67.483
42.467838 67.897
42.775577 68.330
43.085546 68.769
43.397762 69.204
43.712240 69.625
44.028997 70.025
44.348049 70.398
44.669414 70.739
44.993107 71.043
45.319145 71.308
45.647546 71.530
45.978327 71.708
46.311505 71.842
46.647097 71.934
46.985122 71.989
47.325595 72.012
47.668536 72.011
48.013962 71.996
48.361891 71.975
48.712341 71.956
49.065331 71.944
49.420878 71.942
49.779002 71.948
50.139721 71.959
50.503055 71.968
50.869021 71.967
51.237638 71.947
51.608927 71.898
51.982907 71.810
52.359597 71.674
52.739016 71.481
53.121184 71.227
53.506122 70.907
53.893850 70.522
54.284387 70.072
54.677754 69.563
55.073972 69.003
55.473060 68.402
55.875041 67.778
56.279934 67.155
56.687762 66.569
57.098545 66.071
57.512305 65.729
57.929062 65.616
58.348840 65.786
58.771660 66.248
59.197544 66.959
59.626514 67.841
60.058592 68.815
60.493801 69.815
60.932164 70.796
61.373704 71.727
61.818443 72.588
62.266405 73.370
62.717613 74.066
63.172091 74.673
63.629862 75.189
64.090950 75.617
64.555379 75.958
65.023174 76.213
65.494359 76.387
65.968958 76.482
66.446996 76.503
66.928498 76.455
67.413490 76.342
67.901996 76.172
68.394042 75.954
68.889653 75.698
69.388856 75.420
69.891676 75.139
70.398140 74.882
70.908274 74.682
71.422105 74.574
71.939659 74.595
72.460963 74.769
72.986045 75.100
73.514932 75.572
74.047652 76.150
74.584231 76.792
75.124699 77.457
75.669084 78.110
76.217413 78.723
76.769716 79.276
77.326021 79.753
77.886357 80.144
78.450754 80.440
79.019241 80.636
79.591847 80.726
80.168602 80.711
80.749537 80.587
81.334681 80.357
81.924066 80.022
82.517721 79.584
83.115679 79.049
83.717969 78.420
84.324624 77.701
84.935675 76.896
85.551154 76.010
86.171093 75.044
86.795524 74.004
87.424480 72.901
88.057994 71.767
88.696099 70.671
89.338827 69.743
89.986213 69.165
90.638290 69.081
91.295093 69.474
91.956655 70.177
92.623010 70.998
93.294195 71.805
93.970243 72.529
94.651190 73.144
95.337072 73.645
96.027924 74.041
96.723781 74.348
97.424682 74.584
98.130661 74.775
98.841756 74.945
99.558005 75.119
100.279443 75.320
101.006109 75.565
101.738041 75.862
102.475277 76.210
103.217855 76.600
103.965814 77.022
104.719193 77.462
105.478032 77.907
106.242369 78.347
107.012245 78.777
107.787700 79.189
108.568774 79.578
109.355508 79.938
110.147943 80.266
110.946120 80.555
111.750082 80.800
112.559869 80.997
113.375524 81.141
114.197090 81.231
115.024609 81.263
115.858125 81.237
116.697681 81.153
117.543320 81.013
118.395087 80.821
119.253027 80.581
120.117184 80.298
120.987602 79.980
121.864328 79.635
122.747407 79.272
123.636886 78.902
124.532810 78.532
125.435226 78.171
126.344181 77.822
127.259723 77.488
128.181899 77.166
129.110758 76.853
130.046348 76.547
130.988718 76.246
131.937916 75.951
132.893992 75.667
133.856997 75.401
134.826980 75.158
135.803992 74.945
136.788084 74.765
137.779306 74.619
138.777712 74.501
139.783353 74.407
140.796280 74.327
141.816548 74.256
142.844209 74.188
143.879317 74.120
144.921926 74.053
145.972090 73.989
147.029864 73.931
148.095303 73.881
149.168463 73.840
150.249399 73.809
151.338168 73.785
152.434827 73.761
153.539432 73.732
154.652042 73.688
155.772715 73.622
156.901508 73.525
158.038481 73.390
159.183693 73.211
160.337204 72.985
161.499073 72.713
162.669362 72.396
163.848131 72.038
165.035443 71.644
166.231357 71.219
167.435938 70.767
168.649248 70.289
169.871350 69.781
171.102308 69.237
172.342186 68.646
173.591048 68.002
174.848961 67.302
176.115988 66.561
177.392197 65.821
178.677654 65.170
179.972426 64.745
181.276581 64.689
182.590185 65.064
183.913309 65.796
185.246021 66.737
186.588390 67.746
187.940486 68.729
189.302381 69.639
190.674144 70.452
192.055847 71.165
193.447563 71.778
194.849364 72.299
196.261322 72.736
197.683513 73.098
199.116009 73.392
200.558886 73.625
202.012218 73.804
203.476082 73.934
204.950554 74.020
206.435710 74.069
207.931628 74.087
209.438386 74.078
210.956063 74.048
212.484738 74.001
214.024490 73.938
215.575399 73.859
217.137548 73.758
218.711016 73.630
220.295886 73.466
221.892241 73.257
223.500163 72.995
225.119738 72.670
226.751048 72.279
228.394180 71.819
230.049218 71.296
231.716250 70.721
233.395361 70.122
235.086640 69.538
236.790175 69.028
238.506054 68.656
240.234367 68.476
241.975204 68.506
243.728657 68.722
245.494815 69.069
247.273771 69.486
249.065619 69.917
250.870451 70.325
252.688362 70.685
254.519446 70.982
256.363799 71.209
258.221517 71.366
260.092696 71.458
261.977435 71.492
263.875832 71.479
265.787985 71.432
267.713994 71.361
269.653960 71.277
271.607984 71.185
273.576167 71.087
275.558613 70.979
277.555424 70.857
279.566705 70.712
281.592561 70.533
283.633096 70.309
285.688419 70.033
287.758635 69.696
289.843852 69.294
291.944181 68.833
294.059728 68.328
296.190606 67.811
298.336926 67.332
300.498798 66.952
302.676336 66.725
304.869654 66.678
307.078865 66.793
309.304085 67.016
311.545430 67.282
313.803016 67.532
316.076962 67.721
318.367386 67.819
320.674408 67.807
322.998147 67.673
325.338724 67.413
327.696263 67.027
330.070885 66.526
332.462715 65.934
334.871877 65.296
337.298496 64.686
339.742700 64.206
342.204616 63.961
344.684372 64.010
347.182097 64.331
349.697921 64.842
352.231977 65.444
354.784395 66.061
357.355309 66.651
359.944853 67.197
362.553161 67.698
365.180371 68.165
367.826618 68.609
370.492042 69.043
373.176780 69.469
375.880973 69.888
378.604761 70.290
381.348287 70.665
384.111694 71.002
386.895126 71.295
389.698727 71.540
392.522645 71.741
395.367026 71.906
398.232018 72.042
401.117772 72.160
404.024436 72.266
406.952164 72.361
409.901107 72.446
412.871420 72.515
415.863256 72.562
418.876773 72.583
421.912126 72.571
424.969476 72.524
428.048980 72.437
431.150799 72.311
434.275095 72.143
437.422032 71.937
440.591772 71.696
443.784482 71.428
447.000327 71.145
450.239476 70.861
453.502096 70.596
456.788360 70.373
460.098436 70.215
463.432499 70.146
466.790722 70.182
470.173280 70.330
473.580350 70.587
477.012108 70.937
480.468734 71.359
483.950409 71.827
487.457313 72.317
490.989630 72.804
494.547543 73.270
498.131238 73.697
501.740903 74.071
505.376724 74.382
509.038892 74.624
512.727598 74.793
516.443033 74.891
520.185392 74.921
523.954870 74.890
527.751663 74.804
531.575969 74.672
535.427988 74.499
539.307920 74.289
543.215967 74.044
547.152334 73.764
551.117225 73.451
555.110848 73.110
559.133410 72.749
563.185121 72.388
567.266193 72.053
571.376838 71.776
575.517270 71.591
579.687705 71.518
583.888361 71.561
588.119457 71.703
592.381213 71.913
596.673851 72.154
600.997596 72.391
605.352672 72.596
609.739307 72.745
614.157730 72.821
618.608170 72.811
623.090860 72.703
627.606033 72.492
632.153925 72.173
636.734773 71.745
641.348815 71.209
645.996293 70.570
650.677449 69.840
655.392526 69.042
660.141770 68.218
664.925430 67.440
669.743753 66.810
674.596993 66.436
679.485401 66.379
684.409232 66.617
689.368743 67.056
694.364193 67.585
699.395843 68.120
704.463953 68.605
709.568789 69.010
714.710617 69.321
719.889705 69.531
725.106323 69.638
730.360742 69.645
735.653237 69.554
740.984084 69.370
746.353560 69.096
751.761945 68.742
757.209522 68.315
762.696574 67.830
768.223388 67.312
773.790252 66.799
779.397455 66.346
785.045290 66.015
790.734052 65.864
796.464037 65.915
802.235543 66.146
808.048873 66.500
813.904328 66.912
819.802214 67.324
825.742839 67.693
831.726512 67.995
837.753545 68.218
843.824253 68.364
849.938951 68.443
856.097959 68.471
862.301598 68.470
868.550191 68.466
874.844063 68.485
881.183544 68.548
887.568963 68.668
894.000654 68.851
900.478951 69.090
907.004193 69.372
913.576719 69.679
920.196873 69.990
926.864999 70.288
933.581444 70.557
940.346560 70.787
947.160699 70.970
954.024216 71.102
960.937469 71.183
967.900818 71.216
974.914626 71.206
981.979259 71.164
989.095086 71.101
996.262477 71.028
1003.481805 70.957
1010.753448 70.899
1018.077784 70.859
1025.455196 70.840
1032.886067 70.838
1040.370785 70.849
1047.909740 70.864
1055.503326 70.877
1063.151939 70.880
1070.855976 70.869
1078.615840 70.841
1086.431935 70.794
1094.304668 70.735
1102.234451 70.670
1110.221696 70.611
1118.266820 70.569
1126.370243 70.554
1134.532386 70.575
1142.753675 70.636
1151.034539 70.738
1159.375410 70.877
1167.776722 71.046
1176.238914 71.236
1184.762426 71.434
1193.347703 71.628
1201.995192 71.809
1210.705345 71.969
1219.478615 72.102
1228.315459 72.205
1237.216340 72.274
1246.181719 72.305
1255.212066 72.295
1264.307850 72.241
1273.469546 72.137
1282.697631 71.981
1291.992587 71.771
1301.354897 71.508
1310.785051 71.191
1320.283540 70.822
1329.850859 70.403
1339.487507 69.935
1349.193985 69.422
1358.970801 68.869
1368.818464 68.287
1378.737487 67.689
1388.728387 67.095
1398.791685 66.533
1408.927906 66.041
1419.137579 65.661
1429.421235 65.434
1439.779410 65.384
1450.212645 65.507
1460.721484 65.775
1471.306474 66.142
1481.968167 66.567
1492.707119 67.011
1503.523890 67.451
1514.419044 67.871
1525.393149 68.264
1536.446776 68.625
1547.580503 68.959
1558.794909 69.270
1570.090580 69.568
1581.468104 69.860
1592.928073 70.155
1604.471087 70.454
1616.097746 70.754
1627.808656 71.051
1639.604429 71.334
1651.485678 71.593
1663.453024 71.820
1675.507091 72.009
1687.648506 72.157
1699.877902 72.261
1712.195918 72.322
1724.603196 72.341
1737.100382 72.320
1749.688127 72.258
1762.367088 72.160
1775.137927 72.026
1788.001308 71.858
1800.957903 71.659
1814.008386 71.433
1827.153438 71.185
1840.393745 70.918
1853.729997 70.639
1867.162889 70.350
1880.693121 70.052
1894.321398 69.747
1908.048432 69.433
1921.874938 69.112
1935.801636 68.788
1949.829252 68.469
1963.958519 68.169
1978.190172 67.905
1992.524953 67.693
2006.963611 67.549
2021.506896 67.483
2036.155568 67.500
2050.910391 67.598
2065.772133 67.768
2080.741570 67.994
2095.819481 68.259
2111.006653 68.543
2126.303877 68.829
2141.711952 69.102
2157.231679 69.353
2172.863869 69.575
2188.609336 69.766
2204.468902 69.925
2220.443392 70.052
2236.533640 70.147
2252.740485 70.211
2269.064771 70.245
2285.507350 70.246
2302.069078 70.214
2318.750820 70.148
2335.553444 70.047
2352.477827 69.912
2369.524851 69.743
2386.695405 69.545
2403.990384 69.323
2421.410689 69.084
2438.957229 68.837
2456.630919 68.593
2474.432679 68.366
2492.363438 68.171
2510.424131 68.021
2528.615699 67.928
2546.939091 67.898
2565.395262 67.928
2583.985173 68.008
2602.709795 68.123
2621.570103 68.257
2640.567081 68.398
2659.701718 68.536
2678.975013 68.664
2698.387971 68.780
2717.941602 68.884
2737.636927 68.975
2757.474973 69.055
2777.456773 69.125
2797.583370 69.186
2817.855812 69.240
2838.275157 69.287
2858.842469 69.329
2879.558820 69.367
2900.425290 69.403
2921.442968 69.437
2942.612948 69.469
2963.936334 69.500
2985.414238 69.527
3007.047781 69.549
3028.838089 69.562
3050.786298 69.562
3072.893553 69.544
3095.161006 69.508
3117.589819 69.450
3140.181160 69.373
3162.936207 69.281
3185.856147 69.180
3208.942174 69.080
3232.195491 68.992
3255.617312 68.928
3279.208857 68.897
3302.971357 68.907
3326.906049 68.960
3351.014181 69.053
3375.297011 69.180
3399.755805 69.327
3424.391837 69.480
3449.206392 69.626
3474.200763 69.749
3499.376254 69.837
3524.734177 69.881
3550.275854 69.874
3576.002616 69.813
3601.915805 69.700
3628.016772 69.540
3654.306877 69.342
3680.787491 69.124
3707.459994 68.903
3734.325778 68.702
3761.386242 68.543
3788.642797 68.442
3816.096864 68.408
3843.749875 68.439
3871.603271 68.525
3899.658505 68.653
3927.917038 68.807
3956.380344 68.973
3985.049907 69.140
4013.927221 69.299
4043.013792 69.442
4072.311137 69.566
4101.820782 69.667
4131.544266 69.744
4161.483139 69.800
4191.638962 69.837
4222.013305 69.861
4252.607754 69.879
4283.423903 69.897
4314.463358 69.922
4345.727738 69.955
4377.218673 69.998
4408.937804 70.048
4440.886785 70.099
4473.067281 70.147
4505.480970 70.183
4538.129543 70.204
4571.014700 70.204
4604.138157 70.184
4637.501640 70.141
4671.106889 70.078
4704.955655 69.997
4739.049703 69.900
4773.390810 69.789
4807.980768 69.667
4842.821379 69.537
4877.914459 69.405
4913.261838 69.277
4948.865358 69.159
4984.726877 69.057
5020.848262 68.975
5057.231399 68.915
5093.878182 68.878
5130.790523 68.860
5167.970346 68.860
5205.419590 68.873
5243.140206 68.896
5281.134161 68.924
5319.403436 68.955
5357.950026 68.987
5396.775941 69.019
5435.883204 69.054
5475.273855 69.093
5514.949946 69.140
5554.913547 69.196
5595.166740 69.260
5635.711625 69.330
5676.550314 69.403
5717.684938 69.477
5759.117640 69.548
5800.850581 69.613
5842.885935 69.670
5885.225895 69.718
5927.872668 69.758
5970.828477 69.793
6014.095561 69.826
6057.676177 69.863
6101.572596 69.906
6145.787106 69.960
6190.322013 70.026
6235.179638 70.101
6280.362320 70.185
6325.872414 70.272
6371.712293 70.355
6417.884347 70.428
6464.390983 70.483
6511.234625 70.513
6558.417715 70.515
6605.942713 70.485
6653.812097 70.423
6702.028362 70.332
6750.594023 70.217
6799.511610 70.088
6848.783674 69.956
6898.412783 69.834
6948.401526 69.737
6998.752508 69.679
7049.468354 69.671
7100.551707 69.720
7152.005232 69.826
7203.831610 69.983
7256.033544 70.178
7308.613754 70.392
7361.574982 70.609
7414.919989 70.811
7468.651556 70.987
7522.772483 71.129
7577.285594 71.233
7632.193729 71.299
7687.499751 71.330
7743.206543 71.328
7799.317010 71.299
7855.834076 71.247
7912.760688 71.178
7970.099813 71.101
8027.854442 71.023
8086.027585 70.955
8144.622274 70.906
8203.641564 70.884
8263.088533 70.891
8322.966279 70.925
8383.277923 70.980
8444.026611 71.048
8505.215508 71.120
8566.847806 71.191
8628.926717 71.256
8691.455477 71.314
8754.437346 71.366
8817.875608 71.414
8881.773569 71.459
8946.134562 71.503
9010.961941 71.546
9076.259085 71.590
9142.029400 71.633
9208.276314 71.676
9275.003280 71.716
9342.213777 71.754
9409.911309 71.785
9478.099405 71.807
9546.781621 71.819
9615.961536 71.818
9685.642757 71.803
9755.828917 71.775
9826.523675 71.732
9897.730716 71.679
9969.453753 71.615
10041.696525 71.545
10114.462797 71.472
10187.756364 71.401
10261.581046 71.334
10335.940693 71.275
10410.839180 71.226
10486.280412 71.186
10562.268322 71.156
10638.806873 71.135
10715.900053 71.121
10793.551882 71.113
10871.766408 71.108
10950.547709 71.103
11029.899892 71.096
11109.827094 71.085
11190.333480 71.068
11271.423250 71.045
11353.100629 71.016
11435.369876 70.982
11518.235280 70.946
11601.701161 70.908
11685.771870 70.871
11770.451790 70.835
11855.745336 70.802
11941.656954 70.769
12028.191123 70.738
12115.352354 70.708
12203.145191 70.676
12291.574212 70.643
12380.644026 70.607
12470.359276 70.568
12560.724640 70.525
12651.744828 70.480
12743.424587 70.435
12835.768694 70.394
12928.781965 70.358
13022.469249 70.330
13116.835429 70.308
13211.885426 70.291
13307.624194 70.275
13404.056725 70.254
13501.188045 70.225
13599.023219 70.183
13697.567347 70.129
13796.825567 70.062
13896.803052 69.984
13997.505016 69.898
14098.936707 69.807
14201.103415 69.715
14304.010464 69.624
14407.663220 69.535
14512.067087 69.449
14617.227507 69.367
14723.149963 69.289
14829.839977 69.218
14937.303111 69.154
15045.544967 69.098
15154.571188 69.053
15264.387458 69.016
15374.999502 68.988
15486.413086 68.967
15598.634019 68.951
15711.668151 68.938
15825.521375 68.926
15940.199627 68.915
16055.708884 68.906
16172.055169 68.900
16289.244548 68.896
16407.283129 68.896
16526.177066 68.899
16645.932557 68.905
16766.555846 68.913
16888.053221 68.919
17010.431017 68.924
17133.695612 68.926
17257.853433 68.923
17382.910953 68.917
17508.874692 68.907
17635.751215 68.894
17763.547139 68.877
17892.269124 68.858
18021.923881 68.840
18152.518171 68.825
18284.058800 68.814
18416.552628 68.806
18550.006560 68.800
18684.427554 68.796
18819.822618 68.793
18956.198811 68.790
19093.563242 68.785
19231.923072 68.777
19371.285514 68.766
19511.657834 68.750
19653.047350 68.729
19795.461433 68.704
19938.907506 68.673
20083.393050 68.632
20228.925594 68.582
20375.512728 68.522
20523.162093 68.453
20671.881385 68.370
20821.678359 68.268
20972.560824 68.139
21124.536645 67.975
21277.613745 67.764
21431.800106 67.490
21587.103764 67.132
21743.532817 66.666
21901.095419 66.057
22059.799784 65.267
22219.654187 64.243
22380.666961 62.924
22542.846499 61.239
22706.201258 59.100
22870.739752 56.407
23036.470560 53.053
23203.402322 48.926
23371.543740 43.945
23540.903581 38.088
23711.490672 31.433
23883.313908 24.330
24056.382246 19.808
