* Measurement data measured by REW V5.40 beta 133
* Source: U18dB [plughw:3,0], Mic (Mic), R, Volume: 1.000. Timing signal peak level -25.2 dBFS, measurement signal peak level -14.1 dBFS
* Format: 512k Log Swept Sine, 1 sweep at -12.0 dBFS using an acoustic timing reference
* Dated: Sep 10, 2026, 11:24:19 AM
* REW Settings:
*  C-weighting compensation: Off
*  Target level: 75.0 dB
* Note: ; 10 sept 2026  Position MLP+20cm TO THE LEFT 4.186m from front wall  2 screen panels prolongation - new setup DAC level -29dB MIC HEIGHT: 1.000m mic boom arm height: 1.040 -12dBFS OKTO -28dB DELAY -0.0095 ms (-3.3 mm, -0.13 in) using estimated IR delay relative to Acoustic reference played from DAC8STEREO L with no timing offset Clock adjustment: -17.0 ppm
* Measurement: L 120.green.3
* Smoothing: 1/48 octave
* Frequency Step: 96 ppo
* Start Frequency: 15.014648 Hz
*
* Freq(Hz) SPL(dB) Phase(degrees)
15.014648 68.333 -157.1218
15.123451 68.501 -158.2057
15.233042 68.706 -159.2976
15.343426 68.915 -160.4148
15.454611 69.124 -161.5639
15.566602 69.333 -162.7329
15.679404 69.539 -163.9352
15.793023 69.740 -165.1827
15.907466 69.938 -166.4677
16.022738 70.131 -167.7943
16.138845 70.318 -169.1691
16.255794 70.500 -170.5933
16.373590 70.678 -172.0646
16.492240 70.849 -173.5800
16.611750 71.015 -175.1448
16.732125 71.176 -176.7568
16.853373 71.331 -178.4041
16.975500 71.483 179.9070
17.098511 71.630 178.1774
17.222414 71.773 176.4242
17.347215 71.913 174.6407
17.472920 72.050 172.8275
17.599536 72.183 171.0039
17.727069 72.313 169.1591
17.855527 72.440 167.2984
17.984915 72.564 165.4399
18.115241 72.685 163.5701
18.246512 72.804 161.6992
18.378734 72.920 159.8419
18.511914 73.034 157.9834
18.646058 73.144 156.1393
18.781175 73.252 154.3156
18.917272 73.357 152.5021
19.054354 73.460 150.7166
19.192430 73.559 148.9541
19.331506 73.655 147.2141
19.471590 73.748 145.5078
19.612689 73.838 143.8251
19.754811 73.924 142.1716
19.897962 74.007 140.5478
20.042151 74.087 138.9479
20.187385 74.165 137.3742
20.333671 74.240 135.8221
20.481017 74.311 134.2886
20.629431 74.381 132.7698
20.778920 74.448 131.2630
20.929493 74.514 129.7620
21.081157 74.578 128.2638
21.233919 74.640 126.7646
21.387789 74.700 125.2581
21.542774 74.757 123.7437
21.698882 74.813 122.2151
21.856121 74.867 120.6699
22.014499 74.918 119.1079
22.174025 74.966 117.5225
22.334708 75.010 115.9182
22.496554 75.051 114.2886
22.659573 75.087 112.6371
22.823774 75.118 110.9662
22.989164 75.144 109.2717
23.155753 75.164 107.5648
23.323549 75.177 105.8362
23.492562 75.183 104.1031
23.662798 75.182 102.3551
23.834269 75.172 100.6106
24.006982 75.153 98.8622
24.180946 75.125 97.1258
24.356171 75.086 95.3994
24.532666 75.036 93.6945
24.710440 74.975 92.0155
24.889502 74.903 90.3700
25.069862 74.818 88.7678
25.251528 74.721 87.2142
25.434511 74.612 85.7221
25.618820 74.490 84.2972
25.804465 74.356 82.9541
25.991454 74.211 81.7006
26.179799 74.055 80.5512
26.369509 73.890 79.5163
26.560593 73.717 78.6095
26.753062 73.540 77.8422
26.946926 73.360 77.2283
27.142194 73.181 76.7742
27.338878 73.007 76.4940
27.536987 72.843 76.3816
27.736531 72.693 76.4483
27.937521 72.563 76.6693
28.139968 72.458 77.0475
28.343882 72.382 77.5391
28.549273 72.341 78.1290
28.756153 72.335 78.7646
28.964532 72.368 79.4063
29.174421 72.439 80.0157
29.385831 72.546 80.5334
29.598773 72.685 80.9400
29.813258 72.852 81.1828
30.029297 73.042 81.2547
30.246902 73.249 81.1307
30.466083 73.467 80.8073
30.686853 73.693 80.2849
30.909222 73.919 79.5658
31.133203 74.143 78.6631
31.358807 74.362 77.5831
31.586046 74.571 76.3461
31.814932 74.768 74.9601
32.045476 74.952 73.4437
32.277691 75.121 71.8111
32.511588 75.275 70.0696
32.747180 75.410 68.2412
32.984480 75.528 66.3324
33.223499 75.628 64.3520
33.464250 75.708 62.3190
33.706746 75.769 60.2368
33.950999 75.811 58.1154
34.197022 75.833 55.9714
34.444828 75.834 53.8078
34.694429 75.815 51.6337
34.945839 75.776 49.4630
35.199071 75.716 47.3044
35.454138 75.634 45.1763
35.711054 75.533 43.0972
35.969831 75.413 41.0717
36.230483 75.273 39.1089
36.493024 75.115 37.2260
36.757467 74.940 35.4359
37.023827 74.747 33.7518
37.292117 74.538 32.1891
37.562351 74.314 30.7651
37.834543 74.077 29.4955
38.108708 73.829 28.3974
38.384859 73.572 27.4863
38.663012 73.310 26.7777
38.943180 73.045 26.2864
39.225378 72.781 26.0261
39.509622 72.524 26.0059
39.795925 72.278 26.2280
40.084302 72.049 26.6932
40.374770 71.844 27.3943
40.667342 71.668 28.3151
40.962034 71.527 29.4277
41.258862 71.427 30.6951
41.557841 71.372 32.0734
41.858986 71.365 33.5116
42.162313 71.406 34.9545
42.467839 71.496 36.3459
42.775578 71.631 37.6314
43.085548 71.807 38.7625
43.397763 72.021 39.6996
43.712242 72.265 40.4117
44.028998 72.534 40.8763
44.348051 72.822 41.0788
44.669415 73.124 41.0114
44.993108 73.434 40.6723
45.319147 73.747 40.0633
45.647548 74.059 39.1909
45.978329 74.365 38.0640
46.311507 74.663 36.6938
46.647099 74.948 35.0926
46.985123 75.219 33.2733
47.325597 75.474 31.2490
47.668537 75.708 29.0338
48.013963 75.921 26.6412
48.361892 76.111 24.0858
48.712342 76.276 21.3804
49.065332 76.416 18.5378
49.420880 76.529 15.5713
49.779004 76.613 12.4932
50.139723 76.669 9.3140
50.503056 76.695 6.0452
50.869022 76.691 2.6968
51.237640 76.657 -0.7212
51.608929 76.593 -4.2000
51.982909 76.499 -7.7317
52.359598 76.373 -11.3093
52.739018 76.217 -14.9267
53.121186 76.031 -18.5795
53.506124 75.814 -22.2637
53.893852 75.566 -25.9776
54.284389 75.287 -29.7209
54.677756 74.976 -33.4941
55.073973 74.633 -37.3007
55.473062 74.257 -41.1464
55.875043 73.846 -45.0388
56.279936 73.399 -48.9881
56.687764 72.913 -53.0072
57.098547 72.386 -57.1132
57.512306 71.815 -61.3274
57.929064 71.196 -65.6777
58.348842 70.523 -70.2004
58.771662 69.791 -74.9408
59.197546 68.996 -79.9600
59.626515 68.128 -85.3407
60.058594 67.181 -91.1967
60.493803 66.149 -97.6876
60.932166 65.029 -105.0404
61.373706 63.828 -113.5737
61.818445 62.572 -123.7185
62.266407 61.332 -135.9824
62.717615 60.242 -150.7490
63.172093 59.505 -167.7808
63.629864 59.293 174.2740
64.090952 59.616 157.4130
64.555381 60.303 142.9982
65.023176 61.151 131.2817
65.494361 62.022 121.8962
65.968960 62.844 114.3464
66.446998 63.590 108.2070
66.928501 64.254 103.1737
67.413492 64.842 99.0356
67.901998 65.364 95.6418
68.394044 65.833 92.8878
68.889655 66.263 90.6950
69.388858 66.665 88.9963
69.891679 67.055 87.7292
70.398142 67.442 86.8287
70.908276 67.840 86.2251
71.422107 68.257 85.8392
71.939661 68.698 85.5878
72.460965 69.167 85.3871
72.986047 69.665 85.1528
73.514934 70.188 84.8153
74.047654 70.733 84.3116
74.584234 71.292 83.6005
75.124702 71.860 82.6506
75.669086 72.428 81.4487
76.217416 72.990 79.9906
76.769719 73.542 78.2828
77.326024 74.077 76.3381
77.886360 74.591 74.1736
78.450757 75.082 71.8094
79.019243 75.547 69.2662
79.591849 75.983 66.5663
80.168605 76.390 63.7304
80.749539 76.765 60.7803
81.334684 77.110 57.7366
81.924068 77.422 54.6179
82.517724 77.704 51.4441
83.115681 77.954 48.2315
83.717972 78.173 44.9974
84.324627 78.361 41.7578
84.935678 78.520 38.5260
85.551157 78.651 35.3168
86.171096 78.753 32.1432
86.795527 78.829 29.0167
87.424483 78.879 25.9490
88.057997 78.905 22.9510
88.696102 78.908 20.0325
89.338830 78.890 17.2029
89.986216 78.852 14.4717
90.638293 78.795 11.8464
91.295096 78.723 9.3339
91.956658 78.636 6.9394
92.623013 78.537 4.6671
93.294198 78.429 2.5192
93.970246 78.313 0.4957
94.651193 78.191 -1.4056
95.337075 78.067 -3.1895
96.027927 77.942 -4.8625
96.723785 77.817 -6.4328
97.424685 77.694 -7.9113
98.130664 77.574 -9.3096
98.841760 77.459 -10.6393
99.558008 77.346 -11.9117
100.279446 77.237 -13.1367
101.006112 77.131 -14.3223
101.738044 77.026 -15.4749
102.475280 76.923 -16.5973
103.217858 76.821 -17.6901
103.965817 76.718 -18.7507
104.719197 76.614 -19.7758
105.478035 76.509 -20.7599
106.242372 76.404 -21.6978
107.012248 76.298 -22.5837
107.787703 76.193 -23.4134
108.568777 76.091 -24.1849
109.355511 75.992 -24.8975
110.147947 75.898 -25.5539
110.946124 75.811 -26.1595
111.750085 75.731 -26.7223
112.559873 75.661 -27.2518
113.375528 75.600 -27.7596
114.197094 75.548 -28.2582
115.024613 75.506 -28.7591
115.858129 75.473 -29.2731
116.697684 75.447 -29.8098
117.543324 75.429 -30.3766
118.395091 75.415 -30.9786
119.253031 75.405 -31.6178
120.117188 75.397 -32.2939
120.987606 75.390 -33.0040
121.864332 75.383 -33.7440
122.747411 75.374 -34.5079
123.636890 75.364 -35.2889
124.532814 75.353 -36.0801
125.435230 75.339 -36.8751
126.344185 75.324 -37.6688
127.259727 75.309 -38.4581
128.181904 75.293 -39.2416
129.110763 75.280 -40.0206
130.046352 75.268 -40.7986
130.988722 75.259 -41.5815
131.937920 75.253 -42.3762
132.893997 75.250 -43.1904
133.857001 75.250 -44.0317
134.826984 75.252 -44.9077
135.803996 75.255 -45.8239
136.788088 75.258 -46.7843
137.779311 75.260 -47.7902
138.777717 75.258 -48.8409
139.783357 75.253 -49.9335
140.796285 75.243 -51.0635
141.816553 75.227 -52.2246
142.844214 75.205 -53.4102
143.879322 75.176 -54.6133
144.921931 75.140 -55.8282
145.972095 75.098 -57.0494
147.029869 75.049 -58.2727
148.095308 74.993 -59.4949
149.168468 74.932 -60.7139
150.249404 74.864 -61.9290
151.338173 74.791 -63.1396
152.434832 74.712 -64.3456
153.539437 74.626 -65.5463
154.652047 74.532 -66.7404
155.772720 74.432 -67.9252
156.901513 74.323 -69.0960
158.038486 74.204 -70.2452
159.183698 74.074 -71.3627
160.337209 73.934 -72.4361
161.499079 73.783 -73.4498
162.669367 73.620 -74.3859
163.848137 73.448 -75.2239
165.035448 73.266 -75.9419
166.231363 73.078 -76.5181
167.435944 72.886 -76.9307
168.649254 72.696 -77.1611
169.871356 72.512 -77.1954
171.102314 72.340 -77.0279
172.342191 72.189 -76.6620
173.591054 72.064 -76.1138
174.848966 71.974 -75.4144
176.115994 71.924 -74.6078
177.392203 71.919 -73.7494
178.677660 71.960 -72.9031
179.972432 72.048 -72.1356
181.276587 72.179 -71.5107
182.590191 72.348 -71.0835
183.913315 72.548 -70.8964
185.246027 72.772 -70.9781
186.588396 73.011 -71.3445
187.940492 73.257 -71.9987
189.302387 73.504 -72.9344
190.674150 73.745 -74.1378
192.055853 73.976 -75.5900
193.447569 74.190 -77.2684
194.849370 74.386 -79.1492
196.261329 74.561 -81.2080
197.683519 74.712 -83.4201
199.116016 74.838 -85.7612
200.558892 74.938 -88.2071
202.012225 75.012 -90.7360
203.476089 75.060 -93.3269
204.950560 75.082 -95.9599
206.435716 75.078 -98.6167
207.931635 75.049 -101.2807
209.438393 74.996 -103.9367
210.956070 74.920 -106.5707
212.484745 74.822 -109.1704
214.024497 74.705 -111.7249
215.575406 74.568 -114.2247
217.137555 74.415 -116.6617
218.711023 74.245 -119.0289
220.295893 74.060 -121.3208
221.892248 73.863 -123.5336
223.500171 73.655 -125.6650
225.119745 73.437 -127.7142
226.751056 73.211 -129.6810
228.394187 72.978 -131.5665
230.049226 72.739 -133.3733
231.716257 72.494 -135.1040
233.395369 72.246 -136.7616
235.086648 71.993 -138.3494
236.790182 71.737 -139.8699
238.506062 71.478 -141.3237
240.234375 71.215 -142.7102
241.975212 70.949 -144.0275
243.728664 70.679 -145.2715
245.494823 70.408 -146.4365
247.273780 70.135 -147.5161
249.065627 69.861 -148.5035
250.870459 69.590 -149.3933
252.688370 69.322 -150.1824
254.519454 69.061 -150.8716
256.363807 68.810 -151.4666
258.221525 68.572 -151.9802
260.092705 68.350 -152.4321
261.977444 68.146 -152.8491
263.875840 67.961 -153.2637
265.787993 67.796 -153.7115
267.714003 67.647 -154.2297
269.653969 67.513 -154.8528
271.607992 67.389 -155.6101
273.576176 67.268 -156.5232
275.558622 67.143 -157.6040
277.555433 67.008 -158.8545
279.566714 66.856 -160.2675
281.592570 66.679 -161.8270
283.633106 66.469 -163.5082
285.688428 66.220 -165.2783
287.758644 65.925 -167.0977
289.843862 65.578 -168.9167
291.944190 65.171 -170.6758
294.059738 64.697 -172.3013
296.190616 64.150 -173.6995
298.336935 63.523 -174.7482
300.498808 62.810 -175.2848
302.676346 62.010 -175.0884
304.869664 61.129 -173.8571
307.078875 60.192 -171.1921
309.304095 59.259 -166.6210
311.545440 58.448 -159.7490
313.803027 57.935 -150.6499
316.076973 57.891 -140.3275
318.367397 58.357 -130.5220
320.674418 59.206 -122.6707
322.998157 60.250 -117.2427
325.338735 61.343 -113.9984
327.696273 62.401 -112.4713
330.070896 63.388 -112.2219
332.462726 64.291 -112.9075
334.871888 65.108 -114.2760
337.298507 65.843 -116.1454
339.742711 66.503 -118.3830
342.204627 67.094 -120.8907
344.684383 67.623 -123.5949
347.182108 68.095 -126.4390
349.697933 68.516 -129.3792
352.231988 68.891 -132.3811
354.784406 69.225 -135.4165
357.355320 69.521 -138.4644
359.944864 69.784 -141.5076
362.553173 70.017 -144.5332
365.180383 70.223 -147.5315
367.826630 70.406 -150.4951
370.492054 70.569 -153.4202
373.176792 70.712 -156.3049
375.880985 70.840 -159.1494
378.604773 70.954 -161.9556
381.348300 71.055 -164.7263
384.111707 71.144 -167.4656
386.895138 71.221 -170.1774
389.698740 71.289 -172.8651
392.522658 71.345 -175.5310
395.367039 71.390 -178.1752
398.232031 71.423 179.2045
401.117785 71.444 176.6143
404.024450 71.452 174.0614
406.952177 71.448 171.5559
409.901120 71.431 169.1077
412.871433 71.402 166.7290
415.863270 71.361 164.4330
418.876786 71.310 162.2336
421.912140 71.250 160.1450
424.969489 71.183 158.1804
428.048993 71.111 156.3518
431.150813 71.039 154.6699
434.275109 70.968 153.1415
437.422046 70.905 151.7681
440.591786 70.853 150.5461
443.784496 70.817 149.4661
447.000341 70.801 148.5087
450.239490 70.809 147.6479
453.502111 70.845 146.8508
456.788374 70.910 146.0789
460.098451 71.004 145.2908
463.432514 71.128 144.4447
466.790737 71.277 143.5017
470.173295 71.449 142.4287
473.580365 71.639 141.2006
477.012124 71.840 139.8005
480.468750 72.049 138.2198
483.950425 72.260 136.4573
487.457329 72.468 134.5183
490.989646 72.669 132.4141
494.547559 72.859 130.1589
498.131254 73.036 127.7709
501.740919 73.196 125.2688
505.376740 73.338 122.6733
509.038909 73.460 120.0045
512.727614 73.564 117.2825
516.443050 73.647 114.5264
520.185409 73.710 111.7543
523.954887 73.754 108.9824
527.751680 73.780 106.2251
531.575987 73.790 103.4949
535.428005 73.784 100.8014
539.307937 73.763 98.1514
543.215985 73.731 95.5492
547.152352 73.688 92.9962
551.117243 73.637 90.4910
555.110866 73.577 88.0295
559.133428 73.510 85.6062
563.185140 73.436 83.2136
567.266211 73.355 80.8445
571.376856 73.267 78.4927
575.517288 73.170 76.1532
579.687724 73.063 73.8242
583.888380 72.944 71.5063
588.119476 72.811 69.2037
592.381232 72.663 66.9246
596.673871 72.499 64.6807
600.997615 72.317 62.4872
605.352692 72.116 60.3611
609.739327 71.897 58.3220
614.157750 71.659 56.3904
618.608190 71.404 54.5874
623.090880 71.133 52.9331
627.606053 70.848 51.4464
632.153945 70.553 50.1437
636.734793 70.251 49.0375
641.348836 69.945 48.1370
645.996314 69.640 47.4463
650.677470 69.340 46.9658
655.392547 69.048 46.6891
660.141792 68.769 46.6057
664.925451 68.505 46.7020
669.743775 68.260 46.9620
674.597014 68.036 47.3671
679.485423 67.835 47.8998
684.409254 67.659 48.5426
689.368766 67.509 49.2765
694.364216 67.385 50.0818
699.395865 67.289 50.9371
704.463976 67.221 51.8203
709.568812 67.181 52.7084
714.710640 67.168 53.5786
719.889728 67.181 54.4093
725.106346 67.217 55.1826
730.360766 67.276 55.8838
735.653261 67.352 56.5015
740.984108 67.446 57.0281
746.353584 67.554 57.4595
751.761970 67.674 57.7939
757.209547 67.804 58.0308
762.696599 67.944 58.1692
768.223413 68.092 58.2085
773.790277 68.246 58.1472
779.397480 68.407 57.9829
785.045315 68.571 57.7128
790.734077 68.738 57.3331
796.464062 68.907 56.8408
802.235569 69.076 56.2339
808.048899 69.242 55.5117
813.904354 69.403 54.6757
819.802241 69.558 53.7291
825.742866 69.705 52.6781
831.726539 69.841 51.5308
837.753572 69.964 50.2976
843.824280 70.074 48.9908
849.938979 70.169 47.6238
856.097987 70.249 46.2106
862.301626 70.313 44.7654
868.550219 70.360 43.3016
874.844092 70.393 41.8331
881.183573 70.410 40.3712
887.568992 70.412 38.9261
894.000683 70.401 37.5076
900.478980 70.376 36.1241
907.004222 70.339 34.7825
913.576749 70.291 33.4890
920.196903 70.233 32.2491
926.865029 70.165 31.0688
933.581475 70.089 29.9532
940.346591 70.006 28.9077
947.160730 69.916 27.9366
954.024247 69.821 27.0447
960.937500 69.722 26.2350
967.900849 69.622 25.5095
974.914658 69.521 24.8676
981.979291 69.421 24.3065
989.095118 69.324 23.8226
996.262509 69.232 23.4093
1003.481838 69.144 23.0582
1010.753481 69.062 22.7599
1018.077817 68.986 22.5048
1025.455229 68.916 22.2845
1032.886100 68.851 22.0930
1040.370819 68.790 21.9257
1047.909774 68.733 21.7828
1055.503361 68.678 21.6682
1063.151973 68.624 21.5895
1070.856010 68.573 21.5568
1078.615875 68.525 21.5815
1086.431970 68.481 21.6755
1094.304704 68.443 21.8488
1102.234487 68.416 22.1053
1110.221732 68.403 22.4423
1118.266856 68.407 22.8488
1126.370279 68.433 23.3040
1134.532422 68.484 23.7776
1142.753712 68.561 24.2319
1151.034577 68.664 24.6261
1159.375448 68.791 24.9214
1167.776760 68.939 25.0825
1176.238952 69.103 25.0824
1184.762464 69.277 24.9047
1193.347741 69.457 24.5435
1201.995231 69.636 24.0017
1210.705384 69.810 23.2899
1219.478654 69.975 22.4248
1228.315499 70.128 21.4253
1237.216380 70.267 20.3113
1246.181760 70.390 19.1030
1255.212106 70.496 17.8197
1264.307891 70.587 16.4785
1273.469587 70.660 15.0950
1282.697672 70.716 13.6825
1291.992628 70.756 12.2528
1301.354940 70.780 10.8165
1310.785094 70.787 9.3828
1320.283583 70.779 7.9604
1329.850902 70.756 6.5593
1339.487550 70.717 5.1886
1349.194029 70.663 3.8578
1358.970845 70.595 2.5770
1368.818508 70.512 1.3575
1378.737531 70.415 0.2134
1388.728432 70.306 -0.8414
1398.791730 70.185 -1.7920
1408.927952 70.054 -2.6223
1419.137625 69.915 -3.3162
1429.421281 69.771 -3.8582
1439.779457 69.626 -4.2349
1450.212692 69.484 -4.4375
1460.721531 69.350 -4.4625
1471.306521 69.230 -4.3135
1481.968215 69.129 -4.0029
1492.707168 69.053 -3.5537
1503.523939 69.006 -2.9980
1514.419093 68.992 -2.3774
1525.393198 69.013 -1.7383
1536.446826 69.069 -1.1296
1547.580553 69.159 -0.5996
1558.794960 69.278 -0.1914
1570.090631 69.424 0.0597
1581.468155 69.589 0.1276
1592.928125 69.768 -0.0042
1604.471139 69.956 -0.3431
1616.097798 70.146 -0.8893
1627.808709 70.335 -1.6362
1639.604482 70.517 -2.5725
1651.485732 70.688 -3.6842
1663.453078 70.845 -4.9550
1675.507145 70.986 -6.3666
1687.648560 71.109 -7.9003
1699.877958 71.211 -9.5366
1712.195974 71.291 -11.2563
1724.603252 71.349 -13.0398
1737.100438 71.383 -14.8667
1749.688184 71.393 -16.7175
1762.367146 71.379 -18.5725
1775.137984 71.342 -20.4125
1788.001366 71.282 -22.2180
1800.957961 71.199 -23.9702
1814.008445 71.095 -25.6508
1827.153498 70.973 -27.2427
1840.393805 70.832 -28.7296
1853.730057 70.675 -30.0969
1867.162949 70.506 -31.3311
1880.693182 70.326 -32.4213
1894.321460 70.139 -33.3580
1908.048494 69.948 -34.1346
1921.875000 69.756 -34.7478
1935.801698 69.568 -35.1973
1949.829316 69.386 -35.4862
1963.958583 69.215 -35.6218
1978.190236 69.058 -35.6160
1992.525018 68.918 -35.4855
2006.963676 68.798 -35.2509
2021.506962 68.702 -34.9370
2036.155634 68.631 -34.5715
2050.910458 68.584 -34.1858
2065.772200 68.563 -33.8105
2080.741637 68.565 -33.4751
2095.819549 68.589 -33.2064
2111.006721 68.633 -33.0272
2126.303946 68.691 -32.9547
2141.712021 68.761 -33.0001
2157.231749 68.839 -33.1688
2172.863940 68.922 -33.4603
2188.609407 69.004 -33.8696
2204.468973 69.085 -34.3879
2220.443464 69.161 -35.0027
2236.533713 69.229 -35.6995
2252.740558 69.290 -36.4625
2269.064845 69.342 -37.2758
2285.507424 69.385 -38.1237
2302.069153 69.419 -38.9915
2318.750895 69.444 -39.8666
2335.553520 69.463 -40.7383
2352.477904 69.475 -41.5996
2369.524928 69.483 -42.4452
2386.695483 69.488 -43.2731
2403.990462 69.490 -44.0825
2421.410768 69.492 -44.8756
2438.957308 69.493 -45.6556
2456.630998 69.494 -46.4265
2474.432759 69.496 -47.1923
2492.363519 69.499 -47.9563
2510.424213 69.502 -48.7211
2528.615781 69.504 -49.4880
2546.939174 69.507 -50.2577
2565.395345 69.510 -51.0288
2583.985257 69.512 -51.7990
2602.709879 69.514 -52.5652
2621.570188 69.515 -53.3243
2640.567166 69.517 -54.0735
2659.701804 69.519 -54.8102
2678.975100 69.523 -55.5333
2698.388058 69.529 -56.2432
2717.941690 69.540 -56.9426
2737.637016 69.555 -57.6361
2757.475062 69.575 -58.3311
2777.456863 69.600 -59.0358
2797.583461 69.632 -59.7598
2817.855904 69.669 -60.5129
2838.275249 69.710 -61.3062
2858.842562 69.756 -62.1473
2879.558913 69.804 -63.0436
2900.425384 69.853 -63.9994
2921.443062 69.901 -65.0167
2942.613043 69.945 -66.0951
2963.936430 69.985 -67.2308
2985.414335 70.019 -68.4170
3007.047878 70.044 -69.6448
3028.838187 70.061 -70.9037
3050.786397 70.067 -72.1812
3072.893653 70.063 -73.4636
3095.161107 70.049 -74.7368
3117.589920 70.025 -75.9872
3140.181262 69.992 -77.2017
3162.936310 69.951 -78.3684
3185.856250 69.904 -79.4774
3208.942278 69.852 -80.5210
3232.195596 69.798 -81.4955
3255.617418 69.744 -82.3994
3279.208964 69.692 -83.2347
3302.971464 69.645 -84.0063
3326.906156 69.603 -84.7230
3351.014290 69.569 -85.3950
3375.297121 69.543 -86.0337
3399.755915 69.526 -86.6521
3424.391948 69.517 -87.2625
3449.206504 69.516 -87.8754
3474.200876 69.523 -88.5005
3499.376367 69.536 -89.1459
3524.734291 69.555 -89.8165
3550.275969 69.578 -90.5148
3576.002732 69.603 -91.2413
3601.915922 69.631 -91.9946
3628.016889 69.659 -92.7716
3654.306995 69.688 -93.5681
3680.787610 69.716 -94.3790
3707.460115 69.744 -95.1997
3734.325899 69.773 -96.0259
3761.386364 69.801 -96.8542
3788.642920 69.831 -97.6829
3816.096988 69.861 -98.5111
3843.750000 69.894 -99.3407
3871.603397 69.929 -100.1757
3899.658631 69.966 -101.0204
3927.917165 70.006 -101.8807
3956.380472 70.048 -102.7620
3985.050036 70.092 -103.6699
4013.927351 70.136 -104.6093
4043.013923 70.181 -105.5824
4072.311269 70.223 -106.5895
4101.820915 70.262 -107.6282
4131.544400 70.297 -108.6940
4161.483274 70.327 -109.7806
4191.639097 70.350 -110.8798
4222.013442 70.367 -111.9813
4252.607892 70.378 -113.0750
4283.424042 70.383 -114.1514
4314.463498 70.382 -115.2026
4345.727879 70.378 -116.2224
4377.218815 70.370 -117.2075
4408.937947 70.361 -118.1565
4440.886929 70.352 -119.0715
4473.067426 70.342 -119.9565
4505.481116 70.334 -120.8177
4538.129690 70.328 -121.6625
4571.014848 70.322 -122.4977
4604.138306 70.318 -123.3293
4637.501790 70.314 -124.1616
4671.107040 70.309 -124.9965
4704.955807 70.302 -125.8342
4739.049856 70.292 -126.6716
4773.390965 70.278 -127.5033
4807.980924 70.260 -128.3231
4842.821536 70.238 -129.1235
4877.914617 70.210 -129.8970
4913.261997 70.179 -130.6354
4948.865519 70.144 -131.3320
4984.727038 70.107 -131.9812
5020.848425 70.067 -132.5779
5057.231563 70.026 -133.1191
5093.878347 69.985 -133.6038
5130.790689 69.946 -134.0305
5167.970514 69.909 -134.4000
5205.419759 69.876 -134.7131
5243.140376 69.848 -134.9734
5281.134332 69.826 -135.1849
5319.403609 69.812 -135.3538
5357.950200 69.805 -135.4872
5396.776116 69.807 -135.5947
5435.883380 69.819 -135.6868
5475.274032 69.840 -135.7748
5514.950125 69.870 -135.8708
5554.913727 69.909 -135.9865
5595.166922 69.956 -136.1327
5635.711808 70.008 -136.3179
5676.550498 70.065 -136.5480
5717.685123 70.125 -136.8270
5759.117827 70.186 -137.1561
5800.850769 70.246 -137.5331
5842.886124 70.304 -137.9546
5885.226086 70.358 -138.4149
5927.872860 70.408 -138.9069
5970.828671 70.451 -139.4222
6014.095756 70.489 -139.9531
6057.676373 70.519 -140.4907
6101.572794 70.543 -141.0262
6145.787305 70.561 -141.5504
6190.322213 70.571 -142.0552
6235.179840 70.576 -142.5327
6280.362523 70.575 -142.9761
6325.872619 70.571 -143.3799
6371.712500 70.563 -143.7397
6417.884555 70.553 -144.0536
6464.391192 70.542 -144.3207
6511.234836 70.532 -144.5425
6558.417927 70.524 -144.7214
6605.942927 70.517 -144.8623
6653.812313 70.514 -144.9702
6702.028580 70.515 -145.0510
6750.594241 70.519 -145.1106
6799.511830 70.526 -145.1539
6848.783896 70.538 -145.1855
6898.413007 70.553 -145.2091
6948.401751 70.570 -145.2281
6998.752735 70.591 -145.2458
7049.468582 70.615 -145.2637
7100.551937 70.641 -145.2834
7152.005464 70.669 -145.3079
7203.831844 70.698 -145.3387
7256.033779 70.729 -145.3772
7308.613991 70.761 -145.4240
7361.575220 70.793 -145.4794
7414.920229 70.825 -145.5426
7468.651798 70.857 -145.6130
7522.772727 70.888 -145.6895
7577.285840 70.917 -145.7699
7632.193976 70.946 -145.8519
7687.500000 70.973 -145.9338
7743.206794 70.998 -146.0133
7799.317262 71.022 -146.0883
7855.834330 71.044 -146.1558
7912.760944 71.065 -146.2134
7970.100072 71.086 -146.2593
8027.854702 71.106 -146.2928
8086.027847 71.125 -146.3125
8144.622538 71.144 -146.3188
8203.641830 71.164 -146.3129
8263.088801 71.185 -146.2963
8322.966548 71.207 -146.2709
8383.278195 71.230 -146.2391
8444.026884 71.254 -146.2040
8505.215784 71.280 -146.1672
8566.848084 71.308 -146.1316
8628.926996 71.337 -146.1003
8691.455758 71.368 -146.0760
8754.437630 71.399 -146.0616
8817.875894 71.431 -146.0593
8881.773857 71.462 -146.0713
8946.134852 71.494 -146.0989
9010.962233 71.526 -146.1431
9076.259380 71.555 -146.2040
9142.029697 71.583 -146.2808
9208.276612 71.609 -146.3719
9275.003581 71.631 -146.4753
9342.214080 71.650 -146.5881
9409.911614 71.666 -146.7073
9478.099713 71.679 -146.8296
9546.781930 71.687 -146.9518
9615.961848 71.692 -147.0709
9685.643071 71.693 -147.1838
9755.829233 71.691 -147.2887
9826.523994 71.686 -147.3833
9897.731037 71.678 -147.4661
9969.454076 71.668 -147.5360
10041.696850 71.656 -147.5925
10114.463125 71.642 -147.6355
10187.756694 71.626 -147.6649
10261.581379 71.609 -147.6823
10335.941028 71.592 -147.6880
10410.839517 71.573 -147.6837
10486.280752 71.554 -147.6703
10562.268665 71.534 -147.6497
10638.807218 71.513 -147.6228
10715.900400 71.491 -147.5914
10793.552232 71.469 -147.5557
10871.766761 71.445 -147.5164
10950.548064 71.421 -147.4736
11029.900250 71.395 -147.4279
11109.827454 71.368 -147.3784
11190.333843 71.339 -147.3241
11271.423615 71.308 -147.2642
11353.100997 71.277 -147.1980
11435.370247 71.243 -147.1249
11518.235653 71.208 -147.0442
11601.701537 71.172 -146.9554
11685.772249 71.136 -146.8585
11770.452172 71.097 -146.7529
11855.745720 71.058 -146.6381
11941.657341 71.018 -146.5137
12028.191513 70.977 -146.3802
12115.352747 70.936 -146.2380
12203.145587 70.894 -146.0867
12291.574610 70.852 -145.9272
12380.644427 70.811 -145.7607
12470.359680 70.769 -145.5880
12560.725047 70.728 -145.4103
12651.745238 70.687 -145.2296
12743.425000 70.646 -145.0472
12835.769110 70.606 -144.8652
12928.782385 70.567 -144.6847
13022.469671 70.528 -144.5072
13116.835855 70.488 -144.3342
13211.885854 70.449 -144.1669
13307.624625 70.410 -144.0059
13404.057159 70.371 -143.8523
13501.188483 70.330 -143.7058
13599.023660 70.290 -143.5653
13697.567791 70.249 -143.4303
13796.826014 70.207 -143.3004
13896.803503 70.165 -143.1748
13997.505470 70.122 -143.0527
14098.937164 70.079 -142.9343
14201.103875 70.037 -142.8197
14304.010928 69.995 -142.7095
14407.663687 69.953 -142.6047
14512.067557 69.912 -142.5059
14617.227981 69.872 -142.4148
14723.150441 69.834 -142.3337
14829.840458 69.797 -142.2642
14937.303595 69.761 -142.2081
15045.545455 69.728 -142.1688
15154.571679 69.696 -142.1486
15264.387953 69.666 -142.1494
15375.000000 69.638 -142.1735
15486.413588 69.612 -142.2230
15598.634525 69.588 -142.3003
15711.668661 69.566 -142.4067
15825.521888 69.546 -142.5448
15940.200144 69.527 -142.7162
16055.709405 69.511 -142.9232
16172.055694 69.497 -143.1685
16289.245076 69.485 -143.4546
16407.283660 69.475 -143.7852
16526.177601 69.468 -144.1635
16645.933097 69.463 -144.5931
16766.556390 69.460 -145.0789
16888.053769 69.459 -145.6256
17010.431568 69.461 -146.2378
17133.696167 69.463 -146.9208
17257.853993 69.468 -147.6814
17382.911517 69.473 -148.5231
17508.875259 69.479 -149.4487
17635.751787 69.483 -150.4802
17763.547714 69.482 -151.6198
17892.269704 69.477 -152.8217
18021.924466 69.468 -154.0973
18152.518759 69.456 -155.4673
18284.059393 69.440 -156.9343
18416.553225 69.417 -158.5016
18550.007161 69.386 -160.1710
18684.428160 69.346 -161.9430
18819.823228 69.293 -163.8168
18956.199425 69.225 -165.7917
19093.563861 69.140 -167.8661
19231.923695 69.035 -170.0360
19371.286142 68.907 -172.2981
19511.658467 68.751 -174.6489
19653.047987 68.563 -177.0850
19795.462074 68.339 -179.6040
19938.908153 68.074 177.7883
20083.393701 67.753 175.2222
20228.926250 67.372 172.7466
20375.513389 66.929 170.2280
20523.162758 66.416 167.6731
20671.882055 65.824 165.0883
20821.679034 65.142 162.4799
20972.561504 64.358 159.8536
21124.537330 63.458 157.2153
21277.614435 62.426 154.5701
21431.800801 61.246 151.9219
21587.104464 59.896 149.2754
21743.533521 58.352 146.6338
21901.096129 56.587 144.0004
22059.800499 54.570 141.3774
22219.654907 52.261 138.7671
22380.667686 49.617 136.1708
22542.847230 46.584 133.5896
22706.201994 43.097 131.0247
22870.740494 39.080 128.4758
23036.471307 34.444 125.9436
23203.403074 29.089 123.4276
23371.544498 22.916 120.9277
23540.904344 15.854 118.4426
23711.491441 7.913 115.9723
23883.314682 -0.333 113.5153
