* Measurement data measured by REW V5.40 beta 133
* Source: U18dB [plughw:3,0], Mic (Mic), R, Volume: 1.000. Timing signal peak level -27.0 dBFS, measurement signal peak level -15.9 dBFS
* Format: 512k Log Swept Sine, 1 sweep at -12.0 dBFS using an acoustic timing reference
* Dated: Sep 10, 2026, 11:18:33 AM
* REW Settings:
*  C-weighting compensation: Off
*  Target level: 75.0 dB
* Note: ; 10 sept 2026  Position MLP+20cm AHEAD 4.387m from front wall 3.49/3.49m from RLand L speaker  2 screen panels prolongation - new setup DAC level -29dB MIC HEIGHT: 1.000m mic boom arm height: 1.040 -12dBFS OKTO -28dB DELAY -0.0097 ms (-3.3 mm, -0.13 in) using estimated IR delay relative to Acoustic reference played from DAC8STEREO L with no timing offset Clock adjustment: -17.1 ppm
* Measurement: L 120.green.2
* Smoothing: 1/48 octave
* Frequency Step: 96 ppo
* Start Frequency: 15.014648 Hz
*
* Freq(Hz) SPL(dB) Phase(degrees)
15.014648 69.228 -160.6493
15.123451 69.378 -161.5422
15.233042 69.561 -162.4612
15.343426 69.750 -163.4198
15.454611 69.942 -164.4207
15.566602 70.136 -165.4521
15.679404 70.330 -166.5262
15.793023 70.523 -167.6521
15.907466 70.716 -168.8182
16.022738 70.909 -170.0308
16.138845 71.098 -171.2986
16.255794 71.287 -172.6167
16.373590 71.474 -173.9848
16.492240 71.657 -175.4061
16.611750 71.837 -176.8813
16.732125 72.015 -178.4075
16.853373 72.189 -179.9803
16.975500 72.361 178.3967
17.098511 72.530 176.7266
17.222414 72.695 175.0207
17.347215 72.858 173.2737
17.472920 73.018 171.4884
17.599536 73.174 169.6801
17.727069 73.327 167.8391
17.855527 73.477 165.9715
17.984915 73.622 164.0924
18.115241 73.765 162.1886
18.246512 73.903 160.2698
18.378734 74.036 158.3473
18.511914 74.165 156.4063
18.646058 74.289 154.4607
18.781175 74.409 152.5135
18.917272 74.524 150.5540
19.054354 74.634 148.5997
19.192430 74.741 146.6426
19.331506 74.843 144.6832
19.471590 74.941 142.7347
19.612689 75.035 140.7836
19.754811 75.126 138.8409
19.897962 75.213 136.9082
20.042151 75.297 134.9786
20.187385 75.377 133.0636
20.333671 75.455 131.1539
20.481017 75.529 129.2535
20.629431 75.599 127.3625
20.778920 75.667 125.4749
20.929493 75.731 123.5945
21.081157 75.792 121.7128
21.233919 75.848 119.8326
21.387789 75.901 117.9481
21.542774 75.949 116.0570
21.698882 75.992 114.1594
21.856121 76.031 112.2471
22.014499 76.064 110.3261
22.174025 76.092 108.3858
22.334708 76.113 106.4333
22.496554 76.128 104.4620
22.659573 76.137 102.4736
22.823774 76.139 100.4734
22.989164 76.134 98.4532
23.155753 76.121 96.4275
23.323549 76.099 94.3834
23.492562 76.070 92.3398
23.662798 76.032 90.2840
23.834269 75.984 88.2347
24.006982 75.926 86.1834
24.180946 75.858 84.1452
24.356171 75.779 82.1176
24.532666 75.688 80.1113
24.710440 75.585 78.1304
24.889502 75.470 76.1819
25.069862 75.341 74.2756
25.251528 75.200 72.4164
25.434511 75.044 70.6178
25.618820 74.874 68.8857
25.804465 74.691 67.2358
25.991454 74.493 65.6767
26.179799 74.281 64.2249
26.369509 74.055 62.8929
26.560593 73.817 61.6978
26.753062 73.567 60.6555
26.946926 73.308 59.7858
27.142194 73.041 59.1035
27.338878 72.770 58.6324
27.536987 72.498 58.3805
27.736531 72.229 58.3736
27.937521 71.971 58.6057
28.139968 71.728 59.0976
28.343882 71.510 59.8234
28.549273 71.321 60.7820
28.756153 71.172 61.9285
28.964532 71.066 63.2209
29.174421 71.011 64.6115
29.385831 71.007 66.0147
29.598773 71.055 67.3879
29.813258 71.153 68.6388
30.029297 71.294 69.7320
30.246902 71.474 70.6115
30.466083 71.683 71.2484
30.686853 71.915 71.6308
30.909222 72.162 71.7448
31.133203 72.417 71.6030
31.358807 72.675 71.2092
31.586046 72.930 70.5848
31.814932 73.178 69.7442
32.045476 73.416 68.7083
32.277691 73.641 67.4983
32.511588 73.852 66.1269
32.747180 74.046 64.6201
32.984480 74.223 62.9902
33.223499 74.381 61.2499
33.464250 74.519 59.4220
33.706746 74.638 57.5134
33.950999 74.735 55.5365
34.197022 74.812 53.5107
34.444828 74.866 51.4408
34.694429 74.898 49.3370
34.945839 74.908 47.2152
35.199071 74.895 45.0843
35.454138 74.857 42.9629
35.711054 74.797 40.8706
35.969831 74.715 38.8120
36.230483 74.611 36.7953
36.493024 74.486 34.8389
36.757467 74.340 32.9564
37.023827 74.174 31.1605
37.292117 73.988 29.4673
37.562351 73.785 27.8969
37.834543 73.565 26.4659
38.108708 73.330 25.1932
38.384859 73.084 24.0975
38.663012 72.828 23.1976
38.943180 72.567 22.5115
39.225378 72.303 22.0563
39.509622 72.043 21.8448
39.795925 71.791 21.8834
40.084302 71.554 22.1753
40.374770 71.336 22.7158
40.667342 71.147 23.4905
40.962034 70.991 24.4713
41.258862 70.876 25.6196
41.557841 70.805 26.8890
41.858986 70.782 28.2254
42.162313 70.807 29.5698
42.467839 70.882 30.8631
42.775578 71.001 32.0483
43.085548 71.163 33.0771
43.397763 71.360 33.9113
43.712242 71.587 34.5227
44.028998 71.838 34.8927
44.348051 72.108 35.0108
44.669415 72.390 34.8738
44.993108 72.680 34.4839
45.319147 72.973 33.8462
45.647548 73.265 32.9693
45.978329 73.553 31.8633
46.311507 73.834 30.5397
46.647099 74.105 29.0101
46.985123 74.364 27.2861
47.325597 74.610 25.3795
47.668537 74.839 23.3018
48.013963 75.051 21.0644
48.361892 75.245 18.6793
48.712342 75.418 16.1571
49.065332 75.570 13.5081
49.420880 75.699 10.7432
49.779004 75.805 7.8725
50.139723 75.885 4.9047
50.503056 75.940 1.8489
50.869022 75.969 -1.2866
51.237640 75.971 -4.4943
51.608929 75.945 -7.7672
51.982909 75.892 -11.0996
52.359598 75.811 -14.4868
52.739018 75.701 -17.9247
53.121186 75.563 -21.4114
53.506124 75.396 -24.9449
53.893852 75.199 -28.5261
54.284389 74.974 -32.1564
54.677756 74.719 -35.8384
55.073973 74.433 -39.5774
55.473062 74.116 -43.3802
55.875043 73.767 -47.2557
56.279936 73.385 -51.2144
56.687764 72.967 -55.2689
57.098547 72.511 -59.4353
57.512306 72.016 -63.7325
57.929064 71.476 -68.1853
58.348842 70.890 -72.8242
58.771662 70.252 -77.6862
59.197546 69.558 -82.8192
59.626515 68.801 -88.2860
60.058594 67.977 -94.1702
60.493803 67.080 -100.5844
60.932166 66.107 -107.6836
61.373706 65.059 -115.6768
61.818445 63.948 -124.8424
62.266407 62.806 -135.5267
62.717615 61.700 -148.0905
63.172093 60.744 -162.7253
63.629864 60.091 -179.1060
64.090952 59.859 163.8455
64.555381 60.051 147.5886
65.023176 60.548 133.1882
65.494361 61.197 120.9757
65.968960 61.879 110.7781
66.446998 62.523 102.2424
66.928501 63.095 95.0479
67.413492 63.581 88.9499
67.901998 63.979 83.7676
68.394044 64.294 79.3898
68.889655 64.532 75.7554
69.388858 64.703 72.8295
69.891679 64.820 70.6074
70.398142 64.898 69.0981
70.908276 64.956 68.3110
71.422107 65.015 68.2441
71.939661 65.103 68.8643
72.460965 65.246 70.0906
72.986047 65.469 71.7759
73.514934 65.788 73.7249
74.047654 66.210 75.6990
74.584234 66.728 77.4783
75.124702 67.326 78.8745
75.669086 67.980 79.7730
76.217416 68.668 80.1162
76.769719 69.368 79.9042
77.326024 70.062 79.1675
77.886360 70.739 77.9586
78.450757 71.388 76.3350
79.019243 72.002 74.3558
79.591849 72.578 72.0765
80.168605 73.113 69.5472
80.749539 73.606 66.8135
81.334684 74.057 63.9160
81.924068 74.465 60.8890
82.517724 74.832 57.7654
83.115681 75.158 54.5719
83.717972 75.443 51.3343
84.324627 75.690 48.0757
84.935678 75.900 44.8151
85.551157 76.073 41.5725
86.171096 76.212 38.3654
86.795527 76.317 35.2092
87.424483 76.391 32.1196
88.057997 76.435 29.1116
88.696102 76.451 26.1982
89.338830 76.440 23.3928
89.986216 76.405 20.7090
90.638293 76.347 18.1582
91.295096 76.270 15.7514
91.956658 76.174 13.4981
92.623013 76.065 11.4068
93.294198 75.944 9.4837
93.970246 75.814 7.7325
94.651193 75.679 6.1543
95.337075 75.543 4.7468
96.027927 75.408 3.5044
96.723785 75.278 2.4189
97.424685 75.155 1.4774
98.130664 75.043 0.6642
98.841760 74.943 -0.0381
99.558008 74.857 -0.6486
100.279446 74.785 -1.1866
101.006112 74.729 -1.6713
101.738044 74.687 -2.1212
102.475280 74.660 -2.5521
103.217858 74.647 -2.9780
103.965817 74.647 -3.4108
104.719197 74.659 -3.8608
105.478035 74.681 -4.3369
106.242372 74.713 -4.8469
107.012248 74.753 -5.3973
107.787703 74.802 -5.9951
108.568777 74.857 -6.6459
109.355511 74.916 -7.3545
110.147947 74.980 -8.1248
110.946124 75.045 -8.9596
111.750085 75.112 -9.8598
112.559873 75.177 -10.8246
113.375528 75.241 -11.8517
114.197094 75.300 -12.9366
115.024613 75.355 -14.0735
115.858129 75.403 -15.2551
116.697684 75.444 -16.4733
117.543324 75.479 -17.7201
118.395091 75.505 -18.9870
119.253031 75.524 -20.2653
120.117188 75.535 -21.5469
120.987606 75.539 -22.8244
121.864332 75.536 -24.0913
122.747411 75.526 -25.3417
123.636890 75.511 -26.5705
124.532814 75.491 -27.7735
125.435230 75.466 -28.9474
126.344185 75.439 -30.0903
127.259727 75.410 -31.2010
128.181904 75.379 -32.2797
129.110763 75.348 -33.3277
130.046352 75.318 -34.3479
130.988722 75.289 -35.3444
131.937920 75.264 -36.3221
132.893997 75.241 -37.2868
133.857001 75.221 -38.2445
134.826984 75.204 -39.2021
135.803996 75.191 -40.1659
136.788088 75.180 -41.1417
137.779311 75.172 -42.1342
138.777717 75.166 -43.1472
139.783357 75.161 -44.1833
140.796285 75.156 -45.2444
141.816553 75.152 -46.3310
142.844214 75.148 -47.4434
143.879322 75.143 -48.5817
144.921931 75.138 -49.7466
145.972095 75.132 -50.9394
147.029869 75.123 -52.1615
148.095308 75.113 -53.4150
149.168468 75.101 -54.7025
150.249404 75.086 -56.0269
151.338173 75.068 -57.3910
152.434832 75.045 -58.7971
153.539437 75.016 -60.2461
154.652047 74.979 -61.7388
155.772720 74.934 -63.2734
156.901513 74.879 -64.8470
158.038486 74.811 -66.4537
159.183698 74.730 -68.0856
160.337209 74.633 -69.7335
161.499079 74.520 -71.3854
162.669367 74.388 -73.0270
163.848137 74.238 -74.6424
165.035448 74.067 -76.2128
166.231363 73.876 -77.7178
167.435944 73.664 -79.1344
168.649254 73.432 -80.4371
169.871356 73.179 -81.5984
171.102314 72.910 -82.5885
172.342191 72.625 -83.3753
173.591054 72.328 -83.9250
174.848966 72.025 -84.2054
176.115994 71.722 -84.1852
177.392203 71.428 -83.8386
178.677660 71.154 -83.1516
179.972432 70.912 -82.1274
181.276587 70.716 -80.7941
182.590191 70.579 -79.2089
183.913315 70.512 -77.4584
185.246027 70.521 -75.6545
186.588396 70.608 -73.9222
187.940492 70.769 -72.3833
189.302387 70.993 -71.1412
190.674150 71.268 -70.2715
192.055853 71.579 -69.8173
193.447569 71.911 -69.7925
194.849370 72.252 -70.1882
196.261329 72.591 -70.9800
197.683519 72.919 -72.1332
199.116016 73.230 -73.6081
200.558892 73.518 -75.3639
202.012225 73.781 -77.3615
203.476089 74.017 -79.5641
204.950560 74.223 -81.9379
206.435716 74.400 -84.4525
207.931635 74.547 -87.0811
209.438393 74.665 -89.8002
210.956070 74.755 -92.5886
212.484745 74.816 -95.4281
214.024497 74.852 -98.3030
215.575406 74.861 -101.1996
217.137555 74.845 -104.1058
218.711023 74.805 -107.0107
220.295893 74.742 -109.9055
221.892248 74.657 -112.7820
223.500171 74.551 -115.6337
225.119745 74.425 -118.4552
226.751056 74.279 -121.2408
228.394187 74.115 -123.9859
230.049226 73.933 -126.6870
231.716257 73.732 -129.3402
233.395369 73.515 -131.9419
235.086648 73.281 -134.4894
236.790182 73.031 -136.9795
238.506062 72.764 -139.4078
240.234375 72.480 -141.7700
241.975212 72.179 -144.0608
243.728664 71.861 -146.2733
245.494823 71.527 -148.3994
247.273780 71.174 -150.4288
249.065627 70.803 -152.3489
250.870459 70.415 -154.1440
252.688370 70.008 -155.7957
254.519454 69.583 -157.2812
256.363807 69.141 -158.5739
258.221525 68.683 -159.6428
260.092705 68.212 -160.4536
261.977444 67.732 -160.9685
263.875840 67.248 -161.1492
265.787993 66.768 -160.9601
267.714003 66.304 -160.3744
269.653969 65.868 -159.3809
271.607992 65.474 -157.9930
273.576176 65.139 -156.2576
275.558622 64.876 -154.2566
277.555433 64.694 -152.1052
279.566714 64.600 -149.9415
281.592570 64.589 -147.9055
283.633106 64.653 -146.1206
285.688428 64.778 -144.6802
287.758644 64.949 -143.6418
289.843862 65.149 -143.0278
291.944190 65.364 -142.8335
294.059738 65.581 -143.0354
296.190616 65.791 -143.5980
298.336935 65.985 -144.4797
300.498808 66.158 -145.6372
302.676346 66.305 -147.0280
304.869664 66.423 -148.6102
307.078875 66.510 -150.3447
309.304095 66.564 -152.1935
311.545440 66.584 -154.1201
313.803027 66.570 -156.0891
316.076973 66.520 -158.0645
318.367397 66.436 -160.0098
320.674418 66.318 -161.8867
322.998157 66.167 -163.6555
325.338735 65.984 -165.2737
327.696273 65.772 -166.6969
330.070896 65.537 -167.8789
332.462726 65.284 -168.7742
334.871888 65.022 -169.3396
337.298507 64.759 -169.5398
339.742711 64.510 -169.3519
342.204627 64.288 -168.7754
344.684383 64.110 -167.8383
347.182108 63.990 -166.6033
349.697933 63.942 -165.1687
352.231988 63.972 -163.6591
354.784406 64.082 -162.2092
357.355320 64.265 -160.9479
359.944864 64.511 -159.9789
362.553173 64.805 -159.3724
365.180383 65.132 -159.1639
367.826630 65.479 -159.3589
370.492054 65.832 -159.9417
373.176792 66.182 -160.8823
375.880985 66.521 -162.1436
378.604773 66.843 -163.6858
381.348300 67.144 -165.4692
384.111707 67.421 -167.4561
386.895138 67.671 -169.6118
389.698740 67.894 -171.9038
392.522658 68.089 -174.3018
395.367039 68.256 -176.7776
398.232031 68.394 -179.3040
401.117785 68.503 178.1465
404.024450 68.586 175.5989
406.952177 68.641 173.0774
409.901120 68.672 170.6040
412.871433 68.679 168.1997
415.863270 68.666 165.8851
418.876786 68.633 163.6792
421.912140 68.583 161.6006
424.969489 68.520 159.6650
428.048993 68.447 157.8872
431.150813 68.367 156.2793
434.275109 68.286 154.8494
437.422046 68.209 153.5994
440.591786 68.139 152.5269
443.784496 68.082 151.6221
447.000341 68.043 150.8676
450.239490 68.026 150.2385
453.502111 68.034 149.7052
456.788374 68.069 149.2334
460.098451 68.133 148.7876
463.432514 68.225 148.3318
466.790737 68.343 147.8328
470.173295 68.487 147.2617
473.580365 68.652 146.5944
477.012124 68.836 145.8123
480.468750 69.035 144.9011
483.950425 69.246 143.8510
487.457329 69.464 142.6560
490.989646 69.687 141.3134
494.547559 69.912 139.8232
498.131254 70.136 138.1890
501.740919 70.355 136.4153
505.376740 70.566 134.5098
509.038909 70.769 132.4812
512.727614 70.959 130.3408
516.443050 71.136 128.1001
520.185409 71.298 125.7720
523.954887 71.444 123.3698
527.751680 71.572 120.9070
531.575987 71.682 118.3977
535.428005 71.773 115.8560
539.307937 71.845 113.2953
543.215985 71.897 110.7300
547.152352 71.929 108.1744
551.117243 71.943 105.6428
555.110866 71.938 103.1492
559.133428 71.916 100.7078
563.185140 71.876 98.3317
567.266211 71.820 96.0339
571.376856 71.751 93.8267
575.517288 71.668 91.7203
579.687724 71.577 89.7231
583.888380 71.477 87.8413
588.119476 71.372 86.0769
592.381232 71.265 84.4294
596.673871 71.157 82.8955
600.997615 71.051 81.4678
605.352692 70.949 80.1364
609.739327 70.853 78.8894
614.157750 70.762 77.7139
618.608190 70.678 76.5980
623.090880 70.600 75.5308
627.606053 70.527 74.5034
632.153945 70.459 73.5110
636.734793 70.396 72.5513
641.348836 70.335 71.6260
645.996314 70.277 70.7390
650.677470 70.223 69.8965
655.392547 70.172 69.1031
660.141792 70.126 68.3628
664.925451 70.086 67.6770
669.743775 70.054 67.0442
674.597014 70.032 66.4578
679.485423 70.021 65.9092
684.409254 70.023 65.3865
689.368766 70.038 64.8743
694.364216 70.068 64.3552
699.395865 70.111 63.8108
704.463976 70.167 63.2235
709.568812 70.234 62.5779
714.710640 70.312 61.8606
719.889728 70.396 61.0620
725.106346 70.486 60.1768
730.360766 70.579 59.2021
735.653261 70.672 58.1383
740.984108 70.764 56.9871
746.353584 70.853 55.7520
751.761970 70.939 54.4379
757.209547 71.019 53.0493
762.696599 71.093 51.5905
768.223413 71.160 50.0653
773.790277 71.219 48.4779
779.397480 71.270 46.8315
785.045315 71.311 45.1292
790.734077 71.343 43.3738
796.464062 71.363 41.5680
802.235569 71.372 39.7156
808.048899 71.367 37.8206
813.904354 71.350 35.8873
819.802241 71.317 33.9209
825.742866 71.268 31.9274
831.726539 71.203 29.9131
837.753572 71.121 27.8853
843.824280 71.019 25.8521
849.938979 70.899 23.8220
856.097987 70.758 21.8047
862.301626 70.597 19.8099
868.550219 70.413 17.8486
874.844092 70.206 15.9327
881.183573 69.977 14.0750
887.568992 69.723 12.2887
894.000683 69.445 10.5900
900.478980 69.140 8.9962
907.004222 68.810 7.5272
913.576749 68.452 6.2054
920.196903 68.066 5.0581
926.865029 67.653 4.1167
933.581475 67.211 3.4198
940.346591 66.743 3.0134
947.160730 66.249 2.9529
954.024247 65.732 3.3033
960.937500 65.200 4.1401
967.900849 64.664 5.5448
974.914658 64.138 7.5966
981.979291 63.645 10.3577
989.095118 63.216 13.8478
996.262509 62.884 18.0122
1003.481838 62.683 22.6947
1010.753481 62.637 27.6378
1018.077817 62.753 32.5244
1025.455229 63.018 37.0476
1032.886100 63.404 40.9768
1040.370819 63.875 44.1858
1047.909774 64.398 46.6458
1055.503361 64.943 48.3949
1063.151973 65.491 49.5074
1070.856010 66.026 50.0703
1078.615875 66.539 50.1693
1086.431970 67.023 49.8839
1094.304704 67.478 49.2832
1102.234487 67.901 48.4254
1110.221732 68.293 47.3589
1118.266856 68.655 46.1250
1126.370279 68.988 44.7573
1134.532422 69.293 43.2828
1142.753712 69.574 41.7234
1151.034577 69.829 40.0968
1159.375448 70.063 38.4185
1167.776760 70.275 36.7001
1176.238952 70.469 34.9501
1184.762464 70.645 33.1760
1193.347741 70.805 31.3843
1201.995231 70.950 29.5789
1210.705384 71.080 27.7623
1219.478654 71.197 25.9373
1228.315499 71.302 24.1042
1237.216380 71.397 22.2622
1246.181760 71.480 20.4098
1255.212106 71.553 18.5450
1264.307891 71.617 16.6647
1273.469587 71.670 14.7656
1282.697672 71.713 12.8442
1291.992628 71.746 10.8972
1301.354940 71.766 8.9221
1310.785094 71.775 6.9165
1320.283583 71.769 4.8796
1329.850902 71.749 2.8135
1339.487550 71.713 0.7206
1349.194029 71.658 -1.3947
1358.970845 71.583 -3.5258
1368.818508 71.487 -5.6639
1378.737531 71.367 -7.7969
1388.728432 71.222 -9.9099
1398.791730 71.051 -11.9866
1408.927952 70.851 -14.0063
1419.137625 70.623 -15.9457
1429.421281 70.364 -17.7766
1439.779457 70.074 -19.4669
1450.212692 69.753 -20.9813
1460.721531 69.402 -22.2783
1471.306521 69.023 -23.3120
1481.968215 68.620 -24.0316
1492.707168 68.197 -24.3829
1503.523939 67.762 -24.3112
1514.419093 67.326 -23.7656
1525.393198 66.903 -22.7065
1536.446826 66.511 -21.1163
1547.580553 66.170 -19.0123
1558.794960 65.902 -16.4592
1570.090631 65.724 -13.5729
1581.468155 65.648 -10.5129
1592.928125 65.678 -7.4624
1604.471139 65.809 -4.5972
1616.097798 66.025 -2.0610
1627.808709 66.309 0.0500
1639.604482 66.641 1.6890
1651.485732 67.003 2.8479
1663.453078 67.380 3.5461
1675.507145 67.760 3.8192
1687.648560 68.134 3.7089
1699.877958 68.496 3.2582
1712.195974 68.840 2.5077
1724.603252 69.165 1.4950
1737.100438 69.466 0.2537
1749.688184 69.743 -1.1863
1762.367146 69.996 -2.7986
1775.137984 70.222 -4.5588
1788.001366 70.421 -6.4453
1800.957961 70.593 -8.4371
1814.008445 70.737 -10.5148
1827.153498 70.855 -12.6600
1840.393805 70.944 -14.8552
1853.730057 71.006 -17.0828
1867.162949 71.041 -19.3257
1880.693182 71.049 -21.5675
1894.321460 71.029 -23.7911
1908.048494 70.984 -25.9797
1921.875000 70.914 -28.1168
1935.801698 70.821 -30.1862
1949.829316 70.704 -32.1711
1963.958583 70.565 -34.0554
1978.190236 70.407 -35.8236
1992.525018 70.231 -37.4608
2006.963676 70.039 -38.9530
2021.506962 69.836 -40.2867
2036.155634 69.622 -41.4510
2050.910458 69.402 -42.4376
2065.772200 69.180 -43.2405
2080.741637 68.958 -43.8574
2095.819549 68.743 -44.2905
2111.006721 68.537 -44.5471
2126.303946 68.344 -44.6390
2141.712021 68.169 -44.5837
2157.231749 68.014 -44.4032
2172.863940 67.882 -44.1234
2188.609407 67.774 -43.7722
2204.468973 67.692 -43.3796
2220.443464 67.634 -42.9741
2236.533713 67.600 -42.5822
2252.740558 67.588 -42.2262
2269.064845 67.595 -41.9250
2285.507424 67.619 -41.6919
2302.069153 67.658 -41.5359
2318.750895 67.708 -41.4613
2335.553520 67.768 -41.4695
2352.477904 67.835 -41.5599
2369.524928 67.908 -41.7302
2386.695483 67.986 -41.9771
2403.990462 68.067 -42.2977
2421.410768 68.151 -42.6897
2438.957308 68.238 -43.1523
2456.630998 68.325 -43.6854
2474.432759 68.414 -44.2896
2492.363519 68.503 -44.9656
2510.424213 68.590 -45.7146
2528.615781 68.675 -46.5364
2546.939174 68.757 -47.4302
2565.395345 68.833 -48.3928
2583.985257 68.903 -49.4192
2602.709879 68.965 -50.5020
2621.570188 69.018 -51.6315
2640.567166 69.060 -52.7971
2659.701804 69.093 -53.9860
2678.975100 69.114 -55.1844
2698.388058 69.124 -56.3782
2717.941690 69.125 -57.5537
2737.637016 69.118 -58.6984
2757.475062 69.102 -59.8018
2777.456863 69.081 -60.8551
2797.583461 69.056 -61.8521
2817.855904 69.030 -62.7905
2838.275249 69.005 -63.6720
2858.842562 68.983 -64.5011
2879.558913 68.967 -65.2860
2900.425384 68.957 -66.0381
2921.443062 68.955 -66.7715
2942.613043 68.962 -67.5021
2963.936430 68.978 -68.2456
2985.414335 69.001 -69.0168
3007.047878 69.031 -69.8296
3028.838187 69.066 -70.6948
3050.786397 69.104 -71.6201
3072.893653 69.142 -72.6093
3095.161107 69.179 -73.6621
3117.589920 69.212 -74.7756
3140.181262 69.239 -75.9427
3162.936310 69.259 -77.1536
3185.856250 69.269 -78.3961
3208.942278 69.269 -79.6556
3232.195596 69.258 -80.9176
3255.617418 69.237 -82.1663
3279.208964 69.206 -83.3854
3302.971464 69.166 -84.5603
3326.906156 69.118 -85.6782
3351.014290 69.064 -86.7283
3375.297121 69.007 -87.7017
3399.755915 68.948 -88.5941
3424.391948 68.890 -89.4049
3449.206504 68.836 -90.1354
3474.200876 68.789 -90.7924
3499.376367 68.749 -91.3861
3524.734291 68.720 -91.9288
3550.275969 68.702 -92.4351
3576.002732 68.696 -92.9211
3601.915922 68.702 -93.4030
3628.016889 68.719 -93.8962
3654.306995 68.747 -94.4150
3680.787610 68.785 -94.9709
3707.460115 68.829 -95.5726
3734.325899 68.880 -96.2263
3761.386364 68.934 -96.9349
3788.642920 68.992 -97.6984
3816.096988 69.049 -98.5135
3843.750000 69.105 -99.3763
3871.603397 69.160 -100.2810
3899.658631 69.211 -101.2207
3927.917165 69.259 -102.1885
3956.380472 69.303 -103.1768
3985.050036 69.343 -104.1796
4013.927351 69.380 -105.1923
4043.013923 69.414 -106.2104
4072.311269 69.445 -107.2310
4101.820915 69.473 -108.2518
4131.544400 69.498 -109.2721
4161.483274 69.522 -110.2916
4191.639097 69.543 -111.3110
4222.013442 69.562 -112.3302
4252.607892 69.578 -113.3495
4283.424042 69.593 -114.3685
4314.463498 69.605 -115.3871
4345.727879 69.614 -116.4041
4377.218815 69.619 -117.4176
4408.937947 69.621 -118.4249
4440.886929 69.620 -119.4225
4473.067426 69.614 -120.4066
4505.481116 69.605 -121.3735
4538.129690 69.593 -122.3198
4571.014848 69.578 -123.2421
4604.138306 69.560 -124.1378
4637.501790 69.539 -125.0049
4671.107040 69.517 -125.8420
4704.955807 69.493 -126.6500
4739.049856 69.468 -127.4283
4773.390965 69.443 -128.1771
4807.980924 69.417 -128.8973
4842.821536 69.390 -129.5894
4877.914617 69.362 -130.2531
4913.261997 69.335 -130.8881
4948.865519 69.307 -131.4939
4984.727038 69.279 -132.0692
5020.848425 69.251 -132.6127
5057.231563 69.223 -133.1237
5093.878347 69.195 -133.6010
5130.790689 69.168 -134.0436
5167.970514 69.142 -134.4496
5205.419759 69.118 -134.8176
5243.140376 69.096 -135.1467
5281.134332 69.076 -135.4363
5319.403609 69.060 -135.6860
5357.950200 69.049 -135.8964
5396.776116 69.043 -136.0706
5435.883380 69.042 -136.2122
5475.274032 69.050 -136.3279
5514.950125 69.066 -136.4258
5554.913727 69.090 -136.5166
5595.166922 69.123 -136.6127
5635.711808 69.165 -136.7261
5676.550498 69.214 -136.8683
5717.685123 69.269 -137.0502
5759.117827 69.329 -137.2797
5800.850769 69.391 -137.5620
5842.886124 69.455 -137.8990
5885.226086 69.516 -138.2891
5927.872860 69.575 -138.7277
5970.828671 69.628 -139.2075
6014.095756 69.676 -139.7200
6057.676373 69.716 -140.2548
6101.572794 69.749 -140.8007
6145.787305 69.774 -141.3464
6190.322213 69.791 -141.8811
6235.179840 69.800 -142.3950
6280.362523 69.803 -142.8792
6325.872619 69.800 -143.3259
6371.712500 69.792 -143.7291
6417.884555 69.780 -144.0850
6464.391192 69.766 -144.3904
6511.234836 69.751 -144.6444
6558.417927 69.736 -144.8474
6605.942927 69.723 -145.0017
6653.812313 69.712 -145.1107
6702.028580 69.704 -145.1796
6750.594241 69.701 -145.2144
6799.511830 69.702 -145.2212
6848.783896 69.708 -145.2070
6898.413007 69.719 -145.1793
6948.401751 69.736 -145.1450
6998.752735 69.756 -145.1105
7049.468582 69.781 -145.0809
7100.551937 69.810 -145.0599
7152.005464 69.841 -145.0513
7203.831844 69.874 -145.0569
7256.033779 69.908 -145.0770
7308.613991 69.944 -145.1112
7361.575220 69.978 -145.1581
7414.920229 70.013 -145.2157
7468.651798 70.046 -145.2821
7522.772727 70.079 -145.3555
7577.285840 70.110 -145.4337
7632.193976 70.140 -145.5140
7687.500000 70.168 -145.5950
7743.206794 70.194 -145.6744
7799.317262 70.218 -145.7500
7855.834330 70.241 -145.8190
7912.760944 70.262 -145.8785
7970.100072 70.283 -145.9265
8027.854702 70.302 -145.9614
8086.027847 70.320 -145.9817
8144.622538 70.339 -145.9871
8203.641830 70.358 -145.9789
8263.088801 70.378 -145.9584
8322.966548 70.399 -145.9280
8383.278195 70.421 -145.8904
8444.026884 70.445 -145.8486
8505.215784 70.471 -145.8054
8566.848084 70.498 -145.7635
8628.926996 70.527 -145.7264
8691.455758 70.557 -145.6971
8754.437630 70.588 -145.6780
8817.875894 70.620 -145.6716
8881.773857 70.652 -145.6802
8946.134852 70.684 -145.7047
9010.962233 70.715 -145.7462
9076.259380 70.744 -145.8048
9142.029697 70.773 -145.8796
9208.276612 70.798 -145.9692
9275.003581 70.820 -146.0713
9342.214080 70.840 -146.1830
9409.911614 70.856 -146.3016
9478.099713 70.868 -146.4238
9546.781930 70.876 -146.5465
9615.961848 70.880 -146.6664
9685.643071 70.882 -146.7806
9755.829233 70.879 -146.8868
9826.523994 70.873 -146.9829
9897.731037 70.864 -147.0665
9969.454076 70.852 -147.1367
10041.696850 70.838 -147.1925
10114.463125 70.822 -147.2334
10187.756694 70.804 -147.2596
10261.581379 70.785 -147.2722
10335.941028 70.765 -147.2716
10410.839517 70.743 -147.2592
10486.280752 70.721 -147.2365
10562.268665 70.698 -147.2045
10638.807218 70.674 -147.1653
10715.900400 70.650 -147.1202
10793.552232 70.625 -147.0704
10871.766761 70.599 -147.0168
10950.548064 70.573 -146.9604
11029.900250 70.545 -146.9020
11109.827454 70.517 -146.8416
11190.333843 70.486 -146.7781
11271.423615 70.454 -146.7112
11353.100997 70.422 -146.6405
11435.370247 70.387 -146.5648
11518.235653 70.352 -146.4835
11601.701537 70.315 -146.3960
11685.772249 70.277 -146.3015
11770.452172 70.237 -146.1998
11855.745720 70.197 -146.0902
11941.657341 70.155 -145.9719
12028.191513 70.113 -145.8455
12115.352747 70.071 -145.7108
12203.145587 70.027 -145.5675
12291.574610 69.983 -145.4160
12380.644427 69.940 -145.2571
12470.359680 69.896 -145.0911
12560.725047 69.852 -144.9193
12651.745238 69.809 -144.7432
12743.425000 69.766 -144.5640
12835.769110 69.723 -144.3835
12928.782385 69.682 -144.2032
13022.469671 69.640 -144.0247
13116.835855 69.599 -143.8496
13211.885854 69.557 -143.6792
13307.624625 69.516 -143.5148
13404.057159 69.475 -143.3569
13501.188483 69.433 -143.2062
13599.023660 69.391 -143.0609
13697.567791 69.348 -142.9208
13796.826014 69.304 -142.7852
13896.803503 69.260 -142.6532
13997.505470 69.216 -142.5238
14098.937164 69.172 -142.3970
14201.103875 69.127 -142.2731
14304.010928 69.084 -142.1528
14407.663687 69.041 -142.0369
14512.067557 68.998 -141.9263
14617.227981 68.957 -141.8232
14723.150441 68.918 -141.7301
14829.840458 68.880 -141.6487
14937.303595 68.844 -141.5815
15045.545455 68.810 -141.5320
15154.571679 68.777 -141.5024
15264.387953 68.747 -141.4954
15375.000000 68.718 -141.5132
15486.413588 68.691 -141.5580
15598.634525 68.665 -141.6320
15711.668661 68.641 -141.7366
15825.521888 68.619 -141.8737
15940.200144 68.598 -142.0449
16055.709405 68.579 -142.2520
16172.055694 68.562 -142.4971
16289.245076 68.546 -142.7823
16407.283660 68.532 -143.1112
16526.177601 68.520 -143.4863
16645.933097 68.511 -143.9111
16766.556390 68.503 -144.3904
16888.053769 68.497 -144.9286
17010.431568 68.493 -145.5302
17133.696167 68.490 -146.2004
17257.853993 68.489 -146.9465
17382.911517 68.489 -147.7716
17508.875259 68.490 -148.6788
17635.751787 68.489 -149.6903
17763.547714 68.483 -150.8082
17892.269704 68.473 -151.9874
18021.924466 68.459 -153.2390
18152.518759 68.443 -154.5841
18284.059393 68.423 -156.0254
18416.553225 68.397 -157.5663
18550.007161 68.362 -159.2089
18684.428160 68.319 -160.9537
18819.823228 68.263 -162.8004
18956.199425 68.193 -164.7480
19093.563861 68.105 -166.7953
19231.923695 67.998 -168.9384
19371.286142 67.867 -171.1740
19511.658467 67.709 -173.4988
19653.047987 67.520 -175.9093
19795.462074 67.294 -178.4034
19938.908153 67.027 179.0132
20083.393701 66.705 176.4705
20228.926250 66.323 174.0176
20375.513389 65.879 171.5211
20523.162758 65.365 168.9875
20671.882055 64.771 166.4232
20821.679034 64.088 163.8346
20972.561504 63.303 161.2277
21124.537330 62.402 158.6077
21277.614435 61.370 155.9800
21431.800801 60.188 153.3490
21587.104464 58.837 150.7192
21743.533521 57.293 148.0939
21901.096129 55.527 145.4763
22059.800499 53.509 142.8688
22219.654907 51.200 140.2736
22380.667686 48.555 137.6920
22542.847230 45.521 135.1257
22706.201994 42.034 132.5751
22870.740494 38.016 130.0408
23036.471307 33.380 127.5228
23203.403074 28.025 125.0211
23371.544498 21.852 122.5352
23540.904344 14.789 120.0645
23711.491441 6.848 117.6082
23883.314682 -1.398 115.1653
