* Measurement data measured by REW V5.40 beta 133
* Source: U18dB [plughw:3,0], Mic (Mic), R, Volume: 1.000. Timing signal peak level -26.8 dBFS, measurement signal peak level -15.1 dBFS
* Format: 512k Log Swept Sine, 1 sweep at -12.0 dBFS using an acoustic timing reference
* Dated: Sep 10, 2026, 11:28:25 AM
* REW Settings:
*  C-weighting compensation: Off
*  Target level: 75.0 dB
* Note: ; 10 sept 2026  Position MLP+20cm TO THE RIGHT 4.180m from front wall  2 screen panels prolongation - new setup DAC level -29dB MIC HEIGHT: 1.000m mic boom arm height: 1.040 -12dBFS OKTO -28dB DELAY -0.0289 ms (-9.9 mm, -0.39 in) using estimated IR delay relative to Acoustic reference played from DAC8STEREO L with no timing offset Clock adjustment: -14.7 ppm
* Measurement: L 120.green.4
* Smoothing: 1/48 octave
* Frequency Step: 96 ppo
* Start Frequency: 15.014648 Hz
*
* Freq(Hz) SPL(dB) Phase(degrees)
15.014648 68.688 -158.9276
15.123451 68.854 -159.9030
15.233042 69.051 -160.8961
15.343426 69.250 -161.9241
15.454611 69.447 -162.9921
15.566602 69.643 -164.0906
15.679404 69.836 -165.2299
15.793023 70.029 -166.4165
15.907466 70.221 -167.6425
16.022738 70.413 -168.9105
16.138845 70.603 -170.2241
16.255794 70.794 -171.5794
16.373590 70.983 -172.9754
16.492240 71.170 -174.4115
16.611750 71.356 -175.8871
16.732125 71.540 -177.4009
16.853373 71.721 -178.9493
16.975500 71.900 179.4655
17.098511 72.076 177.8447
17.222414 72.247 176.1945
17.347215 72.416 174.5104
17.472920 72.581 172.7935
17.599536 72.741 171.0530
17.727069 72.898 169.2797
17.855527 73.050 167.4787
17.984915 73.197 165.6613
18.115241 73.341 163.8147
18.246512 73.480 161.9490
18.378734 73.613 160.0753
18.511914 73.743 158.1785
18.646058 73.867 156.2752
18.781175 73.987 154.3696
18.917272 74.103 152.4505
19.054354 74.213 150.5394
19.192430 74.318 148.6277
19.331506 74.418 146.7169
19.471590 74.512 144.8228
19.612689 74.601 142.9299
19.754811 74.684 141.0505
19.897962 74.763 139.1865
20.042151 74.835 137.3293
20.187385 74.903 135.4912
20.333671 74.965 133.6617
20.481017 75.022 131.8445
20.629431 75.074 130.0400
20.778920 75.122 128.2414
20.929493 75.166 126.4530
21.081157 75.206 124.6669
21.233919 75.242 122.8857
21.387789 75.275 121.1056
21.542774 75.305 119.3245
21.698882 75.331 117.5433
21.856121 75.356 115.7562
22.014499 75.377 113.9680
22.174025 75.395 112.1717
22.334708 75.410 110.3726
22.496554 75.421 108.5659
22.659573 75.429 106.7538
22.823774 75.432 104.9393
22.989164 75.430 103.1175
23.155753 75.423 101.2976
23.323549 75.410 99.4708
23.492562 75.390 97.6503
23.662798 75.364 95.8264
23.834269 75.330 94.0133
24.006982 75.287 92.2037
24.180946 75.236 90.4100
24.356171 75.177 88.6295
24.532666 75.108 86.8715
24.710440 75.030 85.1389
24.889502 74.942 83.4386
25.069862 74.845 81.7781
25.251528 74.738 80.1628
25.434511 74.622 78.6031
25.618820 74.497 77.1046
25.804465 74.363 75.6793
25.991454 74.221 74.3343
26.179799 74.072 73.0808
26.369509 73.916 71.9278
26.560593 73.755 70.8852
26.753062 73.590 69.9622
26.946926 73.424 69.1689
27.142194 73.257 68.5104
27.338878 73.094 67.9974
27.536987 72.935 67.6268
27.736531 72.786 67.4087
27.937521 72.648 67.3282
28.139968 72.526 67.3920
28.343882 72.423 67.5740
28.549273 72.342 67.8696
28.756153 72.287 68.2468
28.964532 72.258 68.6823
29.174421 72.258 69.1512
29.385831 72.287 69.6101
29.598773 72.345 70.0425
29.813258 72.429 70.4012
30.029297 72.538 70.6729
30.246902 72.667 70.8272
30.466083 72.814 70.8477
30.686853 72.976 70.7253
30.909222 73.147 70.4462
31.133203 73.324 70.0135
31.358807 73.505 69.4223
31.586046 73.685 68.6801
31.814932 73.862 67.7910
32.045476 74.034 66.7625
32.277691 74.197 65.6051
32.511588 74.352 64.3239
32.747180 74.495 62.9339
32.984480 74.625 61.4427
33.223499 74.743 59.8571
33.464250 74.845 58.1939
33.706746 74.932 56.4583
33.950999 75.002 54.6595
34.197022 75.055 52.8141
34.444828 75.090 50.9268
34.694429 75.107 49.0067
34.945839 75.104 47.0685
35.199071 75.081 45.1219
35.454138 75.037 43.1858
35.711054 74.973 41.2793
35.969831 74.890 39.4078
36.230483 74.786 37.5801
36.493024 74.663 35.8144
36.757467 74.521 34.1240
37.023827 74.360 32.5219
37.292117 74.182 31.0234
37.562351 73.986 29.6472
37.834543 73.776 28.4086
38.108708 73.553 27.3245
38.384859 73.320 26.4106
38.663012 73.079 25.6827
38.943180 72.835 25.1544
39.225378 72.591 24.8385
39.509622 72.352 24.7424
39.795925 72.125 24.8663
40.084302 71.914 25.2078
40.374770 71.726 25.7565
40.667342 71.567 26.4930
40.962034 71.442 27.3868
41.258862 71.356 28.3993
41.557841 71.312 29.4872
41.858986 71.312 30.6024
42.162313 71.357 31.6955
42.467839 71.444 32.7184
42.775578 71.572 33.6264
43.085548 71.736 34.3820
43.397763 71.931 34.9564
43.712242 72.152 35.3280
44.028998 72.395 35.4824
44.348051 72.654 35.4109
44.669415 72.926 35.1099
44.993108 73.205 34.5795
45.319147 73.489 33.8219
45.647548 73.773 32.8418
45.978329 74.055 31.6454
46.311507 74.331 30.2400
46.647099 74.600 28.6335
46.985123 74.859 26.8339
47.325597 75.106 24.8499
47.668537 75.339 22.6904
48.013963 75.555 20.3650
48.361892 75.755 17.8837
48.712342 75.935 15.2562
49.065332 76.096 12.4922
49.420880 76.234 9.6022
49.779004 76.350 6.5967
50.139723 76.442 3.4844
50.503056 76.508 0.2755
50.869022 76.550 -3.0214
51.237640 76.565 -6.3973
51.608929 76.554 -9.8445
51.982909 76.516 -13.3563
52.359598 76.451 -16.9268
52.739018 76.359 -20.5511
53.121186 76.239 -24.2263
53.506124 76.093 -27.9494
53.893852 75.918 -31.7205
54.284389 75.717 -35.5404
54.677756 75.489 -39.4111
55.073973 75.233 -43.3373
55.473062 74.949 -47.3254
55.875043 74.637 -51.3835
56.279936 74.296 -55.5217
56.687764 73.925 -59.7518
57.098547 73.524 -64.0887
57.512306 73.090 -68.5494
57.929064 72.622 -73.1558
58.348842 72.118 -77.9332
58.771662 71.577 -82.9111
59.197546 70.998 -88.1251
59.626515 70.377 -93.6189
60.058594 69.714 -99.4448
60.493803 69.009 -105.6676
60.932166 68.265 -112.3658
61.373706 67.485 -119.6307
61.818445 66.680 -127.5658
62.266407 65.869 -136.2770
62.717615 65.076 -145.8555
63.172093 64.341 -156.3400
63.629864 63.710 -167.6591
64.090952 63.230 -179.5847
64.555381 62.935 168.2665
65.023176 62.832 156.3626
65.494361 62.897 145.1405
65.968960 63.090 134.9020
66.446998 63.361 125.7778
66.928501 63.668 117.7816
67.413492 63.983 110.8580
67.901998 64.284 104.9191
68.394044 64.563 99.8800
68.889655 64.817 95.6675
69.388858 65.049 92.2165
69.891679 65.266 89.4725
70.398142 65.477 87.3831
70.908276 65.696 85.8923
71.422107 65.934 84.9301
71.939661 66.206 84.4105
72.460965 66.521 84.2292
72.986047 66.888 84.2613
73.514934 67.308 84.3813
74.047654 67.781 84.4594
74.584234 68.299 84.3900
75.124702 68.852 84.0837
75.669086 69.429 83.4858
76.217416 70.018 82.5621
76.769719 70.608 81.3048
77.326024 71.188 79.7206
77.886360 71.752 77.8292
78.450757 72.291 75.6558
79.019243 72.802 73.2302
79.591849 73.281 70.5831
80.168605 73.724 67.7447
80.749539 74.129 64.7454
81.334684 74.495 61.6138
81.924068 74.822 58.3763
82.517724 75.108 55.0600
83.115681 75.353 51.6877
83.717972 75.557 48.2836
84.324627 75.721 44.8705
84.935678 75.844 41.4687
85.551157 75.926 38.1010
86.171096 75.969 34.7889
86.795527 75.971 31.5536
87.424483 75.935 28.4185
88.057997 75.860 25.4077
88.696102 75.748 22.5464
89.338830 75.600 19.8621
89.986216 75.417 17.3857
90.638293 75.202 15.1495
91.295096 74.959 13.1878
91.956658 74.690 11.5370
92.623013 74.403 10.2339
93.294198 74.105 9.3140
93.970246 73.804 8.8066
94.651193 73.513 8.7318
95.337075 73.244 9.0924
96.027927 73.013 9.8687
96.723785 72.834 11.0115
97.424685 72.719 12.4399
98.130664 72.679 14.0447
98.841760 72.717 15.7006
99.558008 72.832 17.2805
100.279446 73.015 18.6719
101.006112 73.256 19.7879
101.738044 73.542 20.5721
102.475280 73.858 20.9985
103.217858 74.191 21.0655
103.965817 74.532 20.7886
104.719197 74.872 20.1946
105.478035 75.203 19.3154
106.242372 75.520 18.1855
107.012248 75.820 16.8394
107.787703 76.100 15.3096
108.568777 76.359 13.6263
109.355511 76.596 11.8183
110.147947 76.810 9.9110
110.946124 77.002 7.9276
111.750085 77.172 5.8893
112.559873 77.320 3.8150
113.375528 77.447 1.7214
114.197094 77.555 -0.3766
115.024613 77.645 -2.4659
115.858129 77.719 -4.5352
116.697684 77.777 -6.5753
117.543324 77.821 -8.5790
118.395091 77.853 -10.5412
119.253031 77.875 -12.4579
120.117188 77.888 -14.3268
120.987606 77.893 -16.1475
121.864332 77.891 -17.9209
122.747411 77.884 -19.6486
123.636890 77.873 -21.3332
124.532814 77.859 -22.9776
125.435230 77.841 -24.5848
126.344185 77.821 -26.1584
127.259727 77.800 -27.7014
128.181904 77.777 -29.2167
129.110763 77.754 -30.7072
130.046352 77.730 -32.1757
130.988722 77.705 -33.6251
131.937920 77.682 -35.0583
132.893997 77.658 -36.4780
133.857001 77.636 -37.8875
134.826984 77.615 -39.2905
135.803996 77.595 -40.6913
136.788088 77.577 -42.0946
137.779311 77.560 -43.5051
138.777717 77.546 -44.9280
139.783357 77.533 -46.3685
140.796285 77.521 -47.8318
141.816553 77.511 -49.3231
142.844214 77.501 -50.8466
143.879322 77.491 -52.4069
144.921931 77.480 -54.0084
145.972095 77.469 -55.6544
147.029869 77.454 -57.3477
148.095308 77.434 -59.0901
149.168468 77.411 -60.8822
150.249404 77.382 -62.7241
151.338173 77.345 -64.6147
152.434832 77.300 -66.5513
153.539437 77.245 -68.5300
154.652047 77.180 -70.5467
155.772720 77.102 -72.5956
156.901513 77.012 -74.6704
158.038486 76.908 -76.7632
159.183698 76.790 -78.8657
160.337209 76.656 -80.9697
161.499079 76.506 -83.0662
162.669367 76.341 -85.1461
163.848137 76.159 -87.2001
165.035448 75.961 -89.2184
166.231363 75.745 -91.1920
167.435944 75.513 -93.1106
168.649254 75.264 -94.9637
169.871356 74.998 -96.7401
171.102314 74.714 -98.4280
172.342191 74.414 -100.0130
173.591054 74.096 -101.4786
174.848966 73.761 -102.8064
176.115994 73.409 -103.9735
177.392203 73.042 -104.9525
178.677660 72.662 -105.7122
179.972432 72.271 -106.2178
181.276587 71.874 -106.4322
182.590191 71.479 -106.3184
183.913315 71.093 -105.8435
185.246027 70.730 -104.9864
186.588396 70.402 -103.7465
187.940492 70.127 -102.1528
189.302387 69.919 -100.2717
190.674150 69.791 -98.2086
192.055853 69.750 -96.0989
193.447569 69.798 -94.0920
194.849370 69.926 -92.3292
196.261329 70.122 -90.9250
197.683519 70.370 -89.9553
199.116016 70.652 -89.4565
200.558892 70.952 -89.4310
202.012225 71.255 -89.8580
203.476089 71.552 -90.7020
204.950560 71.832 -91.9190
206.435716 72.089 -93.4634
207.931635 72.320 -95.2909
209.438393 72.521 -97.3600
210.956070 72.691 -99.6330
212.484745 72.829 -102.0762
214.024497 72.934 -104.6605
215.575406 73.006 -107.3601
217.137555 73.046 -110.1527
218.711023 73.054 -113.0188
220.295893 73.030 -115.9418
221.892248 72.976 -118.9069
223.500171 72.891 -121.9024
225.119745 72.777 -124.9172
226.751056 72.633 -127.9412
228.394187 72.459 -130.9653
230.049226 72.256 -133.9811
231.716257 72.023 -136.9795
233.395369 71.760 -139.9514
235.086648 71.466 -142.8875
236.790182 71.139 -145.7765
238.506062 70.779 -148.6049
240.234375 70.382 -151.3567
241.975212 69.949 -154.0132
243.728664 69.476 -156.5508
245.494823 68.962 -158.9408
247.273780 68.403 -161.1475
249.065627 67.797 -163.1261
250.870459 67.143 -164.8203
252.688370 66.438 -166.1589
254.519454 65.681 -167.0515
256.363807 64.875 -167.3833
258.221525 64.026 -167.0107
260.092705 63.148 -165.7626
261.977444 62.265 -163.4482
263.875840 61.420 -159.8950
265.787993 60.675 -155.0225
267.714003 60.109 -148.9575
269.653969 59.792 -142.1257
271.607992 59.758 -135.2032
273.576176 59.984 -128.8896
275.558622 60.406 -123.6605
277.555433 60.946 -119.6890
279.566714 61.537 -116.9221
281.592570 62.135 -115.1973
283.633106 62.710 -114.3253
285.688428 63.248 -114.1319
287.758644 63.742 -114.4717
289.843862 64.189 -115.2270
291.944190 64.589 -116.3047
294.059738 64.944 -117.6321
296.190616 65.255 -119.1497
298.336935 65.524 -120.8087
300.498808 65.753 -122.5682
302.676346 65.944 -124.3928
304.869664 66.100 -126.2500
307.078875 66.222 -128.1102
309.304095 66.313 -129.9443
311.545440 66.374 -131.7251
313.803027 66.409 -133.4255
316.076973 66.422 -135.0197
318.367397 66.416 -136.4830
320.674418 66.396 -137.7932
322.998157 66.367 -138.9324
325.338735 66.336 -139.8888
327.696273 66.310 -140.6597
330.070896 66.296 -141.2529
332.462726 66.302 -141.6899
334.871888 66.335 -142.0056
337.298507 66.399 -142.2468
339.742711 66.496 -142.4683
342.204627 66.628 -142.7283
344.684383 66.792 -143.0823
347.182108 66.983 -143.5776
349.697933 67.196 -144.2495
352.231988 67.425 -145.1200
354.784406 67.662 -146.1963
357.355320 67.900 -147.4750
359.944864 68.135 -148.9435
362.553173 68.361 -150.5813
365.180383 68.575 -152.3643
367.826630 68.774 -154.2651
370.492054 68.958 -156.2571
373.176792 69.125 -158.3138
375.880985 69.276 -160.4113
378.604773 69.411 -162.5282
381.348300 69.534 -164.6470
384.111707 69.645 -166.7546
386.895138 69.745 -168.8425
389.698740 69.839 -170.9060
392.522658 69.926 -172.9443
395.367039 70.009 -174.9600
398.232031 70.089 -176.9573
401.117785 70.166 -178.9399
404.024450 70.241 179.0864
406.952177 70.314 177.1177
409.901120 70.385 175.1492
412.871433 70.453 173.1790
415.863270 70.517 171.2078
418.876786 70.577 169.2390
421.912140 70.633 167.2777
424.969489 70.684 165.3308
428.048993 70.730 163.4064
431.150813 70.772 161.5134
434.275109 70.810 159.6597
437.422046 70.848 157.8503
440.591786 70.885 156.0898
443.784496 70.924 154.3792
447.000341 70.966 152.7158
450.239490 71.014 151.0933
453.502111 71.068 149.5035
456.788374 71.130 147.9360
460.098451 71.201 146.3787
463.432514 71.281 144.8184
466.790737 71.369 143.2419
470.173295 71.466 141.6375
473.580365 71.571 139.9934
477.012124 71.682 138.3004
480.468750 71.798 136.5499
483.950425 71.918 134.7346
487.457329 72.041 132.8485
490.989646 72.164 130.8875
494.547559 72.287 128.8488
498.131254 72.407 126.7312
501.740919 72.522 124.5349
505.376740 72.632 122.2623
509.038909 72.734 119.9165
512.727614 72.828 117.5024
516.443050 72.911 115.0259
520.185409 72.982 112.4938
523.954887 73.041 109.9132
527.751680 73.087 107.2915
531.575987 73.119 104.6366
535.428005 73.136 101.9558
539.307937 73.138 99.2560
543.215985 73.125 96.5446
547.152352 73.096 93.8286
551.117243 73.050 91.1154
555.110866 72.988 88.4114
559.133428 72.908 85.7242
563.185140 72.811 83.0615
567.266211 72.696 80.4307
571.376856 72.563 77.8411
575.517288 72.411 75.3022
579.687724 72.240 72.8248
583.888380 72.051 70.4203
588.119476 71.841 68.1008
592.381232 71.613 65.8806
596.673871 71.366 63.7756
600.997615 71.100 61.8031
605.352692 70.817 59.9810
609.739327 70.518 58.3286
614.157750 70.206 56.8662
618.608190 69.881 55.6138
623.090880 69.549 54.5896
627.606053 69.213 53.8092
632.153945 68.878 53.2842
636.734793 68.550 53.0195
641.348836 68.235 53.0133
645.996314 67.938 53.2551
650.677470 67.665 53.7261
655.392547 67.422 54.3979
660.141792 67.212 55.2361
664.925451 67.038 56.2012
669.743775 66.903 57.2527
674.597014 66.806 58.3500
679.485423 66.746 59.4564
684.409254 66.722 60.5392
689.368766 66.733 61.5688
694.364216 66.774 62.5193
699.395865 66.844 63.3674
704.463976 66.939 64.0935
709.568812 67.055 64.6807
714.710640 67.190 65.1155
719.889728 67.339 65.3879
725.106346 67.497 65.4938
730.360766 67.662 65.4315
735.653261 67.828 65.2042
740.984108 67.994 64.8182
746.353584 68.154 64.2837
751.761970 68.307 63.6128
757.209547 68.451 62.8201
762.696599 68.582 61.9207
768.223413 68.700 60.9309
773.790277 68.803 59.8685
779.397480 68.890 58.7509
785.045315 68.961 57.5962
790.734077 69.017 56.4225
796.464062 69.056 55.2473
802.235569 69.081 54.0881
808.048899 69.091 52.9608
813.904354 69.089 51.8794
819.802241 69.077 50.8556
825.742866 69.056 49.8977
831.726539 69.030 49.0105
837.753572 69.001 48.1953
843.824280 68.970 47.4492
849.938979 68.940 46.7668
856.097987 68.912 46.1403
862.301626 68.887 45.5596
868.550219 68.866 45.0155
874.844092 68.850 44.4994
881.183573 68.838 44.0033
887.568992 68.830 43.5206
894.000683 68.825 43.0480
900.478980 68.824 42.5817
907.004222 68.826 42.1187
913.576749 68.831 41.6559
920.196903 68.839 41.1893
926.865029 68.850 40.7139
933.581475 68.864 40.2241
940.346591 68.880 39.7145
947.160730 68.896 39.1798
954.024247 68.911 38.6176
960.937500 68.924 38.0278
967.900849 68.933 37.4152
974.914658 68.935 36.7865
981.979291 68.931 36.1539
989.095118 68.920 35.5330
996.262509 68.900 34.9413
1003.481838 68.873 34.3966
1010.753481 68.840 33.9154
1018.077817 68.805 33.5120
1025.455229 68.770 33.1952
1032.886100 68.738 32.9689
1040.370819 68.713 32.8284
1047.909774 68.698 32.7633
1055.503361 68.696 32.7570
1063.151973 68.709 32.7880
1070.856010 68.739 32.8318
1078.615875 68.785 32.8634
1086.431970 68.845 32.8601
1094.304704 68.920 32.8033
1102.234487 69.006 32.6776
1110.221732 69.101 32.4722
1118.266856 69.204 32.1823
1126.370279 69.310 31.8058
1134.532422 69.419 31.3424
1142.753712 69.530 30.7938
1151.034577 69.640 30.1627
1159.375448 69.748 29.4521
1167.776760 69.853 28.6649
1176.238952 69.954 27.8030
1184.762464 70.050 26.8689
1193.347741 70.141 25.8657
1201.995231 70.224 24.7968
1210.705384 70.300 23.6655
1219.478654 70.366 22.4772
1228.315499 70.422 21.2374
1237.216380 70.467 19.9517
1246.181760 70.500 18.6271
1255.212106 70.521 17.2712
1264.307891 70.529 15.8922
1273.469587 70.523 14.4979
1282.697672 70.503 13.0969
1291.992628 70.468 11.6978
1301.354940 70.419 10.3096
1310.785094 70.355 8.9413
1320.283583 70.275 7.6023
1329.850902 70.181 6.3044
1339.487550 70.071 5.0592
1349.194029 69.946 3.8784
1358.970845 69.805 2.7756
1368.818508 69.651 1.7660
1378.737531 69.483 0.8660
1388.728432 69.303 0.0933
1398.791730 69.112 -0.5347
1408.927952 68.913 -0.9995
1419.137625 68.710 -1.2841
1429.421281 68.505 -1.3724
1439.779457 68.304 -1.2522
1450.212692 68.112 -0.9172
1460.721531 67.935 -0.3687
1471.306521 67.780 0.3834
1481.968215 67.654 1.3171
1492.707168 67.562 2.3992
1503.523939 67.508 3.5848
1514.419093 67.498 4.8208
1525.393198 67.530 6.0500
1536.446826 67.605 7.2151
1547.580553 67.718 8.2635
1558.794960 67.866 9.1508
1570.090631 68.042 9.8431
1581.468155 68.240 10.3180
1592.928125 68.453 10.5629
1604.471139 68.675 10.5748
1616.097798 68.900 10.3573
1627.808709 69.124 9.9193
1639.604482 69.342 9.2743
1651.485732 69.549 8.4373
1663.453078 69.744 7.4257
1675.507145 69.923 6.2581
1687.648560 70.084 4.9540
1699.877958 70.225 3.5328
1712.195974 70.346 2.0145
1724.603252 70.445 0.4185
1737.100438 70.521 -1.2352
1749.688184 70.575 -2.9277
1762.367146 70.606 -4.6403
1775.137984 70.614 -6.3552
1788.001366 70.600 -8.0552
1800.957961 70.566 -9.7231
1814.008445 70.511 -11.3431
1827.153498 70.437 -12.9001
1840.393805 70.346 -14.3796
1853.730057 70.239 -15.7683
1867.162949 70.118 -17.0540
1880.693182 69.985 -18.2257
1894.321460 69.843 -19.2742
1908.048494 69.695 -20.1921
1921.875000 69.543 -20.9750
1935.801698 69.392 -21.6217
1949.829316 69.243 -22.1343
1963.958583 69.099 -22.5181
1978.190236 68.964 -22.7836
1992.525018 68.841 -22.9442
2006.963676 68.732 -23.0171
2021.506962 68.639 -23.0211
2036.155634 68.563 -22.9772
2050.910458 68.503 -22.9075
2065.772200 68.460 -22.8334
2080.741637 68.433 -22.7742
2095.819549 68.421 -22.7473
2111.006721 68.422 -22.7675
2126.303946 68.433 -22.8459
2141.712021 68.453 -22.9904
2157.231749 68.479 -23.2054
2172.863940 68.508 -23.4922
2188.609407 68.539 -23.8488
2204.468973 68.570 -24.2714
2220.443464 68.599 -24.7534
2236.533713 68.624 -25.2871
2252.740558 68.645 -25.8629
2269.064845 68.660 -26.4712
2285.507424 68.670 -27.1013
2302.069153 68.674 -27.7433
2318.750895 68.672 -28.3873
2335.553520 68.666 -29.0245
2352.477904 68.656 -29.6479
2369.524928 68.642 -30.2517
2386.695483 68.626 -30.8318
2403.990462 68.610 -31.3860
2421.410768 68.593 -31.9138
2438.957308 68.578 -32.4170
2456.630998 68.565 -32.8994
2474.432759 68.555 -33.3650
2492.363519 68.549 -33.8196
2510.424213 68.547 -34.2690
2528.615781 68.549 -34.7196
2546.939174 68.554 -35.1768
2565.395345 68.563 -35.6454
2583.985257 68.574 -36.1284
2602.709879 68.588 -36.6279
2621.570188 68.603 -37.1444
2640.567166 68.619 -37.6763
2659.701804 68.635 -38.2214
2678.975100 68.651 -38.7760
2698.388058 68.668 -39.3357
2717.941690 68.685 -39.8965
2737.637016 68.703 -40.4550
2757.475062 68.723 -41.0093
2777.456863 68.745 -41.5587
2797.583461 68.770 -42.1051
2817.855904 68.800 -42.6522
2838.275249 68.834 -43.2072
2858.842562 68.875 -43.7783
2879.558913 68.921 -44.3751
2900.425384 68.973 -45.0083
2921.443062 69.029 -45.6885
2942.613043 69.089 -46.4258
2963.936430 69.151 -47.2274
2985.414335 69.213 -48.0980
3007.047878 69.273 -49.0397
3028.838187 69.329 -50.0509
3050.786397 69.378 -51.1272
3072.893653 69.419 -52.2599
3095.161107 69.450 -53.4379
3117.589920 69.471 -54.6482
3140.181262 69.478 -55.8760
3162.936310 69.474 -57.1046
3185.856250 69.457 -58.3176
3208.942278 69.427 -59.4983
3232.195596 69.388 -60.6321
3255.617418 69.340 -61.7058
3279.208964 69.284 -62.7087
3302.971464 69.225 -63.6338
3326.906156 69.163 -64.4781
3351.014290 69.101 -65.2428
3375.297121 69.043 -65.9318
3399.755915 68.989 -66.5538
3424.391948 68.941 -67.1200
3449.206504 68.900 -67.6418
3474.200876 68.867 -68.1326
3499.376367 68.842 -68.6046
3524.734291 68.824 -69.0684
3550.275969 68.813 -69.5317
3576.002732 68.807 -70.0005
3601.915922 68.806 -70.4771
3628.016889 68.807 -70.9614
3654.306995 68.812 -71.4514
3680.787610 68.818 -71.9432
3707.460115 68.826 -72.4323
3734.325899 68.836 -72.9141
3761.386364 68.848 -73.3850
3788.642920 68.864 -73.8433
3816.096988 68.884 -74.2883
3843.750000 68.908 -74.7231
3871.603397 68.938 -75.1532
3899.658631 68.975 -75.5862
3927.917165 69.018 -76.0317
3956.380472 69.068 -76.4995
3985.050036 69.124 -77.0002
4013.927351 69.185 -77.5441
4043.013923 69.249 -78.1389
4072.311269 69.315 -78.7894
4101.820915 69.380 -79.4978
4131.544400 69.443 -80.2632
4161.483274 69.502 -81.0818
4191.639097 69.556 -81.9470
4222.013442 69.602 -82.8499
4252.607892 69.639 -83.7792
4283.424042 69.668 -84.7230
4314.463498 69.687 -85.6698
4345.727879 69.698 -86.6077
4377.218815 69.699 -87.5256
4408.937947 69.693 -88.4142
4440.886929 69.679 -89.2650
4473.067426 69.659 -90.0720
4505.481116 69.634 -90.8317
4538.129690 69.607 -91.5424
4571.014848 69.576 -92.2042
4604.138306 69.545 -92.8186
4637.501790 69.512 -93.3881
4671.107040 69.480 -93.9156
4704.955807 69.448 -94.4052
4739.049856 69.417 -94.8594
4773.390965 69.386 -95.2803
4807.980924 69.356 -95.6702
4842.821536 69.327 -96.0306
4877.914617 69.299 -96.3624
4913.261997 69.272 -96.6659
4948.865519 69.245 -96.9414
4984.727038 69.219 -97.1887
5020.848425 69.194 -97.4076
5057.231563 69.170 -97.5985
5093.878347 69.147 -97.7612
5130.790689 69.125 -97.8955
5167.970514 69.104 -98.0002
5205.419759 69.084 -98.0740
5243.140376 69.065 -98.1150
5281.134332 69.048 -98.1217
5319.403609 69.034 -98.0918
5357.950200 69.022 -98.0237
5396.776116 69.013 -97.9174
5435.883380 69.009 -97.7736
5475.274032 69.011 -97.5955
5514.950125 69.020 -97.3885
5554.913727 69.035 -97.1605
5595.166922 69.059 -96.9210
5635.711808 69.090 -96.6804
5676.550498 69.129 -96.4496
5717.685123 69.176 -96.2390
5759.117827 69.227 -96.0581
5800.850769 69.284 -95.9136
5842.886124 69.344 -95.8107
5885.226086 69.404 -95.7520
5927.872860 69.465 -95.7371
5970.828671 69.523 -95.7640
6014.095756 69.579 -95.8296
6057.676373 69.629 -95.9276
6101.572794 69.674 -96.0516
6145.787305 69.712 -96.1927
6190.322213 69.742 -96.3422
6235.179840 69.764 -96.4900
6280.362523 69.778 -96.6255
6325.872619 69.785 -96.7384
6371.712500 69.784 -96.8181
6417.884555 69.776 -96.8556
6464.391192 69.762 -96.8420
6511.234836 69.744 -96.7706
6558.417927 69.724 -96.6362
6605.942927 69.702 -96.4365
6653.812313 69.681 -96.1713
6702.028580 69.662 -95.8430
6750.594241 69.647 -95.4573
6799.511830 69.638 -95.0201
6848.783896 69.634 -94.5405
6898.413007 69.637 -94.0286
6948.401751 69.647 -93.4952
6998.752735 69.665 -92.9512
7049.468582 69.690 -92.4061
7100.551937 69.721 -91.8684
7152.005464 69.757 -91.3459
7203.831844 69.797 -90.8441
7256.033779 69.839 -90.3661
7308.613991 69.884 -89.9122
7361.575220 69.929 -89.4819
7414.920229 69.972 -89.0724
7468.651798 70.015 -88.6801
7522.772727 70.056 -88.3011
7577.285840 70.095 -87.9308
7632.193976 70.130 -87.5643
7687.500000 70.164 -87.1980
7743.206794 70.194 -86.8282
7799.317262 70.221 -86.4521
7855.834330 70.247 -86.0665
7912.760944 70.270 -85.6683
7970.100072 70.291 -85.2557
8027.854702 70.311 -84.8273
8086.027847 70.329 -84.3807
8144.622538 70.346 -83.9150
8203.641830 70.362 -83.4302
8263.088801 70.379 -82.9259
8322.966548 70.395 -82.4027
8383.278195 70.413 -81.8623
8444.026884 70.431 -81.3060
8505.215784 70.451 -80.7361
8566.848084 70.473 -80.1555
8628.926996 70.497 -79.5677
8691.455758 70.523 -78.9769
8754.437630 70.550 -78.3872
8817.875894 70.579 -77.8027
8881.773857 70.609 -77.2269
8946.134852 70.640 -76.6628
9010.962233 70.671 -76.1127
9076.259380 70.702 -75.5778
9142.029697 70.731 -75.0583
9208.276612 70.758 -74.5532
9275.003581 70.782 -74.0607
9342.214080 70.804 -73.5778
9409.911614 70.822 -73.1016
9478.099713 70.835 -72.6285
9546.781930 70.845 -72.1552
9615.961848 70.850 -71.6776
9685.643071 70.852 -71.1926
9755.829233 70.849 -70.6969
9826.523994 70.842 -70.1877
9897.731037 70.832 -69.6625
9969.454076 70.819 -69.1193
10041.696850 70.802 -68.5560
10114.463125 70.783 -67.9719
10187.756694 70.762 -67.3662
10261.581379 70.739 -66.7390
10335.941028 70.715 -66.0907
10410.839517 70.689 -65.4218
10486.280752 70.662 -64.7333
10562.268665 70.635 -64.0269
10638.807218 70.606 -63.3042
10715.900400 70.578 -62.5669
10793.552232 70.549 -61.8163
10871.766761 70.520 -61.0538
10950.548064 70.490 -60.2809
11029.900250 70.460 -59.4985
11109.827454 70.429 -58.7074
11190.333843 70.396 -57.9070
11271.423615 70.363 -57.0973
11353.100997 70.329 -56.2782
11435.370247 70.294 -55.4493
11518.235653 70.257 -54.6101
11601.701537 70.220 -53.7603
11685.772249 70.181 -52.8988
11770.452172 70.141 -52.0254
11855.745720 70.099 -51.1389
11941.657341 70.057 -50.2386
12028.191513 70.014 -49.3241
12115.352747 69.971 -48.3954
12203.145587 69.926 -47.4514
12291.574610 69.881 -46.4924
12380.644427 69.835 -45.5189
12470.359680 69.790 -44.5314
12560.725047 69.745 -43.5306
12651.745238 69.700 -42.5181
12743.425000 69.656 -41.4952
12835.769110 69.612 -40.4636
12928.782385 69.570 -39.4252
13022.469671 69.528 -38.3813
13116.835855 69.486 -37.3346
13211.885854 69.445 -36.2865
13307.624625 69.405 -35.2388
13404.057159 69.365 -34.1925
13501.188483 69.324 -33.1487
13599.023660 69.284 -32.1063
13697.567791 69.243 -31.0648
13796.826014 69.202 -30.0239
13896.803503 69.160 -28.9824
13997.505470 69.118 -27.9388
14098.937164 69.076 -26.8929
14201.103875 69.034 -25.8448
14304.010928 68.992 -24.7946
14407.663687 68.951 -23.7432
14512.067557 68.911 -22.6913
14617.227981 68.872 -21.6412
14723.150441 68.835 -20.5957
14829.840458 68.799 -19.5571
14937.303595 68.765 -18.5283
15045.545455 68.733 -17.5133
15154.571679 68.702 -16.5154
15264.387953 68.673 -15.5370
15375.000000 68.646 -14.5813
15486.413588 68.620 -13.6509
15598.634525 68.595 -12.7476
15711.668661 68.570 -11.8728
15825.521888 68.547 -11.0277
15940.200144 68.523 -10.2135
16055.709405 68.500 -9.4305
16172.055694 68.478 -8.6797
16289.245076 68.456 -7.9620
16407.283660 68.434 -7.2791
16526.177601 68.413 -6.6322
16645.933097 68.392 -6.0233
16766.556390 68.373 -5.4557
16888.053769 68.353 -4.9329
17010.431568 68.336 -4.4579
17133.696167 68.319 -4.0356
17257.853993 68.302 -3.6721
17382.911517 68.287 -3.3705
17508.875259 68.271 -3.1335
17635.751787 68.255 -2.9835
17763.547714 68.234 -2.9227
17892.269704 68.209 -2.9067
18021.924466 68.181 -2.9473
18152.518759 68.151 -3.0664
18284.059393 68.118 -3.2678
18416.553225 68.080 -3.5560
18550.007161 68.034 -3.9343
18684.428160 67.980 -4.4045
18819.823228 67.915 -4.9674
18956.199425 67.837 -5.6232
19093.563861 67.741 -6.3715
19231.923695 67.627 -7.2097
19371.286142 67.490 -8.1353
19511.658467 67.327 -9.1455
19653.047987 67.133 -10.2375
19795.462074 66.903 -11.4097
19938.908153 66.631 -12.6680
20083.393701 66.305 -13.8822
20228.926250 65.920 -15.0037
20375.513389 65.472 -16.1660
20523.162758 64.955 -17.3624
20671.882055 64.359 -18.5863
20821.679034 63.673 -19.8314
20972.561504 62.886 -21.0916
21124.537330 61.982 -22.3611
21277.614435 60.948 -23.6346
21431.800801 59.765 -24.9073
21587.104464 58.412 -26.1749
21743.533521 56.866 -27.4335
21901.096129 55.099 -28.6796
22059.800499 53.079 -29.9109
22219.654907 50.769 -31.1245
22380.667686 48.123 -32.3187
22542.847230 45.088 -33.4922
22706.201994 41.599 -34.6437
22870.740494 37.581 -35.7726
23036.471307 32.944 -36.8785
23203.403074 27.588 -37.9613
23371.544498 21.414 -39.0211
23540.904344 14.351 -40.0581
23711.491441 6.409 -41.0732
23883.314682 -1.837 -42.0667
