* Measurement data measured by REW V5.40 beta 133
* Source: U18dB [plughw:3,0], Mic (Mic), R, Volume: 1.000. Timing signal peak level -25.7 dBFS, measurement signal peak level -14.5 dBFS
* Format: 512k Log Swept Sine, 1 sweep at -12.0 dBFS using an acoustic timing reference
* Dated: Sep 10, 2026, 11:14:51 AM
* REW Settings:
*  C-weighting compensation: Off
*  Target level: 75.0 dB
* Note: ; 10 sept 2026  Position MLP+20cm AHEAD 3.98m from front wall 3.13/3.14m from RLand L speaker  2 screen panels prolongation - new setup DAC level -29dB MIC HEIGHT: 1.000m mic boom arm height: 1.040 -12dBFS OKTO -28dB DELAY -0.0287 ms (-9.9 mm, -0.39 in) using estimated IR delay relative to Acoustic reference played from DAC8STEREO L with no timing offset Clock adjustment: -14.8 ppm
* Measurement: L 120.green.1
* Smoothing: 1/48 octave
* Frequency Step: 96 ppo
* Start Frequency: 15.014648 Hz
*
* Freq(Hz) SPL(dB) Phase(degrees)
15.014648 68.343 -158.5348
15.123451 68.513 -159.7511
15.233042 68.717 -160.9667
15.343426 68.921 -162.1952
15.454611 69.122 -163.4422
15.566602 69.320 -164.7021
15.679404 69.514 -165.9848
15.793023 69.702 -167.2981
15.907466 69.886 -168.6389
16.022738 70.065 -170.0107
16.138845 70.239 -171.4167
16.255794 70.409 -172.8595
16.373590 70.575 -174.3379
16.492240 70.735 -175.8477
16.611750 70.892 -177.3941
16.732125 71.045 -178.9755
16.853373 71.194 179.4194
16.975500 71.340 177.7850
17.098511 71.482 176.1219
17.222414 71.621 174.4469
17.347215 71.758 172.7535
17.472920 71.892 171.0427
17.599536 72.022 169.3329
17.727069 72.150 167.6140
17.855527 72.274 165.8909
17.984915 72.395 164.1804
18.115241 72.514 162.4697
18.246512 72.628 160.7675
18.378734 72.739 159.0861
18.511914 72.846 157.4120
18.646058 72.949 155.7571
18.781175 73.048 154.1257
18.917272 73.143 152.5081
19.054354 73.234 150.9184
19.192430 73.321 149.3513
19.331506 73.404 147.8061
19.471590 73.483 146.2914
19.612689 73.559 144.7988
19.754811 73.631 143.3329
19.897962 73.701 141.8946
20.042151 73.769 140.4794
20.187385 73.834 139.0898
20.333671 73.898 137.7230
20.481017 73.961 136.3763
20.629431 74.022 135.0474
20.778920 74.084 133.7346
20.929493 74.145 132.4313
21.081157 74.206 131.1369
21.233919 74.267 129.8459
21.387789 74.328 128.5529
21.542774 74.389 127.2575
21.698882 74.450 125.9507
21.856121 74.511 124.6327
22.014499 74.571 123.2985
22.174025 74.630 121.9441
22.334708 74.688 120.5704
22.496554 74.743 119.1703
22.659573 74.796 117.7473
22.823774 74.846 116.2997
22.989164 74.893 114.8259
23.155753 74.935 113.3314
23.323549 74.972 111.8100
23.492562 75.004 110.2734
23.662798 75.030 108.7133
23.834269 75.050 107.1440
24.006982 75.063 105.5589
24.180946 75.069 103.9709
24.356171 75.066 102.3773
24.532666 75.056 100.7885
24.710440 75.037 99.2063
24.889502 75.010 97.6382
25.069862 74.974 96.0909
25.251528 74.929 94.5695
25.434511 74.876 93.0832
25.618820 74.815 91.6370
25.804465 74.747 90.2416
25.991454 74.671 88.9029
26.179799 74.590 87.6308
26.369509 74.503 86.4327
26.560593 74.413 85.3165
26.753062 74.321 84.2898
26.946926 74.230 83.3597
27.142194 74.140 82.5296
27.338878 74.054 81.8061
27.536987 73.976 81.1843
27.736531 73.906 80.6696
27.937521 73.848 80.2464
28.139968 73.804 79.9171
28.343882 73.776 79.6568
28.549273 73.765 79.4601
28.756153 73.774 79.2987
28.964532 73.801 79.1543
29.174421 73.849 79.0082
29.385831 73.916 78.8277
29.598773 74.000 78.6037
29.813258 74.100 78.3024
30.029297 74.213 77.9186
30.246902 74.337 77.4315
30.466083 74.470 76.8338
30.686853 74.608 76.1199
30.909222 74.748 75.2837
31.133203 74.889 74.3288
31.358807 75.029 73.2528
31.586046 75.163 72.0649
31.814932 75.292 70.7669
32.045476 75.412 69.3679
32.277691 75.524 67.8764
32.511588 75.626 66.2957
32.747180 75.715 64.6411
32.984480 75.793 62.9175
33.223499 75.857 61.1312
33.464250 75.908 59.2977
33.706746 75.943 57.4207
33.950999 75.964 55.5090
34.197022 75.969 53.5777
34.444828 75.958 51.6307
34.694429 75.930 49.6770
34.945839 75.885 47.7295
35.199071 75.822 45.7979
35.454138 75.740 43.9011
35.711054 75.641 42.0565
35.969831 75.525 40.2693
36.230483 75.393 38.5488
36.493024 75.244 36.9112
36.757467 75.079 35.3690
37.023827 74.899 33.9348
37.292117 74.705 32.6229
37.562351 74.498 31.4485
37.834543 74.279 30.4256
38.108708 74.052 29.5685
38.384859 73.818 28.8895
38.663012 73.580 28.3994
38.943180 73.343 28.1082
39.225378 73.109 28.0236
39.509622 72.883 28.1481
39.795925 72.671 28.4767
40.084302 72.477 29.0031
40.374770 72.306 29.7138
40.667342 72.164 30.5874
40.962034 72.056 31.5933
41.258862 71.985 32.6954
41.557841 71.954 33.8535
41.858986 71.964 35.0239
42.162313 72.016 36.1614
42.467839 72.110 37.2216
42.775578 72.244 38.1625
43.085548 72.413 38.9471
43.397763 72.614 39.5453
43.712242 72.843 39.9334
44.028998 73.096 40.0938
44.348051 73.367 40.0145
44.669415 73.652 39.6888
44.993108 73.947 39.1142
45.319147 74.248 38.2913
45.647548 74.550 37.2243
45.978329 74.849 35.9199
46.311507 75.142 34.3870
46.647099 75.426 32.6354
46.985123 75.699 30.6758
47.325597 75.956 28.5195
47.668537 76.196 26.1785
48.013963 76.417 23.6646
48.361892 76.615 20.9904
48.712342 76.791 18.1676
49.065332 76.942 15.2074
49.420880 77.066 12.1213
49.779004 77.163 8.9206
50.139723 77.232 5.6146
50.503056 77.272 2.2134
50.869022 77.282 -1.2739
51.237640 77.263 -4.8385
51.608929 77.215 -8.4722
51.982909 77.138 -12.1681
52.359598 77.031 -15.9197
52.739018 76.895 -19.7215
53.121186 76.731 -23.5696
53.506124 76.538 -27.4605
53.893852 76.316 -31.3931
54.284389 76.066 -35.3676
54.677756 75.789 -39.3851
55.073973 75.483 -43.4503
55.473062 75.148 -47.5696
55.875043 74.783 -51.7521
56.279936 74.389 -56.0093
56.687764 73.964 -60.3556
57.098547 73.506 -64.8096
57.512306 73.014 -69.3935
57.929064 72.488 -74.1356
58.348842 71.925 -79.0704
58.771662 71.323 -84.2383
59.197546 70.684 -89.6891
59.626515 70.006 -95.4838
60.058594 69.290 -101.6956
60.493803 68.542 -108.4121
60.932166 67.769 -115.7345
61.373706 66.987 -123.7705
61.818445 66.219 -132.6202
62.266407 65.500 -142.3455
62.717615 64.872 -152.9250
63.172093 64.385 -164.2036
63.629864 64.079 -175.8619
64.090952 63.973 172.5392
64.555381 64.056 161.4464
65.023176 64.292 151.2009
65.494361 64.635 141.9905
65.968960 65.043 133.8606
66.446998 65.480 126.7587
66.928501 65.924 120.5920
67.413492 66.361 115.2556
67.901998 66.783 110.6459
68.394044 67.191 106.6709
68.889655 67.585 103.2487
69.388858 67.967 100.3055
69.891679 68.344 97.7730
70.398142 68.720 95.5864
70.908276 69.099 93.6842
71.422107 69.485 92.0042
71.939661 69.881 90.4858
72.460965 70.290 89.0717
72.986047 70.711 87.7039
73.514934 71.144 86.3334
74.047654 71.587 84.9127
74.584234 72.038 83.4059
75.124702 72.493 81.7811
75.669086 72.948 80.0174
76.217416 73.399 78.0995
76.769719 73.841 76.0201
77.326024 74.271 73.7780
77.886360 74.685 71.3771
78.450757 75.079 68.8256
79.019243 75.452 66.1343
79.591849 75.799 63.3171
80.168605 76.119 60.3888
80.749539 76.410 57.3665
81.334684 76.671 54.2678
81.924068 76.900 51.1100
82.517724 77.096 47.9129
83.115681 77.259 44.6937
83.717972 77.388 41.4719
84.324627 77.484 38.2670
84.935678 77.545 35.0970
85.551157 77.573 31.9829
86.171096 77.567 28.9447
86.795527 77.529 26.0030
87.424483 77.459 23.1801
88.057997 77.359 20.4993
88.696102 77.230 17.9844
89.338830 77.075 15.6606
89.986216 76.897 13.5546
90.638293 76.698 11.6921
91.295096 76.484 10.0981
91.956658 76.261 8.7946
92.623013 76.035 7.7990
93.294198 75.815 7.1208
93.970246 75.609 6.7582
94.651193 75.426 6.6948
95.337075 75.277 6.8981
96.027927 75.169 7.3178
96.723785 75.108 7.8889
97.424685 75.098 8.5349
98.130664 75.139 9.1753
98.841760 75.229 9.7347
99.558008 75.362 10.1489
100.279446 75.528 10.3691
101.006112 75.722 10.3641
101.738044 75.933 10.1185
102.475280 76.153 9.6318
103.217858 76.376 8.9139
103.965817 76.597 7.9827
104.719197 76.809 6.8597
105.478035 77.009 5.5692
106.242372 77.194 4.1359
107.012248 77.364 2.5845
107.787703 77.516 0.9379
108.568777 77.651 -0.7830
109.355511 77.768 -2.5576
110.147947 77.868 -4.3688
110.946124 77.952 -6.2014
111.750085 78.020 -8.0421
112.559873 78.074 -9.8795
113.375528 78.114 -11.7049
114.197094 78.142 -13.5111
115.024613 78.160 -15.2924
115.858129 78.168 -17.0450
116.697684 78.168 -18.7663
117.543324 78.161 -20.4556
118.395091 78.147 -22.1128
119.253031 78.129 -23.7380
120.117188 78.106 -25.3321
120.987606 78.078 -26.8962
121.864332 78.048 -28.4318
122.747411 78.014 -29.9401
123.636890 77.977 -31.4222
124.532814 77.939 -32.8792
125.435230 77.898 -34.3123
126.344185 77.856 -35.7228
127.259727 77.814 -37.1126
128.181904 77.770 -38.4836
129.110763 77.727 -39.8387
130.046352 77.684 -41.1814
130.988722 77.642 -42.5159
131.937920 77.601 -43.8469
132.893997 77.561 -45.1790
133.857001 77.521 -46.5173
134.826984 77.483 -47.8671
135.803996 77.445 -49.2331
136.788088 77.407 -50.6196
137.779311 77.369 -52.0301
138.777717 77.329 -53.4667
139.783357 77.288 -54.9315
140.796285 77.243 -56.4250
141.816553 77.195 -57.9467
142.844214 77.143 -59.4956
143.879322 77.086 -61.0703
144.921931 77.023 -62.6693
145.972095 76.955 -64.2907
147.029869 76.879 -65.9326
148.095308 76.795 -67.5925
149.168468 76.703 -69.2680
150.249404 76.603 -70.9568
151.338173 76.493 -72.6561
152.434832 76.373 -74.3622
153.539437 76.241 -76.0713
154.652047 76.097 -77.7789
155.772720 75.940 -79.4794
156.901513 75.770 -81.1660
158.038486 75.585 -82.8300
159.183698 75.384 -84.4609
160.337209 75.166 -86.0475
161.499079 74.931 -87.5756
162.669367 74.678 -89.0289
163.848137 74.407 -90.3884
165.035448 74.118 -91.6326
166.231363 73.811 -92.7373
167.435944 73.487 -93.6750
168.649254 73.149 -94.4152
169.871356 72.799 -94.9259
171.102314 72.441 -95.1736
172.342191 72.081 -95.1246
173.591054 71.727 -94.7487
174.848966 71.388 -94.0241
176.115994 71.076 -92.9415
177.392203 70.804 -91.5115
178.677660 70.586 -89.7726
179.972432 70.437 -87.7949
181.276587 70.365 -85.6802
182.590191 70.378 -83.5533
183.913315 70.473 -81.5474
185.246027 70.644 -79.7870
186.588396 70.880 -78.3744
187.940492 71.166 -77.3795
189.302387 71.487 -76.8396
190.674150 71.828 -76.7636
192.055853 72.176 -77.1385
193.447569 72.520 -77.9368
194.849370 72.851 -79.1235
196.261329 73.163 -80.6600
197.683519 73.451 -82.5069
199.116016 73.711 -84.6261
200.558892 73.941 -86.9809
202.012225 74.139 -89.5385
203.476089 74.304 -92.2686
204.950560 74.435 -95.1436
206.435716 74.532 -98.1386
207.931635 74.595 -101.2313
209.438393 74.624 -104.4020
210.956070 74.620 -107.6326
212.484745 74.582 -110.9068
214.024497 74.511 -114.2103
215.575406 74.408 -117.5305
217.137555 74.272 -120.8552
218.711023 74.104 -124.1738
220.295893 73.903 -127.4761
221.892248 73.670 -130.7529
223.500171 73.404 -133.9956
225.119745 73.106 -137.1956
226.751056 72.773 -140.3433
228.394187 72.404 -143.4287
230.049226 71.999 -146.4417
231.716257 71.556 -149.3683
233.395369 71.071 -152.1934
235.086648 70.542 -154.8976
236.790182 69.966 -157.4563
238.506062 69.338 -159.8363
240.234375 68.652 -161.9934
241.975212 67.903 -163.8674
243.728664 67.084 -165.3755
245.494823 66.187 -166.4000
247.273780 65.207 -166.7738
249.065627 64.140 -166.2557
250.870459 62.992 -164.5012
252.688370 61.794 -161.0378
254.519454 60.620 -155.2994
256.363807 59.622 -146.8591
258.221525 59.022 -136.0112
260.092705 59.000 -124.3040
261.977444 59.534 -113.8923
263.875840 60.424 -106.0903
265.787993 61.454 -100.9991
267.714003 62.485 -98.1264
269.653969 63.450 -96.9065
271.607992 64.323 -96.8820
273.576176 65.100 -97.7197
275.558622 65.781 -99.1823
277.555433 66.375 -101.1003
279.566714 66.887 -103.3504
281.592570 67.323 -105.8403
283.633106 67.690 -108.4976
285.688428 67.994 -111.2650
287.758644 68.237 -114.0949
289.843862 68.426 -116.9461
291.944190 68.563 -119.7816
294.059738 68.652 -122.5679
296.190616 68.697 -125.2726
298.336935 68.702 -127.8638
300.498808 68.669 -130.3103
302.676346 68.605 -132.5828
304.869664 68.513 -134.6514
307.078875 68.400 -136.4897
309.304095 68.272 -138.0743
311.545440 68.137 -139.3892
313.803027 68.004 -140.4265
316.076973 67.882 -141.1917
318.367397 67.781 -141.7054
320.674418 67.710 -142.0048
322.998157 67.676 -142.1438
325.338735 67.684 -142.1899
327.696273 67.736 -142.2179
330.070896 67.831 -142.3024
332.462726 67.965 -142.5103
334.871888 68.131 -142.8947
337.298507 68.321 -143.4908
339.742711 68.525 -144.3160
342.204627 68.737 -145.3711
344.684383 68.947 -146.6438
347.182108 69.151 -148.1117
349.697933 69.343 -149.7469
352.231988 69.521 -151.5176
354.784406 69.682 -153.3906
357.355320 69.826 -155.3345
359.944864 69.953 -157.3208
362.553173 70.065 -159.3235
365.180383 70.162 -161.3218
367.826630 70.248 -163.2996
370.492054 70.326 -165.2462
373.176792 70.399 -167.1580
375.880985 70.468 -169.0359
378.604773 70.537 -170.8865
381.348300 70.607 -172.7201
384.111707 70.680 -174.5499
386.895138 70.754 -176.3904
389.698740 70.830 -178.2542
392.522658 70.907 179.8481
395.367039 70.982 177.9106
398.232031 71.054 175.9326
401.117785 71.120 173.9197
404.024450 71.178 171.8813
406.952177 71.228 169.8311
409.901120 71.269 167.7836
412.871433 71.301 165.7552
415.863270 71.324 163.7628
418.876786 71.340 161.8213
421.912140 71.352 159.9432
424.969489 71.361 158.1365
428.048993 71.370 156.4045
431.150813 71.383 154.7458
434.275109 71.402 153.1528
437.422046 71.431 151.6108
440.591786 71.470 150.1029
443.784496 71.521 148.6079
447.000341 71.585 147.1028
450.239490 71.660 145.5648
453.502111 71.745 143.9739
456.788374 71.839 142.3136
460.098451 71.938 140.5718
463.432514 72.039 138.7410
466.790737 72.139 136.8176
470.173295 72.237 134.8038
473.580365 72.328 132.7046
477.012124 72.411 130.5284
480.468750 72.483 128.2856
483.950425 72.543 125.9875
487.457329 72.590 123.6467
490.989646 72.622 121.2769
494.547559 72.640 118.8911
498.131254 72.641 116.5035
501.740919 72.627 114.1277
505.376740 72.597 111.7777
509.038909 72.552 109.4670
512.727614 72.492 107.2092
516.443050 72.418 105.0173
520.185409 72.332 102.9044
523.954887 72.234 100.8813
527.751680 72.127 98.9584
531.575987 72.013 97.1436
535.428005 71.894 95.4426
539.307937 71.772 93.8579
543.215985 71.651 92.3896
547.152352 71.532 91.0342
551.117243 71.419 89.7852
555.110866 71.313 88.6316
559.133428 71.217 87.5608
563.185140 71.131 86.5566
567.266211 71.058 85.6011
571.376856 70.998 84.6753
575.517288 70.949 83.7603
579.687724 70.912 82.8369
583.888380 70.885 81.8885
588.119476 70.865 80.9000
592.381232 70.851 79.8606
596.673871 70.840 78.7640
600.997615 70.828 77.6086
605.352692 70.812 76.3975
609.739327 70.790 75.1389
614.157750 70.759 73.8458
618.608190 70.716 72.5361
623.090880 70.662 71.2307
627.606053 70.594 69.9529
632.153945 70.513 68.7281
636.734793 70.421 67.5813
641.348836 70.321 66.5356
645.996314 70.214 65.6112
650.677470 70.107 64.8220
655.392547 70.004 64.1727
660.141792 69.909 63.6581
664.925451 69.829 63.2617
669.743775 69.768 62.9570
674.597014 69.729 62.7073
679.485423 69.713 62.4727
684.409254 69.720 62.2107
689.368766 69.748 61.8820
694.364216 69.794 61.4526
699.395865 69.851 60.8977
704.463976 69.916 60.2018
709.568812 69.983 59.3599
714.710640 70.046 58.3750
719.889728 70.101 57.2570
725.106346 70.144 56.0227
730.360766 70.171 54.6914
735.653261 70.179 53.2854
740.984108 70.167 51.8278
746.353584 70.134 50.3420
751.761970 70.079 48.8527
757.209547 70.002 47.3832
762.696599 69.903 45.9554
768.223413 69.784 44.5911
773.790277 69.644 43.3109
779.397480 69.487 42.1339
785.045315 69.313 41.0779
790.734077 69.125 40.1592
796.464062 68.925 39.3926
802.235569 68.716 38.7916
808.048899 68.500 38.3690
813.904354 68.282 38.1354
819.802241 68.064 38.0999
825.742866 67.851 38.2693
831.726539 67.647 38.6476
837.753572 67.457 39.2343
843.824280 67.287 40.0237
849.938979 67.141 41.0027
856.097987 67.026 42.1497
862.301626 66.947 43.4325
868.550219 66.908 44.8099
874.844092 66.911 46.2327
881.183573 66.959 47.6456
887.568992 67.049 48.9924
894.000683 67.178 50.2219
900.478980 67.342 51.2898
907.004222 67.534 52.1626
913.576749 67.747 52.8185
920.196903 67.976 53.2473
926.865029 68.212 53.4490
933.581475 68.451 53.4315
940.346591 68.687 53.2091
947.160730 68.916 52.7999
954.024247 69.135 52.2250
960.937500 69.340 51.5068
967.900849 69.532 50.6685
974.914658 69.706 49.7318
981.979291 69.865 48.7188
989.095118 70.007 47.6504
996.262509 70.132 46.5465
1003.481838 70.241 45.4247
1010.753481 70.336 44.3002
1018.077817 70.419 43.1864
1025.455229 70.490 42.0942
1032.886100 70.552 41.0320
1040.370819 70.606 40.0038
1047.909774 70.655 39.0122
1055.503361 70.701 38.0560
1063.151973 70.745 37.1317
1070.856010 70.789 36.2324
1078.615875 70.835 35.3490
1086.431970 70.882 34.4712
1094.304704 70.932 33.5885
1102.234487 70.985 32.6887
1110.221732 71.040 31.7600
1118.266856 71.096 30.7936
1126.370279 71.151 29.7817
1134.532422 71.204 28.7189
1142.753712 71.254 27.6022
1151.034577 71.299 26.4316
1159.375448 71.336 25.2111
1167.776760 71.365 23.9460
1176.238952 71.385 22.6426
1184.762464 71.394 21.3093
1193.347741 71.392 19.9550
1201.995231 71.379 18.5879
1210.705384 71.354 17.2155
1219.478654 71.316 15.8450
1228.315499 71.267 14.4819
1237.216380 71.206 13.1304
1246.181760 71.133 11.7947
1255.212106 71.047 10.4789
1264.307891 70.949 9.1879
1273.469587 70.836 7.9275
1282.697672 70.709 6.7061
1291.992628 70.566 5.5336
1301.354940 70.407 4.4242
1310.785094 70.230 3.3942
1320.283583 70.035 2.4642
1329.850902 69.823 1.6598
1339.487550 69.594 1.0094
1349.194029 69.350 0.5444
1358.970845 69.093 0.2994
1368.818508 68.827 0.3097
1378.737531 68.560 0.6099
1388.728432 68.299 1.2285
1398.791730 68.055 2.1829
1408.927952 67.839 3.4729
1419.137625 67.665 5.0739
1429.421281 67.545 6.9326
1439.779457 67.490 8.9664
1450.212692 67.507 11.0676
1460.721531 67.596 13.1179
1471.306521 67.753 15.0031
1481.968215 67.969 16.6271
1492.707168 68.232 17.9218
1503.523939 68.528 18.8483
1514.419093 68.844 19.3949
1525.393198 69.168 19.5720
1536.446826 69.491 19.4034
1547.580553 69.804 18.9219
1558.794960 70.102 18.1630
1570.090631 70.380 17.1632
1581.468155 70.636 15.9586
1592.928125 70.867 14.5824
1604.471139 71.072 13.0653
1616.097798 71.252 11.4355
1627.808709 71.405 9.7186
1639.604482 71.531 7.9381
1651.485732 71.632 6.1149
1663.453078 71.709 4.2678
1675.507145 71.761 2.4142
1687.648560 71.791 0.5696
1699.877958 71.799 -1.2521
1712.195974 71.788 -3.0394
1724.603252 71.758 -4.7815
1737.100438 71.710 -6.4696
1749.688184 71.648 -8.0967
1762.367146 71.571 -9.6572
1775.137984 71.482 -11.1471
1788.001366 71.382 -12.5636
1800.957961 71.273 -13.9048
1814.008445 71.154 -15.1689
1827.153498 71.029 -16.3556
1840.393805 70.896 -17.4639
1853.730057 70.757 -18.4923
1867.162949 70.613 -19.4387
1880.693182 70.464 -20.3007
1894.321460 70.311 -21.0732
1908.048494 70.155 -21.7512
1921.875000 69.997 -22.3293
1935.801698 69.839 -22.8014
1949.829316 69.681 -23.1616
1963.958583 69.527 -23.4060
1978.190236 69.380 -23.5330
1992.525018 69.241 -23.5442
2006.963676 69.114 -23.4459
2021.506962 69.003 -23.2485
2036.155634 68.910 -22.9686
2050.910458 68.837 -22.6279
2065.772200 68.786 -22.2529
2080.741637 68.757 -21.8721
2095.819549 68.751 -21.5153
2111.006721 68.767 -21.2113
2126.303946 68.800 -20.9851
2141.712021 68.849 -20.8563
2157.231749 68.910 -20.8391
2172.863940 68.978 -20.9401
2188.609407 69.050 -21.1595
2204.468973 69.122 -21.4928
2220.443464 69.191 -21.9302
2236.533713 69.255 -22.4584
2252.740558 69.311 -23.0620
2269.064845 69.358 -23.7246
2285.507424 69.396 -24.4297
2302.069153 69.425 -25.1609
2318.750895 69.444 -25.9036
2335.553520 69.455 -26.6439
2352.477904 69.457 -27.3719
2369.524928 69.454 -28.0785
2386.695483 69.446 -28.7571
2403.990462 69.434 -29.4033
2421.410768 69.420 -30.0150
2438.957308 69.405 -30.5920
2456.630998 69.391 -31.1365
2474.432759 69.378 -31.6508
2492.363519 69.368 -32.1384
2510.424213 69.362 -32.6040
2528.615781 69.359 -33.0520
2546.939174 69.360 -33.4875
2565.395345 69.367 -33.9153
2583.985257 69.379 -34.3397
2602.709879 69.396 -34.7660
2621.570188 69.418 -35.1993
2640.567166 69.446 -35.6453
2659.701804 69.480 -36.1099
2678.975100 69.519 -36.5997
2698.388058 69.563 -37.1211
2717.941690 69.612 -37.6810
2737.637016 69.665 -38.2860
2757.475062 69.721 -38.9424
2777.456863 69.778 -39.6543
2797.583461 69.836 -40.4242
2817.855904 69.892 -41.2533
2838.275249 69.945 -42.1406
2858.842562 69.994 -43.0825
2879.558913 70.037 -44.0729
2900.425384 70.074 -45.1042
2921.443062 70.103 -46.1677
2942.613043 70.123 -47.2538
2963.936430 70.134 -48.3516
2985.414335 70.137 -49.4495
3007.047878 70.131 -50.5369
3028.838187 70.117 -51.6039
3050.786397 70.096 -52.6416
3072.893653 70.069 -53.6421
3095.161107 70.038 -54.5995
3117.589920 70.004 -55.5104
3140.181262 69.968 -56.3735
3162.936310 69.931 -57.1901
3185.856250 69.896 -57.9633
3208.942278 69.864 -58.6982
3232.195596 69.835 -59.4028
3255.617418 69.810 -60.0851
3279.208964 69.789 -60.7533
3302.971464 69.772 -61.4158
3326.906156 69.759 -62.0797
3351.014290 69.747 -62.7502
3375.297121 69.738 -63.4298
3399.755915 69.729 -64.1188
3424.391948 69.719 -64.8149
3449.206504 69.707 -65.5120
3474.200876 69.693 -66.2029
3499.376367 69.676 -66.8795
3524.734291 69.658 -67.5322
3550.275969 69.638 -68.1522
3576.002732 69.618 -68.7322
3601.915922 69.599 -69.2672
3628.016889 69.583 -69.7556
3654.306995 69.573 -70.1995
3680.787610 69.569 -70.6047
3707.460115 69.573 -70.9808
3734.325899 69.586 -71.3403
3761.386364 69.610 -71.6974
3788.642920 69.643 -72.0671
3816.096988 69.685 -72.4633
3843.750000 69.735 -72.8984
3871.603397 69.792 -73.3828
3899.658631 69.852 -73.9225
3927.917165 69.915 -74.5209
3956.380472 69.978 -75.1766
3985.050036 70.039 -75.8865
4013.927351 70.098 -76.6449
4043.013923 70.152 -77.4440
4072.311269 70.200 -78.2744
4101.820915 70.242 -79.1265
4131.544400 70.278 -79.9907
4161.483274 70.308 -80.8585
4191.639097 70.332 -81.7225
4222.013442 70.350 -82.5760
4252.607892 70.363 -83.4141
4283.424042 70.373 -84.2332
4314.463498 70.378 -85.0316
4345.727879 70.381 -85.8092
4377.218815 70.381 -86.5660
4408.937947 70.379 -87.3022
4440.886929 70.375 -88.0187
4473.067426 70.369 -88.7156
4505.481116 70.361 -89.3932
4538.129690 70.351 -90.0515
4571.014848 70.340 -90.6903
4604.138306 70.326 -91.3086
4637.501790 70.311 -91.9052
4671.107040 70.294 -92.4790
4704.955807 70.275 -93.0298
4739.049856 70.255 -93.5562
4773.390965 70.234 -94.0574
4807.980924 70.211 -94.5328
4842.821536 70.187 -94.9821
4877.914617 70.161 -95.4042
4913.261997 70.134 -95.7976
4948.865519 70.106 -96.1613
4984.727038 70.076 -96.4924
5020.848425 70.045 -96.7880
5057.231563 70.013 -97.0452
5093.878347 69.980 -97.2603
5130.790689 69.947 -97.4302
5167.970514 69.914 -97.5510
5205.419759 69.883 -97.6199
5243.140376 69.854 -97.6354
5281.134332 69.828 -97.5980
5319.403609 69.808 -97.5093
5357.950200 69.793 -97.3728
5396.776116 69.785 -97.1948
5435.883380 69.784 -96.9827
5475.274032 69.792 -96.7456
5514.950125 69.810 -96.4935
5554.913727 69.836 -96.2372
5595.166922 69.870 -95.9882
5635.711808 69.913 -95.7559
5676.550498 69.962 -95.5492
5717.685123 70.018 -95.3765
5759.117827 70.078 -95.2438
5800.850769 70.141 -95.1553
5842.886124 70.205 -95.1132
5885.226086 70.269 -95.1178
5927.872860 70.330 -95.1669
5970.828671 70.388 -95.2563
6014.095756 70.442 -95.3806
6057.676373 70.489 -95.5320
6101.572794 70.529 -95.7013
6145.787305 70.561 -95.8778
6190.322213 70.585 -96.0509
6235.179840 70.600 -96.2097
6280.362523 70.608 -96.3436
6325.872619 70.609 -96.4427
6371.712500 70.604 -96.4987
6417.884555 70.594 -96.5045
6464.391192 70.579 -96.4551
6511.234836 70.563 -96.3473
6558.417927 70.546 -96.1791
6605.942927 70.530 -95.9523
6653.812313 70.515 -95.6692
6702.028580 70.504 -95.3350
6750.594241 70.497 -94.9561
6799.511830 70.496 -94.5399
6848.783896 70.499 -94.0942
6898.413007 70.509 -93.6281
6948.401751 70.524 -93.1494
6998.752735 70.544 -92.6659
7049.468582 70.570 -92.1832
7100.551937 70.599 -91.7059
7152.005464 70.632 -91.2383
7203.831844 70.667 -90.7823
7256.033779 70.704 -90.3394
7308.613991 70.742 -89.9091
7361.575220 70.781 -89.4910
7414.920229 70.820 -89.0841
7468.651798 70.858 -88.6868
7522.772727 70.895 -88.2980
7577.285840 70.932 -87.9159
7632.193976 70.967 -87.5380
7687.500000 71.000 -87.1628
7743.206794 71.032 -86.7883
7799.317262 71.060 -86.4120
7855.834330 71.087 -86.0305
7912.760944 71.112 -85.6404
7970.100072 71.135 -85.2385
8027.854702 71.155 -84.8224
8086.027847 71.174 -84.3885
8144.622538 71.192 -83.9347
8203.641830 71.208 -83.4606
8263.088801 71.225 -82.9652
8322.966548 71.243 -82.4495
8383.278195 71.261 -81.9153
8444.026884 71.280 -81.3651
8505.215784 71.301 -80.8016
8566.848084 71.324 -80.2281
8628.926996 71.349 -79.6493
8691.455758 71.376 -79.0687
8754.437630 71.405 -78.4908
8817.875894 71.435 -77.9188
8881.773857 71.466 -77.3561
8946.134852 71.497 -76.8047
9010.962233 71.528 -76.2665
9076.259380 71.559 -75.7427
9142.029697 71.589 -75.2329
9208.276612 71.616 -74.7366
9275.003581 71.640 -74.2517
9342.214080 71.662 -73.7759
9409.911614 71.680 -73.3066
9478.099713 71.695 -72.8408
9546.781930 71.706 -72.3748
9615.961848 71.712 -71.9054
9685.643071 71.715 -71.4288
9755.829233 71.714 -70.9421
9826.523994 71.709 -70.4423
9897.731037 71.700 -69.9265
9969.454076 71.689 -69.3929
10041.696850 71.674 -68.8398
10114.463125 71.657 -68.2661
10187.756694 71.638 -67.6716
10261.581379 71.618 -67.0565
10335.941028 71.596 -66.4210
10410.839517 71.572 -65.7660
10486.280752 71.549 -65.0924
10562.268665 71.523 -64.4014
10638.807218 71.497 -63.6947
10715.900400 71.471 -62.9734
10793.552232 71.444 -62.2388
10871.766761 71.416 -61.4917
10950.548064 71.388 -60.7336
11029.900250 71.358 -59.9651
11109.827454 71.328 -59.1869
11190.333843 71.297 -58.3987
11271.423615 71.264 -57.6003
11353.100997 71.231 -56.7920
11435.370247 71.196 -55.9736
11518.235653 71.160 -55.1444
11601.701537 71.123 -54.3042
11685.772249 71.084 -53.4525
11770.452172 71.044 -52.5887
11855.745720 71.003 -51.7117
11941.657341 70.960 -50.8207
12028.191513 70.917 -49.9152
12115.352747 70.873 -48.9949
12203.145587 70.828 -48.0591
12291.574610 70.782 -47.1078
12380.644427 70.736 -46.1415
12470.359680 70.690 -45.1602
12560.725047 70.645 -44.1649
12651.745238 70.599 -43.1571
12743.425000 70.554 -42.1382
12835.769110 70.510 -41.1096
12928.782385 70.467 -40.0734
13022.469671 70.425 -39.0310
13116.835855 70.383 -37.9847
13211.885854 70.342 -36.9365
13307.624625 70.302 -35.8879
13404.057159 70.262 -34.8405
13501.188483 70.222 -33.7948
13599.023660 70.182 -32.7501
13697.567791 70.142 -31.7063
13796.826014 70.102 -30.6628
13896.803503 70.061 -29.6193
13997.505470 70.021 -28.5742
14098.937164 69.980 -27.5277
14201.103875 69.940 -26.4797
14304.010928 69.900 -25.4309
14407.663687 69.861 -24.3820
14512.067557 69.823 -23.3336
14617.227981 69.786 -22.2882
14723.150441 69.751 -21.2479
14829.840458 69.717 -20.2152
14937.303595 69.685 -19.1925
15045.545455 69.654 -18.1838
15154.571679 69.626 -17.1920
15264.387953 69.599 -16.2195
15375.000000 69.573 -15.2689
15486.413588 69.549 -14.3427
15598.634525 69.526 -13.4425
15711.668661 69.503 -12.5695
15825.521888 69.482 -11.7249
15940.200144 69.461 -10.9095
16055.709405 69.440 -10.1241
16172.055694 69.421 -9.3696
16289.245076 69.402 -8.6471
16407.283660 69.383 -7.9584
16526.177601 69.365 -7.3049
16645.933097 69.349 -6.6892
16766.556390 69.333 -6.1145
16888.053769 69.318 -5.5842
17010.431568 69.305 -5.1021
17133.696167 69.293 -4.6727
17257.853993 69.281 -4.3030
17382.911517 69.271 -3.9955
17508.875259 69.260 -3.7538
17635.751787 69.249 -3.5997
17763.547714 69.233 -3.5360
17892.269704 69.212 -3.5179
18021.924466 69.190 -3.5575
18152.518759 69.165 -3.6765
18284.059393 69.136 -3.8787
18416.553225 69.102 -4.1685
18550.007161 69.060 -4.5490
18684.428160 69.010 -5.0219
18819.823228 68.949 -5.5879
18956.199425 68.874 -6.2473
19093.563861 68.782 -6.9995
19231.923695 68.671 -7.8417
19371.286142 68.537 -8.7715
19511.658467 68.376 -9.7859
19653.047987 68.184 -10.8821
19795.462074 67.957 -12.0583
19938.908153 67.687 -13.3207
20083.393701 67.363 -14.5389
20228.926250 66.980 -15.6644
20375.513389 66.535 -16.8306
20523.162758 66.019 -18.0308
20671.882055 65.425 -19.2584
20821.679034 64.741 -20.5070
20972.561504 63.955 -21.7706
21124.537330 63.053 -23.0436
21277.614435 62.020 -24.3202
21431.800801 60.838 -25.5961
21587.104464 59.486 -26.8668
21743.533521 57.941 -28.1282
21901.096129 56.176 -29.3772
22059.800499 54.157 -30.6110
22219.654907 51.848 -31.8271
22380.667686 49.203 -33.0238
22542.847230 46.168 -34.1995
22706.201994 42.681 -35.3531
22870.740494 38.663 -36.4840
23036.471307 34.027 -37.5918
23203.403074 28.672 -38.6761
23371.544498 22.498 -39.7377
23540.904344 15.435 -40.7762
23711.491441 7.494 -41.7927
23883.314682 -0.752 -42.7876
