* Measurement data measured by REW V5.40 beta 133
* Source: Frequency response averaged data
* Format: Averaged data produced from the rms magnitudes of L.0, L 120.green.1, L 120.green.2, L 120.green.3, L 120.green.4
* Dated: Sep 12, 2026, 4:18:46 PM
* REW Settings:
*  C-weighting compensation: Off
*  Target level: 75.0 dB
* Note: ; Averaged data produced from the rms magnitudes of L.0, L 120.green.1, L 120.green.2, L 120.green.3, L 120.green.4
* Measurement: L-SP.clean-fdw6
* Smoothing: 1/48 octave
* Frequency Step: 96 ppo
* Start Frequency: 15.12345 Hz
*
* Freq(Hz) SPL(dB)
15.123450 69.007
15.233041 69.150
15.343426 69.326
15.454611 69.507
15.566601 69.690
15.679403 69.873
15.793023 70.055
15.907465 70.237
16.022737 70.418
16.138845 70.598
16.255794 70.776
16.373590 70.953
16.492239 71.127
16.611749 71.299
16.732125 71.469
16.853372 71.635
16.975499 71.799
17.098510 71.960
17.222413 72.118
17.347214 72.273
17.472919 72.424
17.599535 72.572
17.727069 72.717
17.855526 72.857
17.984915 72.994
18.115241 73.127
18.246511 73.257
18.378733 73.381
18.511913 73.502
18.646058 73.618
18.781175 73.730
18.917271 73.838
19.054353 73.941
19.192429 74.040
19.331505 74.134
19.471589 74.224
19.612689 74.310
19.754810 74.391
19.897962 74.469
20.042150 74.543
20.187384 74.613
20.333670 74.680
20.481016 74.744
20.629430 74.804
20.778920 74.862
20.929492 74.917
21.081156 74.970
21.233919 75.021
21.387788 75.069
21.542773 75.114
21.698881 75.157
21.856120 75.197
22.014499 75.235
22.174025 75.269
22.334707 75.300
22.496553 75.326
22.659573 75.348
22.823773 75.366
22.989164 75.378
23.155753 75.385
23.323549 75.385
23.492561 75.379
23.662798 75.366
23.834268 75.344
24.006981 75.315
24.180945 75.276
24.356170 75.229
24.532665 75.171
24.710439 75.104
24.889501 75.026
25.069861 74.938
25.251527 74.839
25.434510 74.729
25.618819 74.609
25.804464 74.479
25.991454 74.339
26.179798 74.190
26.369508 74.033
26.560592 73.870
26.753061 73.702
26.946925 73.532
27.142193 73.362
27.338877 73.195
27.536986 73.035
27.736530 72.885
27.937520 72.750
28.139967 72.634
28.343881 72.541
28.549272 72.474
28.756152 72.436
28.964531 72.430
29.174420 72.456
29.385830 72.514
29.598772 72.602
29.813257 72.718
30.029296 72.858
30.246901 73.017
30.466082 73.191
30.686852 73.376
30.909221 73.567
31.133202 73.761
31.358806 73.955
31.586045 74.144
31.814931 74.326
32.045475 74.499
32.277690 74.661
32.511587 74.811
32.747179 74.947
32.984479 75.068
33.223498 75.174
33.464249 75.263
33.706745 75.335
33.950998 75.390
34.197021 75.426
34.444827 75.444
34.694428 75.442
34.945838 75.421
35.199070 75.379
35.454137 75.317
35.711052 75.235
35.969829 75.134
36.230482 75.013
36.493023 74.874
36.757466 74.716
37.023826 74.541
37.292116 74.349
37.562350 74.141
37.834542 73.920
38.108707 73.687
38.384858 73.444
38.663011 73.196
38.943179 72.944
39.225377 72.693
39.509620 72.449
39.795923 72.215
40.084301 71.999
40.374768 71.804
40.667341 71.639
40.962033 71.507
41.258861 71.414
41.557839 71.364
41.858985 71.359
42.162312 71.400
42.467838 71.485
42.775577 71.612
43.085546 71.777
43.397762 71.976
43.712240 72.204
44.028997 72.455
44.348049 72.724
44.669414 73.007
44.993107 73.297
45.319145 73.592
45.647546 73.888
45.978327 74.179
46.311505 74.464
46.647097 74.740
46.985122 75.004
47.325595 75.254
47.668536 75.487
48.013962 75.701
48.361891 75.896
48.712341 76.069
49.065331 76.219
49.420878 76.346
49.779002 76.447
50.139721 76.521
50.503055 76.569
50.869021 76.590
51.237638 76.583
51.608927 76.548
51.982907 76.485
52.359597 76.393
52.739016 76.273
53.121184 76.124
53.506122 75.947
53.893850 75.740
54.284387 75.506
54.677754 75.242
55.073972 74.948
55.473060 74.625
55.875041 74.270
56.279934 73.884
56.687762 73.464
57.098545 73.009
57.512305 72.517
57.929062 71.987
58.348840 71.414
58.771660 70.797
59.197544 70.134
59.626514 69.422
60.058592 68.658
60.493801 67.844
60.932164 66.983
61.373704 66.084
61.818443 65.167
62.266405 64.266
62.717613 63.435
63.172091 62.745
63.629862 62.270
64.090950 62.063
64.555379 62.122
65.023174 62.395
65.494359 62.809
65.968958 63.292
66.446996 63.793
66.928498 64.279
67.413490 64.734
67.901996 65.151
68.394042 65.530
68.889653 65.877
69.388856 66.200
69.891676 66.507
70.398140 66.811
70.908274 67.121
71.422105 67.448
71.939659 67.801
72.460963 68.185
72.986045 68.605
73.514932 69.060
74.047652 69.546
74.584231 70.060
75.124699 70.592
75.669084 71.136
76.217413 71.682
76.769716 72.223
77.326021 72.754
77.886357 73.267
78.450754 73.759
79.019241 74.225
79.591847 74.662
80.168602 75.069
80.749537 75.443
81.334681 75.784
81.924066 76.090
82.517721 76.362
83.115679 76.600
83.717969 76.802
84.324624 76.970
84.935675 77.105
85.551154 77.206
86.171093 77.276
86.795524 77.313
87.424480 77.321
88.057994 77.300
88.696099 77.251
89.338827 77.177
89.986213 77.079
90.638290 76.961
91.295093 76.825
91.956655 76.675
92.623010 76.513
93.294195 76.346
93.970243 76.177
94.651190 76.012
95.337072 75.856
96.027924 75.714
96.723781 75.591
97.424682 75.490
98.130661 75.416
98.841756 75.369
99.558005 75.350
100.279443 75.357
101.006109 75.389
101.738041 75.443
102.475277 75.515
103.217855 75.601
103.965814 75.697
104.719193 75.801
105.478032 75.908
106.242369 76.015
107.012245 76.121
107.787700 76.223
108.568774 76.320
109.355508 76.412
110.147943 76.496
110.946120 76.573
111.750082 76.642
112.559869 76.703
113.375524 76.756
114.197090 76.801
115.024609 76.838
115.858125 76.868
116.697681 76.891
117.543320 76.906
118.395087 76.916
119.253027 76.919
120.117184 76.918
120.987602 76.911
121.864328 76.899
122.747407 76.884
123.636886 76.865
124.532810 76.843
125.435226 76.818
126.344181 76.791
127.259723 76.763
128.181899 76.735
129.110758 76.706
130.046348 76.677
130.988718 76.650
131.937916 76.625
132.893992 76.601
133.856997 76.578
134.826980 76.557
135.803992 76.538
136.788084 76.520
137.779306 76.502
138.777712 76.484
139.783353 76.466
140.796280 76.446
141.816548 76.425
142.844209 76.402
143.879317 76.375
144.921926 76.345
145.972090 76.312
147.029864 76.274
148.095303 76.231
149.168463 76.183
150.249399 76.128
151.338168 76.067
152.434827 75.998
153.539432 75.921
154.652042 75.834
155.772715 75.736
156.901508 75.628
158.038481 75.506
159.183693 75.370
160.337204 75.220
161.499073 75.055
162.669362 74.874
163.848131 74.676
165.035443 74.463
166.231357 74.233
167.435938 73.989
168.649248 73.730
169.871350 73.460
171.102308 73.180
172.342186 72.895
173.591048 72.608
174.848961 72.326
176.115988 72.055
177.392197 71.804
178.677654 71.581
179.972426 71.395
181.276581 71.257
182.590185 71.172
183.913309 71.146
185.246021 71.181
186.588390 71.274
187.940486 71.419
189.302381 71.609
190.674144 71.832
192.055847 72.080
193.447563 72.342
194.849364 72.607
196.261322 72.869
197.683513 73.120
199.116009 73.356
200.558886 73.572
202.012218 73.765
203.476082 73.934
204.950554 74.076
206.435710 74.191
207.931628 74.279
209.438386 74.339
210.956063 74.371
212.484738 74.377
214.024490 74.356
215.575399 74.309
217.137548 74.236
218.711016 74.139
220.295886 74.017
221.892241 73.873
223.500163 73.706
225.119738 73.516
226.751048 73.305
228.394180 73.073
230.049218 72.819
231.716250 72.545
233.395361 72.250
235.086640 71.935
236.790175 71.599
238.506054 71.241
240.234367 70.863
241.975204 70.463
243.728657 70.043
245.494815 69.603
247.273771 69.143
249.065619 68.667
250.870451 68.177
252.688362 67.678
254.519446 67.178
256.363799 66.686
258.221517 66.214
260.092696 65.776
261.977435 65.390
263.875832 65.069
265.787985 64.828
267.713994 64.675
269.653960 64.609
271.607984 64.625
273.576167 64.710
275.558613 64.846
277.555424 65.017
279.566705 65.206
281.592561 65.400
283.633096 65.587
285.688419 65.760
287.758635 65.912
289.843852 66.039
291.944181 66.139
294.059728 66.211
296.190606 66.254
298.336926 66.269
300.498798 66.258
302.676336 66.223
304.869654 66.166
307.078865 66.092
309.304085 66.004
311.545430 65.910
313.803016 65.814
316.076962 65.724
318.367386 65.648
320.674408 65.594
322.998147 65.569
325.338724 65.579
327.696263 65.629
330.070885 65.721
332.462715 65.855
334.871877 66.027
337.298496 66.233
339.742700 66.466
342.204616 66.718
344.684372 66.982
347.182097 67.252
349.697921 67.521
352.231977 67.785
354.784395 68.040
357.355309 68.283
359.944853 68.512
362.553161 68.726
365.180371 68.925
367.826618 69.109
370.492042 69.278
373.176780 69.434
375.880973 69.578
378.604761 69.711
381.348287 69.833
384.111694 69.946
386.895126 70.050
389.698727 70.146
392.522645 70.234
395.367026 70.313
398.232018 70.382
401.117772 70.442
404.024436 70.493
406.952164 70.533
409.901107 70.564
412.871420 70.584
415.863256 70.595
418.876773 70.597
421.912126 70.592
424.969476 70.582
428.048980 70.567
431.150799 70.551
434.275095 70.537
437.422032 70.527
440.591772 70.525
443.784482 70.533
447.000327 70.553
450.239476 70.588
453.502096 70.639
456.788360 70.706
460.098436 70.790
463.432499 70.888
466.790722 71.001
470.173280 71.125
473.580350 71.259
477.012108 71.399
480.468734 71.543
483.950409 71.689
487.457313 71.833
490.989630 71.974
494.547543 72.109
498.131238 72.236
501.740903 72.354
505.376724 72.460
509.038892 72.554
512.727598 72.635
516.443033 72.702
520.185392 72.755
523.954870 72.792
527.751663 72.816
531.575969 72.825
535.427988 72.820
539.307920 72.802
543.215967 72.771
547.152334 72.728
551.117225 72.674
555.110848 72.610
559.133410 72.536
563.185121 72.453
567.266193 72.362
571.376838 72.264
575.517270 72.158
579.687705 72.045
583.888361 71.925
588.119457 71.797
592.381213 71.663
596.673851 71.521
600.997596 71.373
605.352672 71.217
609.739307 71.054
614.157730 70.883
618.608170 70.707
623.090860 70.525
627.606033 70.338
632.153925 70.149
636.734773 69.959
641.348815 69.770
645.996293 69.586
650.677449 69.409
655.392526 69.243
660.141770 69.091
664.925430 68.957
669.743753 68.844
674.596993 68.753
679.485401 68.687
684.409232 68.646
689.368743 68.630
694.364193 68.638
699.395843 68.666
704.463953 68.712
709.568789 68.773
714.710617 68.846
719.889705 68.926
725.106323 69.010
730.360742 69.096
735.653237 69.180
740.984084 69.261
746.353560 69.336
751.761945 69.405
757.209522 69.468
762.696574 69.523
768.223388 69.570
773.790252 69.610
779.397455 69.643
785.045290 69.668
790.734052 69.686
796.464037 69.698
802.235543 69.702
808.048873 69.699
813.904328 69.690
819.802214 69.673
825.742839 69.650
831.726512 69.619
837.753545 69.582
843.824253 69.539
849.938951 69.490
856.097959 69.435
862.301598 69.375
868.550191 69.312
874.844063 69.245
881.183544 69.177
887.568963 69.109
894.000654 69.040
900.478951 68.974
907.004193 68.909
913.576719 68.848
920.196873 68.791
926.864999 68.738
933.581444 68.689
940.346560 68.646
947.160699 68.606
954.024216 68.571
960.937469 68.539
967.900818 68.510
974.914626 68.485
981.979259 68.463
989.095086 68.444
996.262477 68.430
1003.481805 68.419
1010.753448 68.415
1018.077784 68.417
1025.455196 68.428
1032.886067 68.449
1040.370785 68.479
1047.909740 68.522
1055.503326 68.576
1063.151939 68.641
1070.855976 68.719
1078.615840 68.808
1086.431935 68.906
1094.304668 69.014
1102.234451 69.130
1110.221696 69.252
1118.266820 69.379
1126.370243 69.510
1134.532386 69.644
1142.753675 69.779
1151.034539 69.913
1159.375410 70.045
1167.776722 70.173
1176.238914 70.296
1184.762426 70.413
1193.347703 70.523
1201.995192 70.623
1210.705345 70.713
1219.478615 70.792
1228.315459 70.859
1237.216340 70.915
1246.181719 70.958
1255.212066 70.987
1264.307850 71.005
1273.469546 71.008
1282.697631 70.998
1291.992587 70.973
1301.354897 70.935
1310.785051 70.882
1320.283540 70.814
1329.850859 70.731
1339.487507 70.632
1349.193985 70.518
1358.970801 70.389
1368.818464 70.244
1378.737487 70.084
1388.728387 69.911
1398.791685 69.725
1408.927906 69.530
1419.137579 69.327
1429.421235 69.121
1439.779410 68.917
1450.212645 68.719
1460.721484 68.535
1471.306474 68.371
1481.968167 68.235
1492.707119 68.132
1503.523890 68.068
1514.419044 68.046
1525.393149 68.069
1536.446776 68.135
1547.580503 68.240
1558.794909 68.382
1570.090580 68.551
1581.468104 68.743
1592.928073 68.951
1604.471087 69.166
1616.097746 69.385
1627.808656 69.602
1639.604429 69.812
1651.485678 70.012
1663.453024 70.200
1675.507091 70.373
1687.648506 70.529
1699.877902 70.667
1712.195918 70.787
1724.603196 70.886
1737.100382 70.966
1749.688127 71.026
1762.367088 71.065
1775.137927 71.083
1788.001308 71.082
1800.957903 71.061
1814.008386 71.020
1827.153438 70.961
1840.393745 70.884
1853.729997 70.790
1867.162889 70.680
1880.693121 70.555
1894.321398 70.417
1908.048432 70.268
1921.874938 70.108
1935.801636 69.942
1949.829252 69.771
1963.958519 69.599
1978.190172 69.427
1992.524953 69.261
2006.963611 69.103
2021.506896 68.957
2036.155568 68.825
2050.910391 68.712
2065.772133 68.619
2080.741570 68.547
2095.819481 68.497
2111.006653 68.469
2126.303877 68.460
2141.711952 68.470
2157.231679 68.494
2172.863869 68.531
2188.609336 68.576
2204.468902 68.626
2220.443392 68.679
2236.533640 68.731
2252.740485 68.782
2269.064771 68.828
2285.507350 68.869
2302.069078 68.905
2318.750820 68.935
2335.553444 68.959
2352.477827 68.977
2369.524851 68.992
2386.695405 69.002
2403.990384 69.011
2421.410689 69.017
2438.957229 69.022
2456.630919 69.028
2474.432679 69.034
2492.363438 69.041
2510.424131 69.049
2528.615699 69.059
2546.939091 69.070
2565.395262 69.082
2583.985173 69.095
2602.709795 69.108
2621.570103 69.122
2640.567081 69.136
2659.701718 69.151
2678.975013 69.167
2698.387971 69.183
2717.941602 69.202
2737.636927 69.222
2757.474973 69.245
2777.456773 69.271
2797.583370 69.300
2817.855812 69.332
2838.275157 69.367
2858.842469 69.405
2879.558820 69.446
2900.425290 69.487
2921.442968 69.529
2942.612948 69.570
2963.936334 69.608
2985.414238 69.644
3007.047781 69.674
3028.838089 69.699
3050.786298 69.717
3072.893553 69.728
3095.161006 69.730
3117.589819 69.724
3140.181160 69.710
3162.936207 69.688
3185.856147 69.659
3208.942174 69.624
3232.195491 69.584
3255.617312 69.540
3279.208857 69.494
3302.971357 69.448
3326.906049 69.403
3351.014181 69.361
3375.297011 69.322
3399.755805 69.288
3424.391837 69.259
3449.206392 69.235
3474.200763 69.217
3499.376254 69.205
3524.734177 69.198
3550.275854 69.195
3576.002616 69.198
3601.915805 69.204
3628.016772 69.215
3654.306877 69.229
3680.787491 69.247
3707.459994 69.268
3734.325778 69.293
3761.386242 69.322
3788.642797 69.354
3816.096864 69.391
3843.749875 69.430
3871.603271 69.473
3899.658505 69.519
3927.917038 69.567
3956.380344 69.617
3985.049907 69.668
4013.927221 69.718
4043.013792 69.768
4072.311137 69.815
4101.820782 69.859
4131.544266 69.900
4161.483139 69.936
4191.638962 69.966
4222.013305 69.991
4252.607754 70.011
4283.423903 70.024
4314.463358 70.032
4345.727738 70.036
4377.218673 70.034
4408.937804 70.029
4440.886785 70.020
4473.067281 70.009
4505.480970 69.995
4538.129543 69.980
4571.014700 69.964
4604.138157 69.947
4637.501640 69.929
4671.106889 69.911
4704.955655 69.892
4739.049703 69.872
4773.390810 69.851
4807.980768 69.828
4842.821379 69.805
4877.914459 69.779
4913.261838 69.753
4948.865358 69.725
4984.726877 69.695
5020.848262 69.665
5057.231399 69.634
5093.878182 69.603
5130.790523 69.572
5167.970346 69.542
5205.419590 69.514
5243.140206 69.489
5281.134161 69.467
5319.403436 69.449
5357.950026 69.437
5396.775941 69.430
5435.883204 69.431
5475.273855 69.440
5514.949946 69.458
5554.913547 69.484
5595.166740 69.519
5635.711625 69.561
5676.550314 69.610
5717.684938 69.665
5759.117640 69.724
5800.850581 69.785
5842.885935 69.847
5885.225895 69.907
5927.872668 69.965
5970.828477 70.019
6014.095561 70.067
6057.676177 70.109
6101.572596 70.144
6145.787106 70.172
6190.322013 70.191
6235.179638 70.204
6280.362320 70.209
6325.872414 70.209
6371.712293 70.203
6417.884347 70.193
6464.390983 70.180
6511.234625 70.165
6558.417715 70.150
6605.942713 70.136
6653.812097 70.125
6702.028362 70.116
6750.594023 70.112
6799.511610 70.112
6848.783674 70.117
6898.412783 70.127
6948.401526 70.141
6998.752508 70.161
7049.468354 70.186
7100.551707 70.214
7152.005232 70.245
7203.831610 70.279
7256.033544 70.314
7308.613754 70.351
7361.574982 70.388
7414.919989 70.425
7468.651556 70.461
7522.772483 70.496
7577.285594 70.530
7632.193729 70.562
7687.499751 70.592
7743.206543 70.621
7799.317010 70.647
7855.834076 70.671
7912.760688 70.694
7970.099813 70.715
8027.854442 70.735
8086.027585 70.754
8144.622274 70.772
8203.641564 70.790
8263.088533 70.808
8322.966279 70.828
8383.277923 70.848
8444.026611 70.869
8505.215508 70.893
8566.847806 70.917
8628.926717 70.944
8691.455477 70.972
8754.437346 71.002
8817.875608 71.032
8881.773569 71.063
8946.134562 71.095
9010.961941 71.125
9076.259085 71.155
9142.029400 71.184
9208.276314 71.210
9275.003280 71.233
9342.213777 71.253
9409.911309 71.270
9478.099405 71.283
9546.781621 71.292
9615.961536 71.298
9685.642757 71.299
9755.828917 71.297
9826.523675 71.292
9897.730716 71.283
9969.453753 71.272
10041.696525 71.257
10114.462797 71.241
10187.756364 71.223
10261.581046 71.203
10335.940693 71.182
10410.839180 71.160
10486.280412 71.137
10562.268322 71.113
10638.806873 71.088
10715.900053 71.063
10793.551882 71.037
10871.766408 71.011
10950.547709 70.983
11029.899892 70.955
11109.827094 70.926
11190.333480 70.895
11271.423250 70.863
11353.100629 70.830
11435.369876 70.795
11518.235280 70.759
11601.701161 70.722
11685.771870 70.684
11770.451790 70.645
11855.745336 70.604
11941.656954 70.562
12028.191123 70.520
12115.352354 70.477
12203.145191 70.433
12291.574212 70.389
12380.644026 70.345
12470.359276 70.301
12560.724640 70.257
12651.744828 70.213
12743.424587 70.170
12835.768694 70.127
12928.781965 70.085
13022.469249 70.044
13116.835429 70.003
13211.885426 69.962
13307.624194 69.922
13404.056725 69.882
13501.188045 69.841
13599.023219 69.800
13697.567347 69.759
13796.825567 69.717
13896.803052 69.675
13997.505016 69.633
14098.936707 69.591
14201.103415 69.548
14304.010464 69.507
14407.663220 69.466
14512.067087 69.425
14617.227507 69.386
14723.149963 69.349
14829.839977 69.313
14937.303111 69.278
15045.544967 69.246
15154.571188 69.215
15264.387458 69.186
15374.999502 69.158
15486.413086 69.132
15598.634019 69.108
15711.668151 69.085
15825.521375 69.063
15940.199627 69.042
16055.708884 69.022
16172.055169 69.004
16289.244548 68.987
16407.283129 68.971
16526.177066 68.957
16645.932557 68.944
16766.555846 68.933
16888.053221 68.923
17010.431017 68.915
17133.695612 68.908
17257.853433 68.902
17382.910953 68.898
17508.874692 68.893
17635.751215 68.887
17763.547139 68.877
17892.269124 68.862
18021.923881 68.845
18152.518171 68.825
18284.058800 68.801
18416.552628 68.771
18550.006560 68.733
18684.427554 68.686
18819.822618 68.627
18956.198811 68.554
19093.563242 68.464
19231.923072 68.355
19371.285514 68.222
19511.657834 68.063
19653.047350 67.872
19795.461433 67.645
19938.907506 67.376
20083.393050 67.054
20228.925594 66.673
20375.512728 66.230
20523.162093 65.718
20671.881385 65.128
20821.678359 64.449
20972.560824 63.671
21124.536645 62.779
21277.613745 61.760
21431.800106 60.596
21587.103764 59.269
21743.532817 57.757
21901.095419 56.035
22059.799784 54.074
22219.654187 51.842
22380.666961 49.301
22542.846499 46.408
22706.201258 43.112
22870.739752 39.359
23036.470560 35.090
23203.402322 30.244
23371.543740 24.773
23540.903581 18.652
23711.490672 11.901
23883.313908 4.815
24056.382246 0.407
