* Measurement data measured by REW V5.40 beta 133
* Source: U18dB [plughw:3,0], Mic (Mic), R, Volume: 1.000. Timing signal peak level -25.9 dBFS, measurement signal peak level -14.6 dBFS
* Format: 512k Log Swept Sine, 1 sweep at -12.0 dBFS using an acoustic timing reference
* Dated: Sep 10, 2026, 11:15:23 AM
* REW Settings:
*  C-weighting compensation: Off
*  Target level: 75.0 dB
* Note: ; 10 sept 2026  Position MLP+20cm AHEAD 3.98m from front wall 3.13/3.14m from RLand L speaker  2 screen panels prolongation - new setup DAC level -29dB MIC HEIGHT: 1.000m mic boom arm height: 1.040 -12dBFS OKTO -28dB DELAY 0.0040 ms (1.4 mm, 0.05 in) using estimated IR delay relative to Acoustic reference played from DAC8STEREO L with no timing offset Clock adjustment: -17.2 ppm
* Measurement: R 120.green.1
* Smoothing: 1/48 octave
* Frequency Step: 96 ppo
* Start Frequency: 15.014648 Hz
*
* Freq(Hz) SPL(dB) Phase(degrees)
15.014648 67.630 -158.3586
15.123451 67.816 -159.9264
15.233042 68.043 -161.4959
15.343426 68.278 -163.0720
15.454611 68.516 -164.6565
15.566602 68.757 -166.2437
15.679404 68.996 -167.8329
15.793023 69.232 -169.4247
15.907466 69.467 -171.0213
16.022738 69.698 -172.6191
16.138845 69.922 -174.2146
16.255794 70.142 -175.8151
16.373590 70.355 -177.4187
16.492240 70.559 -179.0174
16.611750 70.756 179.3799
16.732125 70.945 177.7717
16.853373 71.124 176.1691
16.975500 71.295 174.5629
17.098511 71.457 172.9497
17.222414 71.610 171.3425
17.347215 71.755 169.7320
17.472920 71.891 168.1146
17.599536 72.019 166.5044
17.727069 72.138 164.8889
17.855527 72.250 163.2692
17.984915 72.354 161.6583
18.115241 72.452 160.0421
18.246512 72.543 158.4260
18.378734 72.628 156.8199
18.511914 72.706 155.2100
18.646058 72.779 153.6054
18.781175 72.848 152.0093
18.917272 72.911 150.4122
19.054354 72.970 148.8251
19.192430 73.026 147.2438
19.331506 73.078 145.6664
19.471590 73.128 144.0998
19.612689 73.176 142.5370
19.754811 73.222 140.9817
19.897962 73.267 139.4343
20.042151 73.313 137.8920
20.187385 73.360 136.3574
20.333671 73.409 134.8290
20.481017 73.459 133.3068
20.629431 73.514 131.7900
20.778920 73.572 130.2795
20.929493 73.635 128.7730
21.081157 73.703 127.2717
21.233919 73.777 125.7745
21.387789 73.856 124.2796
21.542774 73.940 122.7889
21.698882 74.030 121.2969
21.856121 74.124 119.8065
22.014499 74.224 118.3124
22.174025 74.327 116.8145
22.334708 74.433 115.3105
22.496554 74.542 113.7943
22.659573 74.651 112.2680
22.823774 74.762 110.7240
22.989164 74.873 109.1632
23.155753 74.982 107.5795
23.323549 75.090 105.9708
23.492562 75.195 104.3352
23.662798 75.298 102.6673
23.834269 75.397 100.9690
24.006982 75.492 99.2330
24.180946 75.583 97.4636
24.356171 75.668 95.6532
24.532666 75.748 93.8066
24.710440 75.822 91.9180
24.889502 75.890 89.9913
25.069862 75.951 88.0234
25.251528 76.006 86.0164
25.434511 76.053 83.9694
25.618820 76.093 81.8837
25.804465 76.125 79.7599
25.991454 76.148 77.5999
26.179799 76.162 75.4040
26.369509 76.168 73.1766
26.560593 76.163 70.9160
26.753062 76.149 68.6315
26.946926 76.125 66.3189
27.142194 76.090 63.9927
27.338878 76.044 61.6463
27.536987 75.986 59.2990
27.736531 75.915 56.9420
27.937521 75.833 54.5981
28.139968 75.737 52.2595
28.343882 75.629 49.9482
28.549273 75.506 47.6616
28.756153 75.370 45.4137
28.964532 75.219 43.2119
29.174421 75.055 41.0617
29.385831 74.878 38.9769
29.598773 74.688 36.9598
29.813258 74.485 35.0229
30.029297 74.271 33.1703
30.246902 74.046 31.4110
30.466083 73.812 29.7486
30.686853 73.570 28.1912
30.909222 73.323 26.7384
31.133203 73.071 25.3965
31.358807 72.817 24.1650
31.586046 72.562 23.0404
31.814932 72.308 22.0280
32.045476 72.058 21.1141
32.277691 71.812 20.2980
32.511588 71.572 19.5751
32.747180 71.340 18.9289
32.984480 71.115 18.3574
33.223499 70.898 17.8488
33.464250 70.690 17.3905
33.706746 70.490 16.9790
33.950999 70.298 16.6036
34.197022 70.113 16.2581
34.444828 69.934 15.9404
34.694429 69.759 15.6453
34.945839 69.590 15.3696
35.199071 69.423 15.1191
35.454138 69.259 14.9042
35.711054 69.097 14.7289
35.969831 68.940 14.5938
36.230483 68.787 14.5009
36.493024 68.640 14.4531
36.757467 68.499 14.4519
37.023827 68.366 14.4980
37.292117 68.242 14.5887
37.562351 68.129 14.7179
37.834543 68.030 14.8775
38.108708 67.945 15.0569
38.384859 67.877 15.2389
38.663012 67.827 15.4026
38.943180 67.795 15.5273
39.225378 67.781 15.5901
39.509622 67.785 15.5642
39.795925 67.805 15.4210
40.084302 67.840 15.1371
40.374770 67.886 14.6896
40.667342 67.941 14.0569
40.962034 68.000 13.2183
41.258862 68.061 12.1582
41.557841 68.119 10.8647
41.858986 68.170 9.3280
42.162313 68.209 7.5398
42.467839 68.233 5.4929
42.775578 68.239 3.1833
43.085548 68.222 0.6078
43.397763 68.179 -2.2374
43.712242 68.107 -5.3566
44.028998 68.002 -8.7552
44.348051 67.861 -12.4407
44.669415 67.681 -16.4220
44.993108 67.460 -20.7081
45.319147 67.193 -25.3146
45.647548 66.877 -30.2635
45.978329 66.510 -35.5848
46.311507 66.089 -41.3195
46.647099 65.611 -47.5226
46.985123 65.077 -54.2688
47.325597 64.488 -61.6561
47.668537 63.850 -69.8097
48.013963 63.177 -78.8815
48.361892 62.498 -89.0362
48.712342 61.854 -100.4128
49.065332 61.310 -113.0450
49.420880 60.941 -126.7477
49.779004 60.810 -141.0437
50.139723 60.942 -155.2391
50.503056 61.306 -168.6514
50.869022 61.837 179.1664
51.237640 62.458 168.3715
51.608929 63.108 158.9140
51.982909 63.746 150.6477
52.359598 64.347 143.4055
52.739018 64.897 137.0359
53.121186 65.395 131.4135
53.506124 65.838 126.4413
53.893852 66.231 122.0435
54.284389 66.580 118.1619
54.677756 66.892 114.7515
55.073973 67.172 111.7739
55.473062 67.430 109.1945
55.875043 67.672 106.9793
56.279936 67.908 105.0930
56.687764 68.143 103.4962
57.098547 68.384 102.1451
57.512306 68.637 100.9920
57.929064 68.904 99.9859
58.348842 69.189 99.0745
58.771662 69.491 98.2076
59.197546 69.810 97.3388
59.626515 70.143 96.4275
60.058594 70.486 95.4417
60.493803 70.837 94.3590
60.932166 71.190 93.1657
61.373706 71.542 91.8554
61.818445 71.888 90.4285
62.266407 72.226 88.8921
62.717615 72.553 87.2579
63.172093 72.866 85.5395
63.629864 73.165 83.7532
64.090952 73.448 81.9166
64.555381 73.716 80.0471
65.023176 73.967 78.1597
65.494361 74.204 76.2693
65.968960 74.428 74.3893
66.446998 74.640 72.5283
66.928501 74.841 70.6928
67.413492 75.035 68.8858
67.901998 75.223 67.1063
68.394044 75.407 65.3504
68.889655 75.588 63.6105
69.388858 75.768 61.8763
69.891679 75.948 60.1348
70.398142 76.129 58.3710
70.908276 76.311 56.5706
71.422107 76.492 54.7186
71.939661 76.672 52.8005
72.460965 76.849 50.8057
72.986047 77.021 48.7234
73.514934 77.186 46.5471
74.047654 77.341 44.2734
74.584234 77.484 41.9012
75.124702 77.612 39.4348
75.669086 77.722 36.8787
76.217416 77.811 34.2435
76.769719 77.877 31.5396
77.326024 77.917 28.7838
77.886360 77.929 25.9916
78.450757 77.912 23.1851
79.019243 77.864 20.3843
79.591849 77.784 17.6157
80.168605 77.670 14.9037
80.749539 77.522 12.2788
81.334684 77.341 9.7712
81.924068 77.127 7.4139
82.517724 76.881 5.2425
83.115681 76.607 3.2935
83.717972 76.305 1.6055
84.324627 75.983 0.2174
84.935678 75.645 -0.8333
85.551157 75.299 -1.5128
86.171096 74.956 -1.7949
86.795527 74.625 -1.6650
87.424483 74.322 -1.1279
88.057997 74.058 -0.2128
88.696102 73.847 1.0249
89.338830 73.699 2.5031
89.986216 73.623 4.1171
90.638293 73.618 5.7538
91.295096 73.683 7.3049
91.956658 73.808 8.6786
92.623013 73.985 9.8085
93.294198 74.200 10.6552
93.970246 74.443 11.2039
94.651193 74.704 11.4587
95.337075 74.974 11.4365
96.027927 75.247 11.1613
96.723785 75.518 10.6598
97.424685 75.784 9.9579
98.130664 76.043 9.0790
98.841760 76.295 8.0433
99.558008 76.539 6.8676
100.279446 76.772 5.5648
101.006112 76.998 4.1449
101.738044 77.214 2.6145
102.475280 77.421 0.9789
103.217858 77.618 -0.7576
103.965817 77.805 -2.5918
104.719197 77.982 -4.5208
105.478035 78.147 -6.5417
106.242372 78.300 -8.6509
107.012248 78.440 -10.8439
107.787703 78.566 -13.1159
108.568777 78.677 -15.4611
109.355511 78.772 -17.8720
110.147947 78.850 -20.3409
110.946124 78.911 -22.8591
111.750085 78.954 -25.4172
112.559873 78.977 -28.0047
113.375528 78.982 -30.6114
114.197094 78.967 -33.2261
115.024613 78.932 -35.8369
115.858129 78.878 -38.4326
116.697684 78.804 -41.0013
117.543324 78.711 -43.5319
118.395091 78.599 -46.0135
119.253031 78.471 -48.4354
120.117188 78.326 -50.7878
120.987606 78.167 -53.0616
121.864332 77.993 -55.2498
122.747411 77.808 -57.3459
123.636890 77.613 -59.3453
124.532814 77.410 -61.2449
125.435230 77.200 -63.0436
126.344185 76.987 -64.7423
127.259727 76.771 -66.3439
128.181904 76.556 -67.8531
129.110763 76.342 -69.2767
130.046352 76.130 -70.6234
130.988722 75.924 -71.9031
131.937920 75.723 -73.1271
132.893997 75.527 -74.3068
133.857001 75.338 -75.4542
134.826984 75.154 -76.5809
135.803996 74.976 -77.6975
136.788088 74.802 -78.8137
137.779311 74.631 -79.9370
138.777717 74.463 -81.0731
139.783357 74.296 -82.2264
140.796285 74.129 -83.3994
141.816553 73.961 -84.5928
142.844214 73.791 -85.8068
143.879322 73.617 -87.0406
144.921931 73.440 -88.2941
145.972095 73.259 -89.5669
147.029869 73.073 -90.8588
148.095308 72.880 -92.1704
149.168468 72.682 -93.5024
150.249404 72.476 -94.8566
151.338173 72.263 -96.2355
152.434832 72.041 -97.6414
153.539437 71.809 -99.0768
154.652047 71.565 -100.5450
155.772720 71.308 -102.0485
156.901513 71.035 -103.5895
158.038486 70.744 -105.1684
159.183698 70.431 -106.7845
160.337209 70.093 -108.4360
161.499079 69.726 -110.1180
162.669367 69.324 -111.8221
163.848137 68.882 -113.5358
165.035448 68.393 -115.2401
166.231363 67.847 -116.9078
167.435944 67.235 -118.5000
168.649254 66.545 -119.9600
169.871356 65.762 -121.2053
171.102314 64.869 -122.1131
172.342191 63.843 -122.4927
173.591054 62.659 -122.0377
174.848966 61.293 -120.2367
176.115994 59.740 -116.2053
177.392203 58.068 -108.4489
178.677660 56.569 -94.9805
179.972432 55.895 -75.6406
181.276587 56.534 -55.9394
182.590191 58.068 -41.9193
183.913315 59.823 -33.9099
185.246027 61.471 -29.9445
186.588396 62.928 -28.4522
187.940492 64.196 -28.4921
189.302387 65.297 -29.5195
190.674150 66.254 -31.2088
192.055853 67.088 -33.3564
193.447569 67.816 -35.8285
194.849370 68.451 -38.5341
196.261329 69.005 -41.4082
197.683519 69.486 -44.4025
199.116016 69.902 -47.4794
200.558892 70.258 -50.6085
202.012225 70.560 -53.7655
203.476089 70.812 -56.9299
204.950560 71.017 -60.0831
206.435716 71.178 -63.2088
207.931635 71.299 -66.2921
209.438393 71.381 -69.3188
210.956070 71.428 -72.2746
212.484745 71.440 -75.1454
214.024497 71.421 -77.9169
215.575406 71.373 -80.5740
217.137555 71.297 -83.1009
218.711023 71.196 -85.4807
220.295893 71.074 -87.6968
221.892248 70.932 -89.7324
223.500171 70.777 -91.5726
225.119745 70.612 -93.2047
226.751056 70.443 -94.6193
228.394187 70.275 -95.8135
230.049226 70.115 -96.7923
231.716257 69.970 -97.5696
233.395369 69.845 -98.1701
235.086648 69.746 -98.6291
236.790182 69.678 -98.9907
238.506062 69.642 -99.3044
240.234375 69.638 -99.6218
241.975212 69.666 -99.9930
243.728664 69.721 -100.4619
245.494823 69.800 -101.0637
247.273780 69.897 -101.8239
249.065627 70.005 -102.7573
250.870459 70.119 -103.8699
252.688370 70.235 -105.1594
254.519454 70.346 -106.6178
256.363807 70.449 -108.2320
258.221525 70.541 -109.9860
260.092705 70.619 -111.8619
261.977444 70.680 -113.8404
263.875840 70.723 -115.9021
265.787993 70.747 -118.0269
267.714003 70.752 -120.1953
269.653969 70.736 -122.3878
271.607992 70.700 -124.5856
273.576176 70.645 -126.7706
275.558622 70.571 -128.9242
277.555433 70.478 -131.0287
279.566714 70.370 -133.0676
281.592570 70.246 -135.0259
283.633106 70.110 -136.8892
285.688428 69.964 -138.6464
287.758644 69.811 -140.2892
289.843862 69.653 -141.8125
291.944190 69.495 -143.2151
294.059738 69.338 -144.5005
296.190616 69.185 -145.6753
298.336935 69.039 -146.7491
300.498808 68.902 -147.7346
302.676346 68.774 -148.6455
304.869664 68.657 -149.4944
307.078875 68.550 -150.2930
309.304095 68.453 -151.0500
311.545440 68.366 -151.7715
313.803027 68.288 -152.4602
316.076973 68.220 -153.1165
318.367397 68.161 -153.7393
320.674418 68.111 -154.3267
322.998157 68.073 -154.8784
325.338735 68.046 -155.3960
327.696273 68.032 -155.8844
330.070896 68.034 -156.3511
332.462726 68.051 -156.8079
334.871888 68.085 -157.2683
337.298507 68.136 -157.7474
339.742711 68.203 -158.2595
342.204627 68.285 -158.8181
344.684383 68.382 -159.4332
347.182108 68.490 -160.1125
349.697933 68.611 -160.8600
352.231988 68.741 -161.6775
354.784406 68.880 -162.5642
357.355320 69.027 -163.5198
359.944864 69.182 -164.5439
362.553173 69.344 -165.6379
365.180383 69.513 -166.8044
367.826630 69.690 -168.0486
370.492054 69.874 -169.3779
373.176792 70.063 -170.8010
375.880985 70.258 -172.3276
378.604773 70.456 -173.9663
381.348300 70.656 -175.7244
384.111707 70.856 -177.6069
386.895138 71.051 -179.6163
389.698740 71.241 178.2495
392.522658 71.421 175.9960
395.367039 71.590 173.6324
398.232031 71.745 171.1719
401.117785 71.883 168.6316
404.024450 72.005 166.0293
406.952177 72.108 163.3848
409.901120 72.194 160.7161
412.871433 72.261 158.0416
415.863270 72.310 155.3787
418.876786 72.343 152.7437
421.912140 72.360 150.1509
424.969489 72.363 147.6127
428.048993 72.354 145.1389
431.150813 72.335 142.7386
434.275109 72.307 140.4177
437.422046 72.272 138.1791
440.591786 72.234 136.0244
443.784496 72.192 133.9537
447.000341 72.151 131.9641
450.239490 72.110 130.0510
453.502111 72.072 128.2087
456.788374 72.038 126.4302
460.098451 72.010 124.7068
463.432514 71.988 123.0281
466.790737 71.973 121.3818
470.173295 71.966 119.7556
473.580365 71.966 118.1356
477.012124 71.973 116.5085
480.468750 71.986 114.8606
483.950425 72.005 113.1796
487.457329 72.025 111.4556
490.989646 72.047 109.6814
494.547559 72.067 107.8538
498.131254 72.082 105.9733
501.740919 72.091 104.0447
505.376740 72.090 102.0769
509.038909 72.078 100.0823
512.727614 72.054 98.0769
516.443050 72.016 96.0785
520.185409 71.964 94.1074
523.954887 71.898 92.1840
527.751680 71.819 90.3289
531.575987 71.730 88.5612
535.428005 71.632 86.8979
539.307937 71.528 85.3521
543.215985 71.423 83.9319
547.152352 71.320 82.6404
551.117243 71.225 81.4727
555.110866 71.140 80.4158
559.133428 71.070 79.4498
563.185140 71.018 78.5466
567.266211 70.985 77.6724
571.376856 70.972 76.7911
575.517288 70.977 75.8661
579.687724 70.999 74.8635
583.888380 71.032 73.7552
588.119476 71.073 72.5205
592.381232 71.116 71.1484
596.673871 71.154 69.6372
600.997615 71.184 67.9944
605.352692 71.199 66.2346
609.739327 71.197 64.3801
614.157750 71.172 62.4580
618.608190 71.123 60.5002
623.090880 71.049 58.5404
627.606053 70.950 56.6138
632.153945 70.826 54.7554
636.734793 70.679 52.9980
641.348836 70.514 51.3710
645.996314 70.333 49.8977
650.677470 70.143 48.5947
655.392547 69.949 47.4675
660.141792 69.755 46.5112
664.925451 69.568 45.7106
669.743775 69.392 45.0414
674.597014 69.228 44.4714
679.485423 69.079 43.9677
684.409254 68.943 43.4972
689.368766 68.819 43.0319
694.364216 68.703 42.5497
699.395865 68.592 42.0376
704.463976 68.480 41.4921
709.568812 68.365 40.9182
714.710640 68.241 40.3292
719.889728 68.107 39.7446
725.106346 67.958 39.1917
730.360766 67.795 38.7007
735.653261 67.616 38.3064
740.984108 67.423 38.0450
746.353584 67.218 37.9541
751.761970 67.005 38.0691
757.209547 66.791 38.4209
762.696599 66.583 39.0315
768.223413 66.389 39.9100
773.790277 66.218 41.0499
779.397480 66.082 42.4247
785.045315 65.986 43.9896
790.734077 65.939 45.6835
796.464062 65.943 47.4355
802.235569 65.999 49.1738
808.048899 66.102 50.8326
813.904354 66.248 52.3584
819.802241 66.432 53.7124
825.742866 66.645 54.8716
831.726539 66.882 55.8247
837.753572 67.137 56.5706
843.824280 67.404 57.1138
849.938979 67.681 57.4619
856.097987 67.964 57.6230
862.301626 68.250 57.6047
868.550219 68.537 57.4133
874.844092 68.824 57.0552
881.183573 69.108 56.5350
887.568992 69.388 55.8573
894.000683 69.661 55.0286
900.478980 69.926 54.0557
907.004222 70.180 52.9463
913.576749 70.423 51.7100
920.196903 70.652 50.3574
926.865029 70.867 48.9000
933.581475 71.067 47.3501
940.346591 71.250 45.7205
947.160730 71.416 44.0232
954.024247 71.565 42.2709
960.937500 71.696 40.4753
967.900849 71.811 38.6479
974.914658 71.908 36.7987
981.979291 71.988 34.9374
989.095118 72.053 33.0741
996.262509 72.101 31.2178
1003.481838 72.133 29.3766
1010.753481 72.151 27.5583
1018.077817 72.156 25.7703
1025.455229 72.148 24.0195
1032.886100 72.128 22.3125
1040.370819 72.097 20.6542
1047.909774 72.056 19.0494
1055.503361 72.007 17.5024
1063.151973 71.950 16.0160
1070.856010 71.888 14.5914
1078.615875 71.822 13.2284
1086.431970 71.751 11.9257
1094.304704 71.679 10.6812
1102.234487 71.607 9.4895
1110.221732 71.535 8.3442
1118.266856 71.465 7.2388
1126.370279 71.395 6.1643
1134.532422 71.328 5.1116
1142.753712 71.264 4.0698
1151.034577 71.200 3.0289
1159.375448 71.138 1.9797
1167.776760 71.075 0.9135
1176.238952 71.011 -0.1786
1184.762464 70.943 -1.3021
1193.347741 70.870 -2.4602
1201.995231 70.789 -3.6542
1210.705384 70.697 -4.8821
1219.478654 70.592 -6.1372
1228.315499 70.471 -7.4098
1237.216380 70.332 -8.6860
1246.181760 70.172 -9.9471
1255.212106 69.989 -11.1693
1264.307891 69.782 -12.3243
1273.469587 69.550 -13.3788
1282.697672 69.291 -14.2944
1291.992628 69.007 -15.0283
1301.354940 68.700 -15.5330
1310.785094 68.374 -15.7581
1320.283583 68.035 -15.6519
1329.850902 67.691 -15.1631
1339.487550 67.354 -14.2499
1349.194029 67.038 -12.8867
1358.970845 66.761 -11.0747
1368.818508 66.542 -8.8528
1378.737531 66.398 -6.3042
1388.728432 66.343 -3.5570
1398.791730 66.384 -0.7706
1408.927952 66.519 1.8883
1419.137625 66.738 4.2714
1429.421281 67.025 6.2682
1439.779457 67.361 7.8147
1450.212692 67.730 8.8878
1460.721531 68.113 9.4984
1471.306521 68.499 9.6792
1481.968215 68.877 9.4739
1492.707168 69.240 8.9305
1503.523939 69.583 8.0963
1514.419093 69.903 7.0149
1525.393198 70.198 5.7255
1536.446826 70.467 4.2628
1547.580553 70.711 2.6561
1558.794960 70.928 0.9304
1570.090631 71.120 -0.8931
1581.468155 71.286 -2.7954
1592.928125 71.428 -4.7605
1604.471139 71.545 -6.7736
1616.097798 71.638 -8.8210
1627.808709 71.708 -10.8900
1639.604482 71.754 -12.9677
1651.485732 71.777 -15.0416
1663.453078 71.777 -17.0989
1675.507145 71.756 -19.1263
1687.648560 71.713 -21.1101
1699.877958 71.650 -23.0363
1712.195974 71.567 -24.8914
1724.603252 71.467 -26.6613
1737.100438 71.349 -28.3331
1749.688184 71.218 -29.8944
1762.367146 71.074 -31.3351
1775.137984 70.921 -32.6469
1788.001366 70.760 -33.8236
1800.957961 70.597 -34.8624
1814.008445 70.432 -35.7632
1827.153498 70.269 -36.5298
1840.393805 70.111 -37.1693
1853.730057 69.960 -37.6919
1867.162949 69.820 -38.1100
1880.693182 69.691 -38.4382
1894.321460 69.574 -38.6919
1908.048494 69.471 -38.8866
1921.875000 69.382 -39.0378
1935.801698 69.307 -39.1604
1949.829316 69.246 -39.2675
1963.958583 69.198 -39.3706
1978.190236 69.163 -39.4813
1992.525018 69.140 -39.6090
2006.963676 69.129 -39.7627
2021.506962 69.128 -39.9498
2036.155634 69.136 -40.1770
2050.910458 69.152 -40.4513
2065.772200 69.175 -40.7786
2080.741637 69.204 -41.1632
2095.819549 69.238 -41.6090
2111.006721 69.275 -42.1185
2126.303946 69.313 -42.6927
2141.712021 69.351 -43.3308
2157.231749 69.388 -44.0309
2172.863940 69.422 -44.7888
2188.609407 69.452 -45.5988
2204.468973 69.477 -46.4546
2220.443464 69.495 -47.3484
2236.533713 69.507 -48.2714
2252.740558 69.511 -49.2137
2269.064845 69.508 -50.1660
2285.507424 69.498 -51.1179
2302.069153 69.480 -52.0597
2318.750895 69.456 -52.9812
2335.553520 69.426 -53.8738
2352.477904 69.392 -54.7301
2369.524928 69.355 -55.5441
2386.695483 69.316 -56.3114
2403.990462 69.277 -57.0297
2421.410768 69.241 -57.6992
2438.957308 69.207 -58.3234
2456.630998 69.179 -58.9080
2474.432759 69.158 -59.4606
2492.363519 69.144 -59.9908
2510.424213 69.139 -60.5100
2528.615781 69.142 -61.0302
2546.939174 69.154 -61.5631
2565.395345 69.175 -62.1202
2583.985257 69.202 -62.7111
2602.709879 69.235 -63.3441
2621.570188 69.274 -64.0256
2640.567166 69.316 -64.7605
2659.701804 69.360 -65.5509
2678.975100 69.405 -66.3978
2698.388058 69.449 -67.2996
2717.941690 69.491 -68.2537
2737.637016 69.530 -69.2557
2757.475062 69.564 -70.3009
2777.456863 69.593 -71.3820
2797.583461 69.615 -72.4907
2817.855904 69.631 -73.6182
2838.275249 69.639 -74.7551
2858.842562 69.641 -75.8911
2879.558913 69.636 -77.0156
2900.425384 69.625 -78.1189
2921.443062 69.609 -79.1925
2942.613043 69.590 -80.2300
2963.936430 69.569 -81.2269
2985.414335 69.548 -82.1809
3007.047878 69.529 -83.0933
3028.838187 69.513 -83.9688
3050.786397 69.502 -84.8146
3072.893653 69.497 -85.6405
3095.161107 69.498 -86.4576
3117.589920 69.507 -87.2791
3140.181262 69.522 -88.1172
3162.936310 69.543 -88.9833
3185.856250 69.569 -89.8866
3208.942278 69.598 -90.8341
3232.195596 69.628 -91.8298
3255.617418 69.658 -92.8751
3279.208964 69.686 -93.9668
3302.971464 69.710 -95.1005
3326.906156 69.729 -96.2687
3351.014290 69.742 -97.4626
3375.297121 69.748 -98.6711
3399.755915 69.746 -99.8834
3424.391948 69.737 -101.0880
3449.206504 69.721 -102.2728
3474.200876 69.699 -103.4270
3499.376367 69.671 -104.5420
3524.734291 69.640 -105.6094
3550.275969 69.607 -106.6235
3576.002732 69.573 -107.5817
3601.915922 69.540 -108.4836
3628.016889 69.511 -109.3324
3654.306995 69.487 -110.1337
3680.787610 69.469 -110.8961
3707.460115 69.459 -111.6294
3734.325899 69.456 -112.3451
3761.386364 69.460 -113.0549
3788.642920 69.473 -113.7690
3816.096988 69.492 -114.4962
3843.750000 69.517 -115.2433
3871.603397 69.547 -116.0150
3899.658631 69.580 -116.8132
3927.917165 69.616 -117.6385
3956.380472 69.653 -118.4886
3985.050036 69.692 -119.3621
4013.927351 69.731 -120.2567
4043.013923 69.772 -121.1707
4072.311269 69.812 -122.1023
4101.820915 69.852 -123.0514
4131.544400 69.893 -124.0184
4161.483274 69.934 -125.0051
4191.639097 69.974 -126.0137
4222.013442 70.014 -127.0457
4252.607892 70.052 -128.1027
4283.424042 70.088 -129.1848
4314.463498 70.121 -130.2920
4345.727879 70.149 -131.4221
4377.218815 70.173 -132.5713
4408.937947 70.191 -133.7341
4440.886929 70.202 -134.9032
4473.067426 70.206 -136.0708
4505.481116 70.203 -137.2285
4538.129690 70.194 -138.3682
4571.014848 70.177 -139.4819
4604.138306 70.155 -140.5630
4637.501790 70.128 -141.6055
4671.107040 70.096 -142.6052
4704.955807 70.060 -143.5602
4739.049856 70.022 -144.4683
4773.390965 69.983 -145.3286
4807.980924 69.941 -146.1411
4842.821536 69.899 -146.9058
4877.914617 69.857 -147.6229
4913.261997 69.816 -148.2919
4948.865519 69.776 -148.9122
4984.727038 69.737 -149.4839
5020.848425 69.701 -150.0071
5057.231563 69.668 -150.4835
5093.878347 69.640 -150.9163
5130.790689 69.616 -151.3097
5167.970514 69.598 -151.6692
5205.419759 69.587 -152.0009
5243.140376 69.582 -152.3126
5281.134332 69.584 -152.6119
5319.403609 69.591 -152.9052
5357.950200 69.605 -153.1975
5396.776116 69.623 -153.4937
5435.883380 69.645 -153.7959
5475.274032 69.671 -154.1055
5514.950125 69.701 -154.4227
5554.913727 69.733 -154.7474
5595.166922 69.767 -155.0800
5635.711808 69.804 -155.4198
5676.550498 69.843 -155.7668
5717.685123 69.884 -156.1221
5759.117827 69.926 -156.4866
5800.850769 69.970 -156.8607
5842.886124 70.016 -157.2461
5885.226086 70.062 -157.6436
5927.872860 70.109 -158.0536
5970.828671 70.157 -158.4769
6014.095756 70.204 -158.9144
6057.676373 70.251 -159.3666
6101.572794 70.297 -159.8334
6145.787305 70.342 -160.3147
6190.322213 70.385 -160.8093
6235.179840 70.425 -161.3164
6280.362523 70.462 -161.8335
6325.872619 70.495 -162.3569
6371.712500 70.524 -162.8822
6417.884555 70.549 -163.4037
6464.391192 70.568 -163.9147
6511.234836 70.583 -164.4080
6558.417927 70.593 -164.8756
6605.942927 70.599 -165.3107
6653.812313 70.603 -165.7065
6702.028580 70.605 -166.0586
6750.594241 70.606 -166.3635
6799.511830 70.608 -166.6204
6848.783896 70.613 -166.8302
6898.413007 70.621 -166.9973
6948.401751 70.635 -167.1290
6998.752735 70.655 -167.2340
7049.468582 70.682 -167.3226
7100.551937 70.717 -167.4060
7152.005464 70.758 -167.4967
7203.831844 70.806 -167.6060
7256.033779 70.859 -167.7429
7308.613991 70.916 -167.9149
7361.575220 70.975 -168.1262
7414.920229 71.035 -168.3783
7468.651798 71.094 -168.6702
7522.772727 71.151 -168.9982
7577.285840 71.205 -169.3568
7632.193976 71.255 -169.7386
7687.500000 71.299 -170.1364
7743.206794 71.339 -170.5417
7799.317262 71.374 -170.9474
7855.834330 71.404 -171.3458
7912.760944 71.430 -171.7302
7970.100072 71.453 -172.0964
8027.854702 71.474 -172.4417
8086.027847 71.493 -172.7638
8144.622538 71.512 -173.0638
8203.641830 71.530 -173.3442
8263.088801 71.550 -173.6084
8322.966548 71.572 -173.8604
8383.278195 71.595 -174.1055
8444.026884 71.619 -174.3484
8505.215784 71.646 -174.5928
8566.848084 71.674 -174.8425
8628.926996 71.703 -175.1014
8691.455758 71.733 -175.3717
8754.437630 71.763 -175.6556
8817.875894 71.793 -175.9545
8881.773857 71.821 -176.2689
8946.134852 71.849 -176.5994
9010.962233 71.876 -176.9457
9076.259380 71.900 -177.3074
9142.029697 71.922 -177.6833
9208.276612 71.940 -178.0721
9275.003581 71.955 -178.4714
9342.214080 71.967 -178.8793
9409.911614 71.975 -179.2930
9478.099713 71.978 -179.7097
9546.781930 71.977 179.8735
9615.961848 71.972 179.4600
9685.643071 71.962 179.0529
9755.829233 71.948 178.6554
9826.523994 71.930 178.2708
9897.731037 71.908 177.9021
9969.454076 71.882 177.5521
10041.696850 71.854 177.2228
10114.463125 71.823 176.9159
10187.756694 71.791 176.6323
10261.581379 71.757 176.3713
10335.941028 71.722 176.1329
10410.839517 71.687 175.9155
10486.280752 71.652 175.7169
10562.268665 71.617 175.5345
10638.807218 71.583 175.3656
10715.900400 71.550 175.2072
10793.552232 71.518 175.0565
10871.766761 71.487 174.9111
10950.548064 71.456 174.7686
11029.900250 71.426 174.6271
11109.827454 71.396 174.4852
11190.333843 71.366 174.3429
11271.423615 71.336 174.1993
11353.100997 71.306 174.0541
11435.370247 71.276 173.9072
11518.235653 71.245 173.7585
11601.701537 71.214 173.6080
11685.772249 71.183 173.4556
11770.452172 71.150 173.3013
11855.745720 71.117 173.1454
11941.657341 71.084 172.9882
12028.191513 71.050 172.8290
12115.352747 71.015 172.6676
12203.145587 70.980 172.5040
12291.574610 70.944 172.3380
12380.644427 70.907 172.1687
12470.359680 70.870 171.9956
12560.725047 70.832 171.8184
12651.745238 70.793 171.6362
12743.425000 70.754 171.4484
12835.769110 70.714 171.2544
12928.782385 70.673 171.0536
13022.469671 70.632 170.8457
13116.835855 70.589 170.6298
13211.885854 70.544 170.4055
13307.624625 70.499 170.1725
13404.057159 70.452 169.9309
13501.188483 70.403 169.6813
13599.023660 70.353 169.4259
13697.567791 70.300 169.1667
13796.826014 70.246 168.9053
13896.803503 70.190 168.6440
13997.505470 70.132 168.3854
14098.937164 70.073 168.1311
14201.103875 70.013 167.8823
14304.010928 69.954 167.6395
14407.663687 69.894 167.4031
14512.067557 69.835 167.1726
14617.227981 69.778 166.9467
14723.150441 69.723 166.7225
14829.840458 69.671 166.4979
14937.303595 69.622 166.2694
15045.545455 69.576 166.0317
15154.571679 69.534 165.7805
15264.387953 69.497 165.5111
15375.000000 69.463 165.2179
15486.413588 69.434 164.8953
15598.634525 69.410 164.5385
15711.668661 69.389 164.1423
15825.521888 69.372 163.7019
15940.200144 69.358 163.2129
16055.709405 69.348 162.6708
16172.055694 69.341 162.0720
16289.245076 69.336 161.4127
16407.283660 69.333 160.6893
16526.177601 69.331 159.8989
16645.933097 69.331 159.0388
16766.556390 69.330 158.1058
16888.053769 69.330 157.0975
17010.431568 69.330 156.0121
17133.696167 69.328 154.8468
17257.853993 69.325 153.5983
17382.911517 69.320 152.2666
17508.875259 69.312 150.8523
17635.751787 69.300 149.3368
17763.547714 69.281 147.7208
17892.269704 69.254 146.0525
18021.924466 69.223 144.3224
18152.518759 69.187 142.5116
18284.059393 69.146 140.6182
18416.553225 69.097 138.6392
18550.007161 69.041 136.5725
18684.428160 68.975 134.4167
18819.823228 68.897 132.1718
18956.199425 68.805 129.8367
19093.563861 68.697 127.4119
19231.923695 68.571 124.8987
19371.286142 68.422 122.2993
19511.658467 68.248 119.6150
19653.047987 68.043 116.8474
19795.462074 67.804 113.9973
19938.908153 67.525 111.0571
20083.393701 67.192 108.1555
20228.926250 66.801 105.3403
20375.513389 66.350 102.4767
20523.162758 65.830 99.5699
20671.882055 65.232 96.6259
20821.679034 64.545 93.6495
20972.561504 63.758 90.6464
21124.537330 62.855 87.6211
21277.614435 61.823 84.5786
21431.800801 60.642 81.5229
21587.104464 59.292 78.4580
21743.533521 57.750 75.3872
21901.096129 55.987 72.3137
22059.800499 53.972 69.2400
22219.654907 51.666 66.1681
22380.667686 49.025 63.1000
22542.847230 45.994 60.0370
22706.201994 42.511 56.9802
22870.740494 38.497 53.9302
23036.471307 33.864 50.8876
23203.403074 28.513 47.8524
23371.544498 22.343 44.8247
23540.904344 15.282 41.8040
23711.491441 7.343 38.7900
23883.314682 -0.901 35.7820
