* Measurement data measured by REW V5.40 beta 133
* Source: U18dB [plughw:3,0], Mic (Mic), R, Volume: 1.000. Timing signal peak level -27.2 dBFS, measurement signal peak level -15.0 dBFS
* Format: 512k Log Swept Sine, 1 sweep at -12.0 dBFS using an acoustic timing reference
* Dated: Sep 10, 2026, 11:18:57 AM
* REW Settings:
*  C-weighting compensation: Off
*  Target level: 75.0 dB
* Note: ; 10 sept 2026  Position MLP+20cm AHEAD 4.387m from front wall 3.49/3.49m from RLand L speaker  2 screen panels prolongation - new setup DAC level -29dB MIC HEIGHT: 1.000m mic boom arm height: 1.040 -12dBFS OKTO -28dB DELAY -0.0038 ms (-1.3 mm, -0.05 in) using estimated IR delay relative to Acoustic reference played from DAC8STEREO L with no timing offset Clock adjustment: -14.7 ppm
* Measurement: R 120.green.2
* Smoothing: 1/48 octave
* Frequency Step: 96 ppo
* Start Frequency: 15.014648 Hz
*
* Freq(Hz) SPL(dB) Phase(degrees)
15.014648 69.190 -158.2180
15.123451 69.365 -159.4844
15.233042 69.573 -160.7548
15.343426 69.781 -162.0437
15.454611 69.985 -163.3570
15.566602 70.186 -164.6887
15.679404 70.382 -166.0497
15.793023 70.572 -167.4494
15.907466 70.757 -168.8845
16.022738 70.938 -170.3580
16.138845 71.113 -171.8736
16.255794 71.285 -173.4344
16.373590 71.452 -175.0381
16.492240 71.615 -176.6788
16.611750 71.774 -178.3621
16.732125 71.931 179.9144
16.853373 72.084 178.1651
16.975500 72.235 176.3844
17.098511 72.384 174.5736
17.222414 72.531 172.7514
17.347215 72.676 170.9124
17.472920 72.820 169.0571
17.599536 72.961 167.2039
17.727069 73.101 165.3441
17.855527 73.238 163.4808
17.984915 73.373 161.6281
18.115241 73.505 159.7750
18.246512 73.635 157.9265
18.378734 73.760 156.0900
18.511914 73.883 154.2546
18.646058 74.002 152.4263
18.781175 74.118 150.6052
18.917272 74.230 148.7834
19.054354 74.337 146.9687
19.192430 74.442 145.1542
19.331506 74.543 143.3392
19.471590 74.640 141.5292
19.612689 74.733 139.7144
19.754811 74.824 137.9018
19.897962 74.912 136.0906
20.042151 74.997 134.2766
20.187385 75.081 132.4690
20.333671 75.162 130.6600
20.481017 75.241 128.8553
20.629431 75.319 127.0561
20.778920 75.396 125.2587
20.929493 75.471 123.4695
21.081157 75.546 121.6827
21.233919 75.620 119.9028
21.387789 75.693 118.1275
21.542774 75.765 116.3560
21.698882 75.836 114.5890
21.856121 75.906 112.8226
22.014499 75.976 111.0587
22.174025 76.044 109.2925
22.334708 76.111 107.5254
22.496554 76.177 105.7522
22.659573 76.241 103.9738
22.823774 76.303 102.1882
22.989164 76.365 100.3929
23.155753 76.424 98.5882
23.323549 76.481 96.7695
23.492562 76.537 94.9396
23.662798 76.590 93.0926
23.834269 76.642 91.2325
24.006982 76.691 89.3532
24.180946 76.738 87.4588
24.356171 76.782 85.5438
24.532666 76.824 83.6115
24.710440 76.863 81.6573
24.889502 76.899 79.6840
25.069862 76.933 77.6882
25.251528 76.963 75.6711
25.434511 76.990 73.6306
25.618820 77.013 71.5674
25.804465 77.032 69.4795
25.991454 77.046 67.3683
26.179799 77.056 65.2312
26.369509 77.060 63.0709
26.560593 77.058 60.8828
26.753062 77.050 58.6729
26.946926 77.034 56.4350
27.142194 77.009 54.1781
27.338878 76.976 51.8941
27.536987 76.933 49.5957
27.736531 76.879 47.2732
27.937521 76.814 44.9427
28.139968 76.738 42.5954
28.343882 76.648 40.2481
28.549273 76.546 37.8973
28.756153 76.430 35.5537
28.964532 76.300 33.2245
29.174421 76.157 30.9124
29.385831 76.000 28.6339
29.598773 75.829 26.3879
29.813258 75.646 24.1920
30.029297 75.450 22.0485
30.246902 75.242 19.9688
30.466083 75.024 17.9602
30.686853 74.795 16.0297
30.909222 74.558 14.1836
31.133203 74.314 12.4275
31.358807 74.064 10.7655
31.586046 73.810 9.1973
31.814932 73.554 7.7295
32.045476 73.297 6.3538
32.277691 73.041 5.0701
32.511588 72.787 3.8773
32.747180 72.538 2.7604
32.984480 72.293 1.7181
33.223499 72.055 0.7401
33.464250 71.823 -0.1886
33.706746 71.597 -1.0718
33.950999 71.378 -1.9226
34.197022 71.166 -2.7521
34.444828 70.958 -3.5647
34.694429 70.756 -4.3705
34.945839 70.556 -5.1777
35.199071 70.359 -5.9844
35.454138 70.162 -6.7842
35.711054 69.966 -7.5771
35.969831 69.771 -8.3647
36.230483 69.575 -9.1466
36.493024 69.379 -9.9202
36.757467 69.182 -10.6820
37.023827 68.985 -11.4287
37.292117 68.789 -12.1583
37.562351 68.592 -12.8689
37.834543 68.397 -13.5596
38.108708 68.206 -14.2307
38.384859 68.018 -14.8872
38.663012 67.835 -15.5353
38.943180 67.659 -16.1826
39.225378 67.491 -16.8394
39.509622 67.332 -17.5204
39.795925 67.182 -18.2440
40.084302 67.043 -19.0276
40.374770 66.915 -19.8914
40.667342 66.797 -20.8571
40.962034 66.689 -21.9497
41.258862 66.591 -23.1922
41.557841 66.500 -24.6069
41.858986 66.415 -26.2151
42.162313 66.334 -28.0375
42.467839 66.254 -30.0935
42.775578 66.174 -32.4003
43.085548 66.089 -34.9734
43.397763 65.999 -37.8268
43.712242 65.899 -40.9735
44.028998 65.788 -44.4270
44.348051 65.664 -48.2008
44.669415 65.525 -52.3098
44.993108 65.368 -56.7676
45.319147 65.193 -61.5925
45.647548 65.001 -66.8055
45.978329 64.792 -72.4299
46.311507 64.568 -78.4914
46.647099 64.336 -85.0156
46.985123 64.102 -92.0253
47.325597 63.877 -99.5344
47.668537 63.672 -107.5406
48.013963 63.501 -116.0164
48.361892 63.381 -124.8993
48.712342 63.325 -134.0897
49.065332 63.343 -143.4525
49.420880 63.440 -152.8277
49.779004 63.612 -162.0517
50.139723 63.849 -170.9797
50.503056 64.138 -179.4971
50.869022 64.461 172.4722
51.237640 64.805 164.9690
51.608929 65.153 158.0058
51.982909 65.497 151.5764
52.359598 65.826 145.6637
52.739018 66.136 140.2462
53.121186 66.425 135.3009
53.506124 66.691 130.8073
53.893852 66.935 126.7453
54.284389 67.162 123.0969
54.677756 67.373 119.8452
55.073973 67.574 116.9709
55.473062 67.770 114.4520
55.875043 67.967 112.2620
56.279936 68.170 110.3690
56.687764 68.385 108.7346
57.098547 68.617 107.3137
57.512306 68.867 106.0566
57.929064 69.139 104.9106
58.348842 69.433 103.8220
58.771662 69.747 102.7400
59.197546 70.080 101.6190
59.626515 70.426 100.4202
60.058594 70.782 99.1134
60.493803 71.143 97.6790
60.932166 71.505 96.1049
61.373706 71.861 94.3870
61.818445 72.209 92.5270
62.266407 72.544 90.5328
62.717615 72.863 88.4169
63.172093 73.163 86.1938
63.629864 73.443 83.8809
64.090952 73.700 81.4979
64.555381 73.935 79.0648
65.023176 74.145 76.6006
65.494361 74.331 74.1266
65.968960 74.494 71.6642
66.446998 74.635 69.2313
66.928501 74.755 66.8462
67.413492 74.856 64.5267
67.901998 74.939 62.2866
68.394044 75.009 60.1381
68.889655 75.068 58.0910
69.388858 75.119 56.1496
69.891679 75.167 54.3144
70.398142 75.214 52.5803
70.908276 75.264 50.9374
71.422107 75.321 49.3704
71.939661 75.387 47.8578
72.460965 75.463 46.3765
72.986047 75.551 44.8970
73.514934 75.650 43.3922
74.047654 75.759 41.8329
74.584234 75.876 40.1952
75.124702 75.999 38.4579
75.669086 76.121 36.6056
76.217416 76.241 34.6293
76.769719 76.353 32.5250
77.326024 76.454 30.2966
77.886360 76.538 27.9513
78.450757 76.603 25.5031
79.019243 76.646 22.9670
79.591849 76.662 20.3639
80.168605 76.650 17.7140
80.749539 76.607 15.0422
81.334684 76.533 12.3732
81.924068 76.426 9.7323
82.517724 76.285 7.1478
83.115681 76.111 4.6462
83.717972 75.903 2.2571
84.324627 75.663 0.0106
84.935678 75.391 -2.0627
85.551157 75.088 -3.9297
86.171096 74.758 -5.5563
86.795527 74.404 -6.9064
87.424483 74.029 -7.9432
88.057997 73.639 -8.6302
88.696102 73.242 -8.9324
89.338830 72.847 -8.8192
89.986216 72.464 -8.2701
90.638293 72.107 -7.2795
91.295096 71.789 -5.8627
91.956658 71.524 -4.0613
92.623013 71.326 -1.9460
93.294198 71.205 0.3859
93.970246 71.166 2.8193
94.651193 71.210 5.2343
95.337075 71.332 7.5199
96.027927 71.522 9.5856
96.723785 71.771 11.3666
97.424685 72.064 12.8235
98.130664 72.393 13.9386
98.841760 72.746 14.7114
99.558008 73.115 15.1516
100.279446 73.493 15.2753
101.006112 73.874 15.1011
101.738044 74.254 14.6475
102.475280 74.629 13.9331
103.217858 74.996 12.9756
103.965817 75.354 11.7917
104.719197 75.699 10.3965
105.478035 76.030 8.8047
106.242372 76.345 7.0301
107.012248 76.644 5.0870
107.787703 76.923 2.9890
108.568777 77.183 0.7495
109.355511 77.422 -1.6170
110.147947 77.640 -4.0964
110.946124 77.834 -6.6748
111.750085 78.006 -9.3379
112.559873 78.154 -12.0715
113.375528 78.277 -14.8619
114.197094 78.376 -17.6953
115.024613 78.451 -20.5578
115.858129 78.502 -23.4363
116.697684 78.529 -26.3183
117.543324 78.532 -29.1916
118.395091 78.512 -32.0451
119.253031 78.471 -34.8679
120.117188 78.409 -37.6498
120.987606 78.326 -40.3817
121.864332 78.225 -43.0560
122.747411 78.107 -45.6653
123.636890 77.972 -48.2036
124.532814 77.823 -50.6652
125.435230 77.660 -53.0455
126.344185 77.484 -55.3409
127.259727 77.298 -57.5478
128.181904 77.102 -59.6631
129.110763 76.898 -61.6844
130.046352 76.686 -63.6094
130.988722 76.469 -65.4367
131.937920 76.249 -67.1650
132.893997 76.025 -68.7939
133.857001 75.801 -70.3240
134.826984 75.577 -71.7579
135.803996 75.356 -73.0996
136.788088 75.140 -74.3556
137.779311 74.929 -75.5341
138.777717 74.727 -76.6458
139.783357 74.534 -77.7040
140.796285 74.351 -78.7243
141.816553 74.179 -79.7233
142.844214 74.019 -80.7191
143.879322 73.871 -81.7305
144.921931 73.733 -82.7769
145.972095 73.605 -83.8767
147.029869 73.484 -85.0472
148.095308 73.368 -86.3038
149.168468 73.255 -87.6592
150.249404 73.143 -89.1248
151.338173 73.028 -90.7087
152.434832 72.906 -92.4165
153.539437 72.775 -94.2514
154.652047 72.630 -96.2147
155.772720 72.469 -98.3055
156.901513 72.288 -100.5214
158.038486 72.083 -102.8574
159.183698 71.851 -105.3083
160.337209 71.587 -107.8682
161.499079 71.288 -110.5304
162.669367 70.950 -113.2879
163.848137 70.567 -116.1340
165.035448 70.134 -119.0615
166.231363 69.645 -122.0643
167.435944 69.091 -125.1360
168.649254 68.463 -128.2705
169.871356 67.747 -131.4618
171.102314 66.929 -134.7036
172.342191 65.983 -137.9880
173.591054 64.879 -141.3049
174.848966 63.571 -144.6395
176.115994 61.985 -147.9652
177.392203 60.003 -151.2275
178.677660 57.408 -154.2954
179.972432 53.776 -156.7190
181.276587 48.554 -155.2070
182.590191 47.328 -1.0527
183.913315 52.714 4.9644
185.246027 56.701 2.7668
186.588396 59.502 -0.3983
187.940492 61.612 -3.8768
189.302387 63.283 -7.4956
190.674150 64.650 -11.1854
192.055853 65.794 -14.9108
193.447569 66.765 -18.6494
194.849370 67.598 -22.3859
196.261329 68.318 -26.1088
197.683519 68.943 -29.8084
199.116016 69.487 -33.4758
200.558892 69.961 -37.1038
202.012225 70.373 -40.6862
203.476089 70.731 -44.2184
204.950560 71.040 -47.6960
206.435716 71.307 -51.1158
207.931635 71.534 -54.4757
209.438393 71.725 -57.7740
210.956070 71.885 -61.0091
212.484745 72.015 -64.1801
214.024497 72.118 -67.2858
215.575406 72.196 -70.3251
217.137555 72.250 -73.2960
218.711023 72.283 -76.1959
220.295893 72.294 -79.0220
221.892248 72.287 -81.7704
223.500171 72.263 -84.4374
225.119745 72.223 -87.0187
226.751056 72.168 -89.5094
228.394187 72.101 -91.9050
230.049226 72.023 -94.2023
231.716257 71.937 -96.3988
233.395369 71.845 -98.4935
235.086648 71.750 -100.4888
236.790182 71.653 -102.3893
238.506062 71.558 -104.2018
240.234375 71.465 -105.9365
241.975212 71.378 -107.6064
243.728664 71.297 -109.2267
245.494823 71.223 -110.8136
247.273780 71.156 -112.3839
249.065627 71.095 -113.9536
250.870459 71.040 -115.5368
252.688370 70.991 -117.1455
254.519454 70.943 -118.7886
256.363807 70.897 -120.4710
258.221525 70.849 -122.1951
260.092705 70.799 -123.9597
261.977444 70.745 -125.7615
263.875840 70.685 -127.5948
265.787993 70.618 -129.4529
267.714003 70.545 -131.3278
269.653969 70.464 -133.2115
271.607992 70.374 -135.0966
273.576176 70.278 -136.9756
275.558622 70.173 -138.8413
277.555433 70.061 -140.6873
279.566714 69.943 -142.5081
281.592570 69.818 -144.2991
283.633106 69.688 -146.0554
285.688428 69.553 -147.7738
287.758644 69.414 -149.4521
289.843862 69.272 -151.0884
291.944190 69.129 -152.6821
294.059738 68.984 -154.2349
296.190616 68.839 -155.7490
298.336935 68.694 -157.2283
300.498808 68.551 -158.6786
302.676346 68.409 -160.1069
304.869664 68.268 -161.5210
307.078875 68.128 -162.9281
309.304095 67.987 -164.3345
311.545440 67.845 -165.7446
313.803027 67.699 -167.1595
316.076973 67.547 -168.5764
318.367397 67.387 -169.9878
320.674418 67.218 -171.3801
322.998157 67.036 -172.7352
325.338735 66.841 -174.0293
327.696273 66.632 -175.2340
330.070896 66.410 -176.3162
332.462726 66.177 -177.2407
334.871888 65.936 -177.9709
337.298507 65.692 -178.4719
339.742711 65.451 -178.7133
342.204627 65.223 -178.6741
344.684383 65.017 -178.3475
347.182108 64.845 -177.7476
349.697933 64.718 -176.9114
352.231988 64.646 -175.9014
354.784406 64.636 -174.8010
357.355320 64.691 -173.7083
359.944864 64.809 -172.7235
362.553173 64.983 -171.9364
365.180383 65.205 -171.4181
367.826630 65.463 -171.2152
370.492054 65.746 -171.3510
373.176792 66.041 -171.8279
375.880985 66.341 -172.6316
378.604773 66.635 -173.7378
381.348300 66.918 -175.1147
384.111707 67.184 -176.7278
386.895138 67.431 -178.5416
389.698740 67.655 179.4783
392.522658 67.855 177.3647
395.367039 68.030 175.1492
398.232031 68.180 172.8601
401.117785 68.304 170.5258
404.024450 68.404 168.1704
406.952177 68.481 165.8160
409.901120 68.535 163.4816
412.871433 68.568 161.1841
415.863270 68.581 158.9397
418.876786 68.574 156.7643
421.912140 68.551 154.6735
424.969489 68.511 152.6827
428.048993 68.456 150.8088
431.150813 68.388 149.0706
434.275109 68.311 147.4858
437.422046 68.227 146.0724
440.591786 68.140 144.8472
443.784496 68.055 143.8245
447.000341 67.979 143.0117
450.239490 67.917 142.4082
453.502111 67.878 142.0024
456.788374 67.868 141.7699
460.098451 67.894 141.6709
463.432514 67.961 141.6523
466.790737 68.072 141.6508
470.173295 68.228 141.5986
473.580365 68.424 141.4309
477.012124 68.657 141.0908
480.468750 68.918 140.5341
483.950425 69.201 139.7319
487.457329 69.496 138.6704
490.989646 69.797 137.3488
494.547559 70.095 135.7771
498.131254 70.385 133.9728
501.740919 70.662 131.9583
505.376740 70.922 129.7587
509.038909 71.162 127.4004
512.727614 71.380 124.9100
516.443050 71.574 122.3132
520.185409 71.743 119.6350
523.954887 71.888 116.8989
527.751680 72.007 114.1271
531.575987 72.102 111.3406
535.428005 72.172 108.5591
539.307937 72.218 105.8010
543.215985 72.243 103.0833
547.152352 72.247 100.4221
551.117243 72.232 97.8318
555.110866 72.200 95.3245
559.133428 72.153 92.9104
563.185140 72.094 90.5964
567.266211 72.025 88.3871
571.376856 71.949 86.2830
575.517288 71.867 84.2817
579.687724 71.784 82.3770
583.888380 71.699 80.5592
588.119476 71.615 78.8162
592.381232 71.533 77.1351
596.673871 71.451 75.5037
600.997615 71.371 73.9108
605.352692 71.290 72.3483
609.739327 71.208 70.8124
614.157750 71.122 69.3042
618.608190 71.032 67.8306
623.090880 70.936 66.4026
627.606053 70.833 65.0354
632.153945 70.724 63.7471
636.734793 70.611 62.5562
641.348836 70.496 61.4795
645.996314 70.382 60.5303
650.677470 70.274 59.7148
655.392547 70.177 59.0288
660.141792 70.096 58.4572
664.925451 70.034 57.9739
669.743775 69.996 57.5437
674.597014 69.982 57.1244
679.485423 69.991 56.6736
684.409254 70.022 56.1519
689.368766 70.071 55.5269
694.364216 70.133 54.7754
699.395865 70.201 53.8850
704.463976 70.272 52.8538
709.568812 70.341 51.6881
714.710640 70.403 50.4004
719.889728 70.455 49.0072
725.106346 70.495 47.5272
730.360766 70.522 45.9785
735.653261 70.535 44.3778
740.984108 70.534 42.7390
746.353584 70.519 41.0740
751.761970 70.489 39.3921
757.209547 70.447 37.7004
762.696599 70.390 36.0044
768.223413 70.320 34.3079
773.790277 70.236 32.6155
779.397480 70.137 30.9314
785.045315 70.023 29.2607
790.734077 69.894 27.6100
796.464062 69.747 25.9869
802.235569 69.583 24.4026
808.048899 69.399 22.8702
813.904354 69.196 21.4054
819.802241 68.973 20.0276
825.742866 68.728 18.7585
831.726539 68.464 17.6232
837.753572 68.180 16.6487
843.824280 67.879 15.8643
849.938979 67.563 15.2997
856.097987 67.236 14.9843
862.301626 66.902 14.9446
868.550219 66.568 15.2026
874.844092 66.243 15.7736
881.183573 65.933 16.6610
887.568992 65.649 17.8555
894.000683 65.399 19.3324
900.478980 65.192 21.0503
907.004222 65.034 22.9520
913.576749 64.930 24.9694
920.196903 64.882 27.0287
926.865029 64.887 29.0597
933.581475 64.942 31.0007
940.346591 65.040 32.8043
947.160730 65.175 34.4390
954.024247 65.339 35.8881
960.937500 65.527 37.1467
967.900849 65.734 38.2185
974.914658 65.955 39.1104
981.979291 66.186 39.8306
989.095118 66.427 40.3875
996.262509 66.674 40.7870
1003.481838 66.926 41.0331
1010.753481 67.182 41.1282
1018.077817 67.439 41.0742
1025.455229 67.696 40.8744
1032.886100 67.952 40.5334
1040.370819 68.202 40.0569
1047.909774 68.447 39.4537
1055.503361 68.685 38.7345
1063.151973 68.913 37.9108
1070.856010 69.133 36.9950
1078.615875 69.343 35.9987
1086.431970 69.542 34.9332
1094.304704 69.732 33.8093
1102.234487 69.914 32.6339
1110.221732 70.086 31.4122
1118.266856 70.251 30.1487
1126.370279 70.408 28.8445
1134.532422 70.559 27.4993
1142.753712 70.703 26.1108
1151.034577 70.841 24.6763
1159.375448 70.972 23.1931
1167.776760 71.097 21.6583
1176.238952 71.214 20.0682
1184.762464 71.323 18.4209
1193.347741 71.423 16.7157
1201.995231 71.513 14.9523
1210.705384 71.592 13.1312
1219.478654 71.659 11.2554
1228.315499 71.713 9.3276
1237.216380 71.752 7.3513
1246.181760 71.777 5.3315
1255.212106 71.784 3.2742
1264.307891 71.775 1.1857
1273.469587 71.748 -0.9260
1282.697672 71.700 -3.0525
1291.992628 71.633 -5.1844
1301.354940 71.545 -7.3104
1310.785094 71.434 -9.4194
1320.283583 71.301 -11.4983
1329.850902 71.145 -13.5310
1339.487550 70.965 -15.5018
1349.194029 70.762 -17.3934
1358.970845 70.534 -19.1862
1368.818508 70.282 -20.8594
1378.737531 70.008 -22.3895
1388.728432 69.711 -23.7515
1398.791730 69.394 -24.9194
1408.927952 69.060 -25.8655
1419.137625 68.711 -26.5616
1429.421281 68.351 -26.9792
1439.779457 67.986 -27.0916
1450.212692 67.623 -26.8768
1460.721531 67.269 -26.3193
1471.306521 66.934 -25.4135
1481.968215 66.629 -24.1675
1492.707168 66.364 -22.6068
1503.523939 66.148 -20.7769
1514.419093 65.991 -18.7426
1525.393198 65.899 -16.5840
1536.446826 65.874 -14.3912
1547.580553 65.916 -12.2560
1558.794960 66.020 -10.2631
1570.090631 66.178 -8.4828
1581.468155 66.382 -6.9677
1592.928125 66.621 -5.7513
1604.471139 66.885 -4.8496
1616.097798 67.165 -4.2645
1627.808709 67.454 -3.9866
1639.604482 67.744 -3.9989
1651.485732 68.029 -4.2797
1663.453078 68.304 -4.8049
1675.507145 68.567 -5.5491
1687.648560 68.814 -6.4867
1699.877958 69.044 -7.5935
1712.195974 69.254 -8.8462
1724.603252 69.444 -10.2229
1737.100438 69.613 -11.7030
1749.688184 69.761 -13.2671
1762.367146 69.888 -14.8977
1775.137984 69.994 -16.5784
1788.001366 70.079 -18.2936
1800.957961 70.144 -20.0289
1814.008445 70.189 -21.7710
1827.153498 70.216 -23.5077
1840.393805 70.224 -25.2280
1853.730057 70.216 -26.9221
1867.162949 70.191 -28.5807
1880.693182 70.152 -30.1958
1894.321460 70.098 -31.7593
1908.048494 70.032 -33.2642
1921.875000 69.953 -34.7034
1935.801698 69.865 -36.0707
1949.829316 69.766 -37.3595
1963.958583 69.660 -38.5635
1978.190236 69.546 -39.6772
1992.525018 69.428 -40.6960
2006.963676 69.307 -41.6161
2021.506962 69.185 -42.4351
2036.155634 69.065 -43.1522
2050.910458 68.947 -43.7709
2065.772200 68.836 -44.2959
2080.741637 68.733 -44.7357
2095.819549 68.639 -45.1012
2111.006721 68.558 -45.4064
2126.303946 68.489 -45.6669
2141.712021 68.433 -45.8992
2157.231749 68.391 -46.1204
2172.863940 68.362 -46.3462
2188.609407 68.345 -46.5911
2204.468973 68.339 -46.8671
2220.443464 68.343 -47.1838
2236.533713 68.353 -47.5479
2252.740558 68.371 -47.9634
2269.064845 68.392 -48.4320
2285.507424 68.417 -48.9537
2302.069153 68.443 -49.5266
2318.750895 68.469 -50.1476
2335.553520 68.495 -50.8129
2352.477904 68.519 -51.5184
2369.524928 68.541 -52.2598
2386.695483 68.561 -53.0320
2403.990462 68.577 -53.8302
2421.410768 68.591 -54.6488
2438.957308 68.600 -55.4840
2456.630998 68.606 -56.3307
2474.432759 68.609 -57.1846
2492.363519 68.609 -58.0414
2510.424213 68.605 -58.8976
2528.615781 68.598 -59.7499
2546.939174 68.590 -60.5953
2565.395345 68.579 -61.4318
2583.985257 68.566 -62.2566
2602.709879 68.551 -63.0681
2621.570188 68.536 -63.8645
2640.567166 68.521 -64.6449
2659.701804 68.506 -65.4081
2678.975100 68.491 -66.1534
2698.388058 68.477 -66.8802
2717.941690 68.466 -67.5894
2737.637016 68.457 -68.2817
2757.475062 68.452 -68.9601
2777.456863 68.450 -69.6276
2797.583461 68.453 -70.2885
2817.855904 68.461 -70.9482
2838.275249 68.474 -71.6140
2858.842562 68.493 -72.2928
2879.558913 68.517 -72.9917
2900.425384 68.547 -73.7177
2921.443062 68.579 -74.4772
2942.613043 68.615 -75.2760
2963.936430 68.653 -76.1174
2985.414335 68.692 -77.0028
3007.047878 68.730 -77.9320
3028.838187 68.767 -78.9030
3050.786397 68.800 -79.9119
3072.893653 68.830 -80.9531
3095.161107 68.855 -82.0203
3117.589920 68.876 -83.1057
3140.181262 68.891 -84.2023
3162.936310 68.901 -85.3020
3185.856250 68.906 -86.3973
3208.942278 68.906 -87.4816
3232.195596 68.903 -88.5494
3255.617418 68.897 -89.5967
3279.208964 68.889 -90.6201
3302.971464 68.879 -91.6185
3326.906156 68.870 -92.5930
3351.014290 68.861 -93.5455
3375.297121 68.855 -94.4792
3399.755915 68.850 -95.3993
3424.391948 68.846 -96.3109
3449.206504 68.845 -97.2185
3474.200876 68.846 -98.1267
3499.376367 68.849 -99.0398
3524.734291 68.852 -99.9595
3550.275969 68.855 -100.8862
3576.002732 68.858 -101.8191
3601.915922 68.860 -102.7552
3628.016889 68.860 -103.6904
3654.306995 68.857 -104.6193
3680.787610 68.853 -105.5355
3707.460115 68.847 -106.4331
3734.325899 68.840 -107.3062
3761.386364 68.832 -108.1500
3788.642920 68.826 -108.9611
3816.096988 68.821 -109.7379
3843.750000 68.819 -110.4813
3871.603397 68.821 -111.1954
3899.658631 68.829 -111.8862
3927.917165 68.844 -112.5620
3956.380472 68.866 -113.2322
3985.050036 68.895 -113.9081
4013.927351 68.930 -114.6016
4043.013923 68.972 -115.3226
4072.311269 69.019 -116.0798
4101.820915 69.069 -116.8795
4131.544400 69.121 -117.7253
4161.483274 69.172 -118.6180
4191.639097 69.223 -119.5559
4222.013442 69.270 -120.5341
4252.607892 69.313 -121.5459
4283.424042 69.351 -122.5836
4314.463498 69.383 -123.6394
4345.727879 69.409 -124.7058
4377.218815 69.430 -125.7756
4408.937947 69.445 -126.8428
4440.886929 69.454 -127.9026
4473.067426 69.458 -128.9517
4505.481116 69.457 -129.9871
4538.129690 69.451 -131.0078
4571.014848 69.441 -132.0121
4604.138306 69.426 -132.9978
4637.501790 69.405 -133.9619
4671.107040 69.380 -134.9004
4704.955807 69.349 -135.8087
4739.049856 69.313 -136.6797
4773.390965 69.273 -137.5057
4807.980924 69.228 -138.2793
4842.821536 69.179 -138.9934
4877.914617 69.128 -139.6416
4913.261997 69.078 -140.2200
4948.865519 69.028 -140.7267
4984.727038 68.981 -141.1635
5020.848425 68.939 -141.5347
5057.231563 68.903 -141.8484
5093.878347 68.874 -142.1149
5130.790689 68.854 -142.3455
5167.970514 68.841 -142.5513
5205.419759 68.837 -142.7424
5243.140376 68.840 -142.9282
5281.134332 68.849 -143.1155
5319.403609 68.865 -143.3081
5357.950200 68.885 -143.5083
5396.776116 68.908 -143.7167
5435.883380 68.935 -143.9326
5475.274032 68.965 -144.1555
5514.950125 68.998 -144.3850
5554.913727 69.034 -144.6216
5595.166922 69.072 -144.8666
5635.711808 69.112 -145.1217
5676.550498 69.154 -145.3884
5717.685123 69.198 -145.6683
5759.117827 69.243 -145.9631
5800.850769 69.288 -146.2725
5842.886124 69.333 -146.5957
5885.226086 69.377 -146.9314
5927.872860 69.420 -147.2776
5970.828671 69.462 -147.6315
6014.095756 69.503 -147.9916
6057.676373 69.542 -148.3561
6101.572794 69.580 -148.7236
6145.787305 69.615 -149.0929
6190.322213 69.649 -149.4626
6235.179840 69.680 -149.8323
6280.362523 69.709 -150.2002
6325.872619 69.736 -150.5642
6371.712500 69.759 -150.9214
6417.884555 69.780 -151.2686
6464.391192 69.797 -151.6008
6511.234836 69.811 -151.9138
6558.417927 69.822 -152.2021
6605.942927 69.832 -152.4613
6653.812313 69.839 -152.6871
6702.028580 69.846 -152.8770
6750.594241 69.854 -153.0294
6799.511830 69.862 -153.1439
6848.783896 69.873 -153.2223
6898.413007 69.888 -153.2686
6948.401751 69.907 -153.2881
6998.752735 69.931 -153.2886
7049.468582 69.960 -153.2776
7100.551937 69.995 -153.2635
7152.005464 70.036 -153.2563
7203.831844 70.081 -153.2642
7256.033779 70.129 -153.2936
7308.613991 70.181 -153.3500
7361.575220 70.234 -153.4362
7414.920229 70.286 -153.5524
7468.651798 70.338 -153.6974
7522.772727 70.388 -153.8679
7577.285840 70.434 -154.0588
7632.193976 70.477 -154.2635
7687.500000 70.515 -154.4757
7743.206794 70.550 -154.6886
7799.317262 70.579 -154.8956
7855.834330 70.605 -155.0905
7912.760944 70.629 -155.2676
7970.100072 70.650 -155.4238
8027.854702 70.669 -155.5576
8086.027847 70.688 -155.6678
8144.622538 70.707 -155.7563
8203.641830 70.727 -155.8269
8263.088801 70.749 -155.8839
8322.966548 70.772 -155.9321
8383.278195 70.798 -155.9774
8444.026884 70.826 -156.0248
8505.215784 70.854 -156.0778
8566.848084 70.885 -156.1396
8628.926996 70.916 -156.2131
8691.455758 70.947 -156.2993
8754.437630 70.977 -156.3986
8817.875894 71.007 -156.5116
8881.773857 71.035 -156.6376
8946.134852 71.062 -156.7762
9010.962233 71.088 -156.9274
9076.259380 71.110 -157.0903
9142.029697 71.131 -157.2643
9208.276612 71.148 -157.4479
9275.003581 71.161 -157.6396
9342.214080 71.171 -157.8372
9409.911614 71.177 -158.0383
9478.099713 71.179 -158.2396
9546.781930 71.176 -158.4379
9615.961848 71.168 -158.6292
9685.643071 71.156 -158.8096
9755.829233 71.140 -158.9756
9826.523994 71.119 -159.1234
9897.731037 71.096 -159.2499
9969.454076 71.069 -159.3529
10041.696850 71.039 -159.4309
10114.463125 71.008 -159.4832
10187.756694 70.976 -159.5099
10261.581379 70.942 -159.5129
10335.941028 70.909 -159.4934
10410.839517 70.875 -159.4541
10486.280752 70.842 -159.3970
10562.268665 70.810 -159.3252
10638.807218 70.777 -159.2412
10715.900400 70.745 -159.1476
10793.552232 70.714 -159.0460
10871.766761 70.684 -158.9384
10950.548064 70.653 -158.8260
11029.900250 70.623 -158.7103
11109.827454 70.592 -158.5918
11190.333843 70.561 -158.4701
11271.423615 70.530 -158.3455
11353.100997 70.498 -158.2181
11435.370247 70.466 -158.0879
11518.235653 70.434 -157.9550
11601.701537 70.401 -157.8195
11685.772249 70.368 -157.6818
11770.452172 70.334 -157.5420
11855.745720 70.300 -157.4005
11941.657341 70.265 -157.2576
12028.191513 70.230 -157.1141
12115.352747 70.195 -156.9707
12203.145587 70.159 -156.8276
12291.574610 70.123 -156.6855
12380.644427 70.086 -156.5452
12470.359680 70.048 -156.4072
12560.725047 70.010 -156.2723
12651.745238 69.971 -156.1411
12743.425000 69.932 -156.0142
12835.769110 69.891 -155.8920
12928.782385 69.849 -155.7750
13022.469671 69.807 -155.6632
13116.835855 69.762 -155.5568
13211.885854 69.716 -155.4556
13307.624625 69.668 -155.3594
13404.057159 69.618 -155.2670
13501.188483 69.566 -155.1775
13599.023660 69.512 -155.0878
13697.567791 69.455 -154.9956
13796.826014 69.396 -154.8993
13896.803503 69.336 -154.7961
13997.505470 69.274 -154.6840
14098.937164 69.210 -154.5614
14201.103875 69.146 -154.4277
14304.010928 69.083 -154.2827
14407.663687 69.019 -154.1263
14512.067557 68.956 -153.9590
14617.227981 68.895 -153.7828
14723.150441 68.836 -153.6001
14829.840458 68.780 -153.4133
14937.303595 68.727 -153.2256
15045.545455 68.677 -153.0417
15154.571679 68.632 -152.8660
15264.387953 68.590 -152.7024
15375.000000 68.553 -152.5562
15486.413588 68.519 -152.4323
15598.634525 68.491 -152.3354
15711.668661 68.466 -152.2703
15825.521888 68.446 -152.2416
15940.200144 68.429 -152.2538
16055.709405 68.416 -152.3113
16172.055694 68.407 -152.4185
16289.245076 68.401 -152.5792
16407.283660 68.397 -152.7979
16526.177601 68.395 -153.0779
16645.933097 68.396 -153.4226
16766.556390 68.398 -153.8357
16888.053769 68.400 -154.3206
17010.431568 68.403 -154.8794
17133.696167 68.406 -155.5155
17257.853993 68.409 -156.2328
17382.911517 68.410 -157.0317
17508.875259 68.410 -157.9127
17635.751787 68.406 -158.8948
17763.547714 68.395 -159.9775
17892.269704 68.378 -161.1139
18021.924466 68.357 -162.3132
18152.518759 68.332 -163.5953
18284.059393 68.301 -164.9625
18416.553225 68.264 -166.4178
18550.007161 68.219 -167.9636
18684.428160 68.164 -169.6014
18819.823228 68.098 -171.3315
18956.199425 68.017 -173.1545
19093.563861 67.920 -175.0704
19231.923695 67.804 -177.0771
19371.286142 67.665 -179.1729
19511.658467 67.501 178.6442
19653.047987 67.305 176.3757
19795.462074 67.075 174.0226
19938.908153 66.804 171.5776
20083.393701 66.479 169.1692
20228.926250 66.095 166.8457
20375.513389 65.650 164.4724
20523.162758 65.136 162.0546
20671.882055 64.544 159.5980
20821.679034 63.863 157.1085
20972.561504 63.080 154.5913
21124.537330 62.182 152.0514
21277.614435 61.154 149.4937
21431.800801 59.977 146.9224
21587.104464 58.630 144.3417
21743.533521 57.091 141.7551
21901.096129 55.331 139.1658
22059.800499 53.318 136.5764
22219.654907 51.015 133.9893
22380.667686 48.376 131.4064
22542.847230 45.347 128.8291
22706.201994 41.865 126.2588
22870.740494 37.853 123.6960
23036.471307 33.222 121.1416
23203.403074 27.871 118.5958
23371.544498 21.702 116.0586
23540.904344 14.643 113.5298
23711.491441 6.704 111.0092
23883.314682 -1.540 108.4963
