* Measurement data measured by REW V5.40 beta 133
* Source: U18dB [plughw:3,0], Mic (Mic), R, Volume: 1.000. Timing signal peak level -27.2 dBFS, measurement signal peak level -15.4 dBFS
* Format: 512k Log Swept Sine, 1 sweep at -12.0 dBFS using an acoustic timing reference
* Dated: Sep 10, 2026, 11:28:58 AM
* REW Settings:
*  C-weighting compensation: Off
*  Target level: 75.0 dB
* Note: ; 10 sept 2026  Position MLP+20cm TO THE RIGHT 4.180m from front wall  2 screen panels prolongation - new setup DAC level -29dB MIC HEIGHT: 1.000m mic boom arm height: 1.040 -12dBFS OKTO -28dB DELAY -0.4548 ms (-156 mm, -6.14 in) using estimated IR delay relative to Acoustic reference played from DAC8STEREO L with no timing offset Clock adjustment: -14.6 ppm
* Measurement: R 120.green.4
* Smoothing: 1/48 octave
* Frequency Step: 96 ppo
* Start Frequency: 15.014648 Hz
*
* Freq(Hz) SPL(dB) Phase(degrees)
15.014648 68.461 -160.1987
15.123451 68.604 -161.2081
15.233042 68.778 -162.2504
15.343426 68.958 -163.3425
15.454611 69.139 -164.4906
15.566602 69.322 -165.6820
15.679404 69.505 -166.9242
15.793023 69.686 -168.2243
15.907466 69.868 -169.5771
16.022738 70.047 -170.9797
16.138845 70.222 -172.4305
16.255794 70.395 -173.9341
16.373590 70.565 -175.4836
16.492240 70.730 -177.0668
16.611750 70.891 -178.6916
16.732125 71.047 179.6455
16.853373 71.198 177.9639
16.975500 71.344 176.2560
17.098511 71.486 174.5215
17.222414 71.623 172.7813
17.347215 71.756 171.0284
17.472920 71.885 169.2609
17.599536 72.010 167.4966
17.727069 72.130 165.7262
17.855527 72.247 163.9504
17.984915 72.360 162.1817
18.115241 72.471 160.4098
18.246512 72.579 158.6379
18.378734 72.684 156.8733
18.511914 72.787 155.1060
18.646058 72.888 153.3422
18.781175 72.988 151.5828
18.917272 73.086 149.8217
19.054354 73.183 148.0677
19.192430 73.279 146.3160
19.331506 73.373 144.5674
19.471590 73.466 142.8286
19.612689 73.558 141.0918
19.754811 73.649 139.3643
19.897962 73.739 137.6460
20.042151 73.828 135.9338
20.187385 73.916 134.2347
20.333671 74.002 132.5428
20.481017 74.087 130.8612
20.629431 74.171 129.1896
20.778920 74.253 127.5248
20.929493 74.334 125.8691
21.081157 74.413 124.2174
21.233919 74.491 122.5717
21.387789 74.567 120.9282
21.542774 74.642 119.2860
21.698882 74.715 117.6438
21.856121 74.786 115.9979
22.014499 74.856 114.3495
22.174025 74.923 112.6931
22.334708 74.989 111.0309
22.496554 75.052 109.3573
22.659573 75.114 107.6734
22.823774 75.173 105.9780
22.989164 75.230 104.2682
23.155753 75.284 102.5460
23.323549 75.336 100.8062
23.492562 75.386 99.0540
23.662798 75.433 97.2828
23.834269 75.478 95.4994
24.006982 75.520 93.6976
24.180946 75.559 91.8839
24.356171 75.596 90.0534
24.532666 75.629 88.2111
24.710440 75.658 86.3539
24.889502 75.684 84.4848
25.069862 75.705 82.6022
25.251528 75.722 80.7068
25.434511 75.733 78.7973
25.618820 75.738 76.8735
25.804465 75.737 74.9333
25.991454 75.728 72.9767
26.179799 75.712 71.0002
26.369509 75.688 69.0050
26.560593 75.654 66.9856
26.753062 75.611 64.9463
26.946926 75.559 62.8803
27.142194 75.496 60.7953
27.338878 75.422 58.6835
27.536987 75.336 56.5569
27.736531 75.240 54.4067
27.937521 75.131 52.2494
28.139968 75.011 50.0778
28.343882 74.878 47.9099
28.549273 74.733 45.7440
28.756153 74.576 43.5929
28.964532 74.407 41.4652
29.174421 74.226 39.3672
29.385831 74.033 37.3148
29.598773 73.830 35.3116
29.813258 73.616 33.3733
30.029297 73.393 31.5056
30.246902 73.161 29.7198
30.466083 72.921 28.0221
30.686853 72.674 26.4218
30.909222 72.422 24.9204
31.133203 72.167 23.5251
31.358807 71.909 22.2363
31.586046 71.650 21.0507
31.814932 71.392 19.9734
32.045476 71.135 18.9907
32.277691 70.882 18.1007
32.511588 70.633 17.2981
32.747180 70.389 16.5647
32.984480 70.150 15.8971
33.223499 69.917 15.2820
33.464250 69.689 14.7045
33.706746 69.466 14.1595
33.950999 69.248 13.6345
34.197022 69.032 13.1212
34.444828 68.819 12.6164
34.694429 68.607 12.1132
34.945839 68.395 11.6084
35.199071 68.181 11.1068
35.454138 67.965 10.6191
35.711054 67.746 10.1512
35.969831 67.525 9.7053
36.230483 67.302 9.2861
36.493024 67.078 8.9012
36.757467 66.853 8.5575
37.023827 66.627 8.2620
37.292117 66.402 8.0195
37.562351 66.179 7.8337
37.834543 65.960 7.7068
38.108708 65.747 7.6383
38.384859 65.541 7.6222
38.663012 65.344 7.6490
38.943180 65.156 7.7075
39.225378 64.979 7.7825
39.509622 64.813 7.8533
39.795925 64.658 7.8943
40.084302 64.512 7.8817
40.374770 64.373 7.7891
40.667342 64.238 7.5881
40.962034 64.103 7.2485
41.258862 63.964 6.7429
41.557841 63.814 6.0452
41.858986 63.647 5.1292
42.162313 63.457 3.9686
42.467839 63.234 2.5353
42.775578 62.972 0.8005
43.085548 62.660 -1.2693
43.397763 62.288 -3.7160
43.712242 61.845 -6.5952
44.028998 61.318 -9.9836
44.348051 60.694 -13.9912
44.669415 59.956 -18.7799
44.993108 59.090 -24.5909
45.319147 58.086 -31.8055
45.647548 56.951 -41.0225
45.978329 55.742 -53.1351
46.311507 54.633 -69.2108
46.647099 53.977 -89.5786
46.985123 54.148 -112.0825
47.325597 55.137 -132.7178
47.668537 56.563 -149.3096
48.013963 58.078 -162.1752
48.361892 59.513 -172.3766
48.712342 60.811 179.1965
49.065332 61.965 171.9509
49.420880 62.984 165.5142
49.779004 63.882 159.6530
50.139723 64.672 154.2199
50.503056 65.368 149.1231
50.869022 65.978 144.3061
51.237640 66.514 139.7359
51.608929 66.981 135.3954
51.982909 67.388 131.2783
52.359598 67.740 127.3861
52.739018 68.042 123.7254
53.121186 68.301 120.3057
53.506124 68.522 117.1392
53.893852 68.709 114.2374
54.284389 68.870 111.6111
54.677756 69.009 109.2697
55.073973 69.132 107.2173
55.473062 69.246 105.4524
55.875043 69.358 103.9667
56.279936 69.475 102.7437
56.687764 69.603 101.7577
57.098547 69.746 100.9737
57.512306 69.910 100.3488
57.929064 70.099 99.8342
58.348842 70.311 99.3774
58.771662 70.549 98.9271
59.197546 70.809 98.4350
59.626515 71.089 97.8596
60.058594 71.382 97.1682
60.493803 71.685 96.3389
60.932166 71.993 95.3591
61.373706 72.299 94.2244
61.818445 72.601 92.9379
62.266407 72.892 91.5096
62.717615 73.170 89.9545
63.172093 73.433 88.2897
63.629864 73.678 86.5357
64.090952 73.905 84.7152
64.555381 74.111 82.8507
65.023176 74.298 80.9631
65.494361 74.465 79.0746
65.968960 74.613 77.2067
66.446998 74.746 75.3764
66.928501 74.863 73.5995
67.413492 74.968 71.8893
67.901998 75.063 70.2540
68.394044 75.151 68.6988
68.889655 75.236 67.2242
69.388858 75.320 65.8256
69.891679 75.406 64.4933
70.398142 75.496 63.2130
70.908276 75.592 61.9677
71.422107 75.696 60.7366
71.939661 75.807 59.4966
72.460965 75.926 58.2269
72.986047 76.050 56.9047
73.514934 76.179 55.5124
74.047654 76.308 54.0344
74.584234 76.436 52.4606
75.124702 76.558 50.7859
75.669086 76.671 49.0094
76.217416 76.771 47.1366
76.769719 76.856 45.1757
77.326024 76.921 43.1420
77.886360 76.965 41.0518
78.450757 76.985 38.9276
79.019243 76.979 36.7917
79.591849 76.945 34.6718
80.168605 76.884 32.5946
80.749539 76.794 30.5913
81.334684 76.678 28.6927
81.924068 76.536 26.9305
82.517724 76.370 25.3376
83.115681 76.185 23.9446
83.717972 75.983 22.7814
84.324627 75.771 21.8743
84.935678 75.555 21.2437
85.551157 75.344 20.9022
86.171096 75.145 20.8511
86.795527 74.966 21.0793
87.424483 74.819 21.5592
88.057997 74.709 22.2465
88.696102 74.643 23.0840
89.338830 74.625 24.0048
89.986216 74.656 24.9367
90.638293 74.734 25.8114
91.295096 74.853 26.5698
91.956658 75.009 27.1661
92.623013 75.193 27.5698
93.294198 75.398 27.7650
93.970246 75.618 27.7480
94.651193 75.846 27.5251
95.337075 76.077 27.1085
96.027927 76.309 26.5145
96.723785 76.536 25.7607
97.424685 76.759 24.8638
98.130664 76.976 23.8386
98.841760 77.186 22.6983
99.558008 77.388 21.4535
100.279446 77.583 20.1123
101.006112 77.771 18.6802
101.738044 77.951 17.1603
102.475280 78.124 15.5548
103.217858 78.289 13.8649
103.965817 78.446 12.0914
104.719197 78.594 10.2343
105.478035 78.733 8.2943
106.242372 78.861 6.2726
107.012248 78.979 4.1716
107.787703 79.084 1.9940
108.568777 79.176 -0.2561
109.355511 79.253 -2.5727
110.147947 79.315 -4.9493
110.946124 79.361 -7.3784
111.750085 79.389 -9.8512
112.559873 79.399 -12.3579
113.375528 79.389 -14.8881
114.197094 79.360 -17.4309
115.024613 79.312 -19.9740
115.858129 79.242 -22.5052
116.697684 79.152 -25.0120
117.543324 79.042 -27.4818
118.395091 78.912 -29.9018
119.253031 78.762 -32.2595
120.117188 78.595 -34.5424
120.987606 78.410 -36.7385
121.864332 78.209 -38.8377
122.747411 77.993 -40.8298
123.636890 77.766 -42.7063
124.532814 77.528 -44.4600
125.435230 77.282 -46.0858
126.344185 77.031 -47.5803
127.259727 76.778 -48.9427
128.181904 76.524 -50.1744
129.110763 76.273 -51.2800
130.046352 76.027 -52.2668
130.988722 75.789 -53.1454
131.937920 75.561 -53.9290
132.893997 75.346 -54.6331
133.857001 75.143 -55.2756
134.826984 74.955 -55.8763
135.803996 74.782 -56.4554
136.788088 74.623 -57.0336
137.779311 74.478 -57.6299
138.777717 74.345 -58.2621
139.783357 74.224 -58.9460
140.796285 74.111 -59.6947
141.816553 74.005 -60.5186
142.844214 73.904 -61.4259
143.879322 73.804 -62.4221
144.921931 73.705 -63.5115
145.972095 73.603 -64.6968
147.029869 73.496 -65.9786
148.095308 73.382 -67.3569
149.168468 73.258 -68.8301
150.249404 73.122 -70.3967
151.338173 72.972 -72.0538
152.434832 72.806 -73.7979
153.539437 72.620 -75.6248
154.652047 72.413 -77.5303
155.772720 72.181 -79.5089
156.901513 71.923 -81.5551
158.038486 71.634 -83.6614
159.183698 71.311 -85.8202
160.337209 70.950 -88.0231
161.499079 70.546 -90.2603
162.669367 70.095 -92.5198
163.848137 69.589 -94.7875
165.035448 69.022 -97.0453
166.231363 68.384 -99.2697
167.435944 67.662 -101.4281
168.649254 66.842 -103.4742
169.871356 65.903 -105.3392
171.102314 64.817 -106.9147
172.342191 63.548 -108.0207
173.591054 62.040 -108.3344
174.848966 60.222 -107.2272
176.115994 58.003 -103.3244
177.392203 55.374 -93.2776
178.677660 52.963 -69.7167
179.972432 52.880 -33.3041
181.276587 55.233 -8.8664
182.590191 57.879 1.5196
183.913315 60.121 5.3971
185.246027 61.954 6.2874
186.588396 63.466 5.6339
187.940492 64.731 4.0964
189.302387 65.804 2.0138
190.674150 66.721 -0.4225
192.055853 67.511 -3.0948
193.447569 68.193 -5.9258
194.849370 68.782 -8.8627
196.261329 69.291 -11.8666
197.683519 69.729 -14.9081
199.116016 70.103 -17.9634
200.558892 70.420 -21.0124
202.012225 70.685 -24.0389
203.476089 70.902 -27.0286
204.950560 71.075 -29.9680
206.435716 71.207 -32.8448
207.931635 71.302 -35.6478
209.438393 71.361 -38.3656
210.956070 71.389 -40.9868
212.484745 71.386 -43.5001
214.024497 71.356 -45.8942
215.575406 71.301 -48.1575
217.137555 71.225 -50.2784
218.711023 71.129 -52.2454
220.295893 71.017 -54.0480
221.892248 70.894 -55.6774
223.500171 70.763 -57.1278
225.119745 70.629 -58.3971
226.751056 70.496 -59.4873
228.394187 70.371 -60.4072
230.049226 70.257 -61.1733
231.716257 70.160 -61.8090
233.395369 70.083 -62.3453
235.086648 70.030 -62.8196
236.790182 70.000 -63.2731
238.506062 69.995 -63.7468
240.234375 70.011 -64.2803
241.975212 70.047 -64.9079
243.728664 70.098 -65.6567
245.494823 70.160 -66.5455
247.273780 70.226 -67.5844
249.065627 70.293 -68.7758
250.870459 70.356 -70.1148
252.688370 70.410 -71.5914
254.519454 70.452 -73.1915
256.363807 70.479 -74.8975
258.221525 70.489 -76.6901
260.092705 70.481 -78.5492
261.977444 70.451 -80.4539
263.875840 70.401 -82.3834
265.787993 70.329 -84.3170
267.714003 70.237 -86.2344
269.653969 70.123 -88.1160
271.607992 69.989 -89.9428
273.576176 69.836 -91.6967
275.558622 69.665 -93.3592
277.555433 69.477 -94.9131
279.566714 69.276 -96.3425
281.592570 69.064 -97.6332
283.633106 68.843 -98.7722
285.688428 68.617 -99.7497
287.758644 68.389 -100.5604
289.843862 68.164 -101.2026
291.944190 67.946 -101.6801
294.059738 67.738 -102.0034
296.190616 67.544 -102.1882
298.336935 67.367 -102.2548
300.498808 67.210 -102.2280
302.676346 67.073 -102.1344
304.869664 66.955 -101.9996
307.078875 66.857 -101.8466
309.304095 66.777 -101.6934
311.545440 66.711 -101.5519
313.803027 66.658 -101.4276
316.076973 66.616 -101.3202
318.367397 66.583 -101.2240
320.674418 66.558 -101.1298
322.998157 66.542 -101.0274
325.338735 66.533 -100.9070
327.696273 66.534 -100.7614
330.070896 66.548 -100.5875
332.462726 66.576 -100.3879
334.871888 66.621 -100.1704
337.298507 66.685 -99.9485
339.742711 66.767 -99.7394
342.204627 66.871 -99.5634
344.684383 66.994 -99.4407
347.182108 67.136 -99.3911
349.697933 67.296 -99.4319
352.231988 67.471 -99.5767
354.784406 67.659 -99.8346
357.355320 67.858 -100.2122
359.944864 68.064 -100.7131
362.553173 68.276 -101.3378
365.180383 68.491 -102.0853
367.826630 68.709 -102.9532
370.492054 68.925 -103.9390
373.176792 69.140 -105.0393
375.880985 69.351 -106.2504
378.604773 69.556 -107.5676
381.348300 69.755 -108.9854
384.111707 69.944 -110.4967
386.895138 70.123 -112.0939
389.698740 70.290 -113.7665
392.522658 70.443 -115.5027
395.367039 70.582 -117.2885
398.232031 70.706 -119.1078
401.117785 70.813 -120.9418
404.024450 70.904 -122.7723
406.952177 70.981 -124.5806
409.901120 71.043 -126.3501
412.871433 71.093 -128.0654
415.863270 71.133 -129.7129
418.876786 71.164 -131.2812
421.912140 71.191 -132.7622
424.969489 71.214 -134.1516
428.048993 71.238 -135.4492
431.150813 71.265 -136.6577
434.275109 71.298 -137.7844
437.422046 71.340 -138.8423
440.591786 71.392 -139.8459
443.784496 71.457 -140.8130
447.000341 71.535 -141.7634
450.239490 71.626 -142.7184
453.502111 71.730 -143.6976
456.788374 71.845 -144.7197
460.098451 71.971 -145.8005
463.432514 72.104 -146.9540
466.790737 72.243 -148.1902
470.173295 72.386 -149.5162
473.580365 72.528 -150.9358
477.012124 72.669 -152.4487
480.468750 72.805 -154.0535
483.950425 72.935 -155.7456
487.457329 73.056 -157.5187
490.989646 73.166 -159.3646
494.547559 73.264 -161.2737
498.131254 73.348 -163.2349
501.740919 73.417 -165.2363
505.376740 73.471 -167.2651
509.038909 73.508 -169.3079
512.727614 73.528 -171.3503
516.443050 73.532 -173.3787
520.185409 73.519 -175.3779
523.954887 73.490 -177.3348
527.751680 73.447 -179.2357
531.575987 73.389 178.9315
535.428005 73.320 177.1775
539.307937 73.240 175.5104
543.215985 73.153 173.9360
547.152352 73.059 172.4573
551.117243 72.963 171.0737
555.110866 72.865 169.7803
559.133428 72.769 168.5688
563.185140 72.674 167.4280
567.266211 72.583 166.3433
571.376856 72.497 165.2992
575.517288 72.415 164.2805
579.687724 72.336 163.2727
583.888380 72.259 162.2632
588.119476 72.183 161.2423
592.381232 72.105 160.2046
596.673871 72.023 159.1481
600.997615 71.935 158.0743
605.352692 71.840 156.9875
609.739327 71.736 155.8948
614.157750 71.621 154.8042
618.608190 71.494 153.7268
623.090880 71.354 152.6736
627.606053 71.200 151.6566
632.153945 71.032 150.6892
636.734793 70.851 149.7847
641.348836 70.656 148.9576
645.996314 70.448 148.2236
650.677470 70.227 147.5979
655.392547 69.997 147.0940
660.141792 69.757 146.7246
664.925451 69.512 146.4988
669.743775 69.264 146.4229
674.597014 69.016 146.4967
679.485423 68.770 146.7168
684.409254 68.530 147.0732
689.368766 68.299 147.5510
694.364216 68.076 148.1302
699.395865 67.863 148.7897
704.463976 67.657 149.5099
709.568812 67.457 150.2770
714.710640 67.260 151.0845
719.889728 67.061 151.9373
725.106346 66.856 152.8534
730.360766 66.644 153.8621
735.653261 66.422 155.0037
740.984108 66.193 156.3264
746.353584 65.958 157.8838
751.761970 65.725 159.7272
757.209547 65.504 161.8982
762.696599 65.308 164.4189
768.223413 65.153 167.2803
773.790277 65.054 170.4349
779.397480 65.026 173.7927
785.045315 65.077 177.2295
790.734077 65.208 -179.3960
796.464062 65.414 -176.2198
802.235569 65.683 -173.3497
808.048899 65.998 -170.8550
813.904354 66.345 -168.7651
819.802241 66.707 -167.0757
825.742866 67.071 -165.7585
831.726539 67.430 -164.7725
837.753572 67.776 -164.0698
843.824280 68.104 -163.6036
849.938979 68.413 -163.3296
856.097987 68.702 -163.2089
862.301626 68.970 -163.2092
868.550219 69.219 -163.3040
874.844092 69.449 -163.4717
881.183573 69.663 -163.6973
887.568992 69.861 -163.9695
894.000683 70.044 -164.2799
900.478980 70.214 -164.6234
907.004222 70.371 -164.9968
913.576749 70.516 -165.3978
920.196903 70.649 -165.8242
926.865029 70.770 -166.2734
933.581475 70.879 -166.7424
940.346591 70.976 -167.2264
947.160730 71.060 -167.7205
954.024247 71.132 -168.2183
960.937500 71.190 -168.7126
967.900849 71.237 -169.1967
974.914658 71.271 -169.6638
981.979291 71.293 -170.1072
989.095118 71.305 -170.5205
996.262509 71.305 -170.8981
1003.481838 71.294 -171.2351
1010.753481 71.275 -171.5276
1018.077817 71.247 -171.7722
1025.455229 71.211 -171.9656
1032.886100 71.167 -172.1044
1040.370819 71.117 -172.1863
1047.909774 71.061 -172.2083
1055.503361 70.998 -172.1672
1063.151973 70.932 -172.0604
1070.856010 70.862 -171.8857
1078.615875 70.790 -171.6426
1086.431970 70.717 -171.3308
1094.304704 70.643 -170.9514
1102.234487 70.571 -170.5087
1110.221732 70.501 -170.0083
1118.266856 70.435 -169.4564
1126.370279 70.371 -168.8612
1134.532422 70.312 -168.2314
1142.753712 70.257 -167.5767
1151.034577 70.206 -166.9049
1159.375448 70.157 -166.2224
1167.776760 70.111 -165.5352
1176.238952 70.066 -164.8479
1184.762464 70.022 -164.1628
1193.347741 69.977 -163.4807
1201.995231 69.931 -162.8016
1210.705384 69.882 -162.1248
1219.478654 69.829 -161.4471
1228.315499 69.772 -160.7664
1237.216380 69.710 -160.0795
1246.181760 69.642 -159.3817
1255.212106 69.568 -158.6676
1264.307891 69.486 -157.9304
1273.469587 69.396 -157.1620
1282.697672 69.298 -156.3525
1291.992628 69.190 -155.4904
1301.354940 69.073 -154.5625
1310.785094 68.948 -153.5544
1320.283583 68.813 -152.4507
1329.850902 68.672 -151.2334
1339.487550 68.525 -149.8853
1349.194029 68.375 -148.3896
1358.970845 68.225 -146.7313
1368.818508 68.077 -144.8975
1378.737531 67.939 -142.8784
1388.728432 67.813 -140.6710
1398.791730 67.707 -138.2800
1408.927952 67.626 -135.7195
1419.137625 67.575 -133.0139
1429.421281 67.560 -130.1978
1439.779457 67.585 -127.3157
1450.212692 67.652 -124.4197
1460.721531 67.760 -121.5642
1471.306521 67.909 -118.8031
1481.968215 68.094 -116.1846
1492.707168 68.311 -113.7489
1503.523939 68.553 -111.5256
1514.419093 68.813 -109.5341
1525.393198 69.085 -107.7830
1536.446826 69.362 -106.2722
1547.580553 69.639 -104.9944
1558.794960 69.912 -103.9380
1570.090631 70.175 -103.0876
1581.468155 70.425 -102.4249
1592.928125 70.660 -101.9308
1604.471139 70.875 -101.5858
1616.097798 71.071 -101.3701
1627.808709 71.246 -101.2645
1639.604482 71.398 -101.2501
1651.485732 71.526 -101.3096
1663.453078 71.630 -101.4259
1675.507145 71.710 -101.5830
1687.648560 71.765 -101.7656
1699.877958 71.796 -101.9590
1712.195974 71.802 -102.1492
1724.603252 71.783 -102.3223
1737.100438 71.740 -102.4644
1749.688184 71.671 -102.5609
1762.367146 71.579 -102.5973
1775.137984 71.462 -102.5580
1788.001366 71.320 -102.4259
1800.957961 71.156 -102.1824
1814.008445 70.968 -101.8068
1827.153498 70.759 -101.2772
1840.393805 70.530 -100.5698
1853.730057 70.283 -99.6594
1867.162949 70.022 -98.5203
1880.693182 69.750 -97.1274
1894.321460 69.473 -95.4579
1908.048494 69.199 -93.4940
1921.875000 68.934 -91.2269
1935.801698 68.688 -88.6598
1949.829316 68.469 -85.8109
1963.958583 68.287 -82.7164
1978.190236 68.150 -79.4312
1992.525018 68.062 -76.0244
2006.963676 68.026 -72.5747
2021.506962 68.042 -69.1608
2036.155634 68.103 -65.8549
2050.910458 68.204 -62.7157
2065.772200 68.336 -59.7847
2080.741637 68.491 -57.0848
2095.819549 68.659 -54.6232
2111.006721 68.832 -52.3941
2126.303946 69.003 -50.3824
2141.712021 69.168 -48.5663
2157.231749 69.320 -46.9211
2172.863940 69.458 -45.4198
2188.609407 69.577 -44.0351
2204.468973 69.678 -42.7408
2220.443464 69.757 -41.5112
2236.533713 69.815 -40.3213
2252.740558 69.852 -39.1472
2269.064845 69.868 -37.9661
2285.507424 69.864 -36.7563
2302.069153 69.840 -35.4969
2318.750895 69.798 -34.1678
2335.553520 69.740 -32.7506
2352.477904 69.669 -31.2295
2369.524928 69.587 -29.5901
2386.695483 69.496 -27.8210
2403.990462 69.401 -25.9146
2421.410768 69.304 -23.8671
2438.957308 69.210 -21.6799
2456.630998 69.122 -19.3599
2474.432759 69.044 -16.9182
2492.363519 68.978 -14.3715
2510.424213 68.927 -11.7397
2528.615781 68.891 -9.0459
2546.939174 68.872 -6.3145
2565.395345 68.870 -3.5687
2583.985257 68.882 -0.8299
2602.709879 68.908 1.8839
2621.570188 68.945 4.5588
2640.567166 68.992 7.1852
2659.701804 69.044 9.7579
2678.975100 69.101 12.2759
2698.388058 69.159 14.7416
2717.941690 69.217 17.1590
2737.637016 69.274 19.5347
2757.475062 69.328 21.8751
2777.456863 69.378 24.1877
2797.583461 69.424 26.4805
2817.855904 69.465 28.7603
2838.275249 69.500 31.0332
2858.842562 69.530 33.3055
2879.558913 69.555 35.5834
2900.425384 69.574 37.8724
2921.443062 69.588 40.1781
2942.613043 69.596 42.5058
2963.936430 69.598 44.8616
2985.414335 69.595 47.2523
3007.047878 69.588 49.6840
3028.838187 69.576 52.1632
3050.786397 69.560 54.6954
3072.893653 69.543 57.2856
3095.161107 69.524 59.9374
3117.589920 69.506 62.6513
3140.181262 69.489 65.4261
3162.936310 69.475 68.2581
3185.856250 69.466 71.1403
3208.942278 69.461 74.0643
3232.195596 69.462 77.0192
3255.617418 69.468 79.9938
3279.208964 69.479 82.9781
3302.971464 69.495 85.9629
3326.906156 69.512 88.9410
3351.014290 69.530 91.9092
3375.297121 69.548 94.8678
3399.755915 69.562 97.8205
3424.391948 69.572 100.7743
3449.206504 69.575 103.7405
3474.200876 69.572 106.7318
3499.376367 69.562 109.7617
3524.734291 69.546 112.8453
3550.275969 69.524 115.9968
3576.002732 69.497 119.2281
3601.915922 69.469 122.5484
3628.016889 69.440 125.9630
3654.306995 69.414 129.4730
3680.787610 69.393 133.0744
3707.460115 69.379 136.7584
3734.325899 69.374 140.5124
3761.386364 69.378 144.3206
3788.642920 69.394 148.1661
3816.096988 69.420 152.0323
3843.750000 69.455 155.9041
3871.603397 69.497 159.7690
3899.658631 69.545 163.6187
3927.917165 69.597 167.4491
3956.380472 69.650 171.2607
3985.050036 69.703 175.0566
4013.927351 69.755 178.8420
4043.013923 69.803 -177.3751
4072.311269 69.848 -173.5864
4101.820915 69.889 -169.7834
4131.544400 69.926 -165.9592
4161.483274 69.959 -162.1078
4191.639097 69.989 -158.2254
4222.013442 70.015 -154.3090
4252.607892 70.039 -150.3573
4283.424042 70.060 -146.3701
4314.463498 70.078 -142.3483
4345.727879 70.093 -138.2924
4377.218815 70.106 -134.2029
4408.937947 70.114 -130.0779
4440.886929 70.118 -125.9150
4473.067426 70.117 -121.7097
4505.481116 70.111 -117.4565
4538.129690 70.100 -113.1491
4571.014848 70.083 -108.7805
4604.138306 70.061 -104.3430
4637.501790 70.035 -99.8304
4671.107040 70.005 -95.2367
4704.955807 69.971 -90.5587
4739.049856 69.936 -85.7934
4773.390965 69.900 -80.9399
4807.980924 69.864 -75.9991
4842.821536 69.828 -70.9728
4877.914617 69.794 -65.8636
4913.261997 69.761 -60.6732
4948.865519 69.730 -55.4043
4984.727038 69.701 -50.0578
5020.848425 69.674 -44.6345
5057.231563 69.650 -39.1350
5093.878347 69.628 -33.5597
5130.790689 69.610 -27.9088
5167.970514 69.595 -22.1830
5205.419759 69.584 -16.3834
5243.140376 69.577 -10.5133
5281.134332 69.576 -4.5764
5319.403609 69.580 1.4228
5357.950200 69.589 7.4796
5396.776116 69.604 13.5886
5435.883380 69.623 19.7460
5475.274032 69.646 25.9481
5514.950125 69.674 32.1927
5554.913727 69.705 38.4780
5595.166922 69.740 44.8030
5635.711808 69.777 51.1671
5676.550498 69.816 57.5705
5717.685123 69.859 64.0129
5759.117827 69.903 70.4922
5800.850769 69.948 77.0081
5842.886124 69.996 83.5587
5885.226086 70.044 90.1422
5927.872860 70.093 96.7576
5970.828671 70.142 103.4044
6014.095756 70.191 110.0818
6057.676373 70.237 116.7913
6101.572794 70.281 123.5347
6145.787305 70.323 130.3154
6190.322213 70.361 137.1375
6235.179840 70.394 144.0052
6280.362523 70.423 150.9247
6325.872619 70.448 157.9022
6371.712500 70.467 164.9442
6417.884555 70.482 172.0582
6464.391192 70.491 179.2518
6511.234836 70.497 -173.4675
6558.417927 70.499 -166.0922
6605.942927 70.500 -158.6172
6653.812313 70.499 -151.0380
6702.028580 70.500 -143.3533
6750.594241 70.502 -135.5645
6799.511830 70.508 -127.6747
6848.783896 70.519 -119.6903
6898.413007 70.535 -111.6201
6948.401751 70.558 -103.4741
6998.752735 70.588 -95.2633
7049.468582 70.624 -86.9972
7100.551937 70.666 -78.6845
7152.005464 70.712 -70.3332
7203.831844 70.762 -61.9486
7256.033779 70.813 -53.5335
7308.613991 70.866 -45.0876
7361.575220 70.917 -36.6088
7414.920229 70.966 -28.0934
7468.651798 71.013 -19.5352
7522.772727 71.056 -10.9281
7577.285840 71.096 -2.2651
7632.193976 71.132 6.4615
7687.500000 71.164 15.2576
7743.206794 71.193 24.1283
7799.317262 71.219 33.0779
7855.834330 71.243 42.1100
7912.760944 71.265 51.2268
7970.100072 71.287 60.4292
8027.854702 71.308 69.7164
8086.027847 71.330 79.0882
8144.622538 71.351 88.5425
8203.641830 71.374 98.0764
8263.088801 71.399 107.6875
8322.966548 71.424 117.3732
8383.278195 71.451 127.1300
8444.026884 71.480 136.9559
8505.215784 71.509 146.8495
8566.848084 71.539 156.8088
8628.926996 71.569 166.8325
8691.455758 71.600 176.9197
8754.437630 71.631 -172.9308
8817.875894 71.661 -162.7194
8881.773857 71.691 -152.4467
8946.134852 71.719 -142.1127
9010.962233 71.746 -131.7177
9076.259380 71.771 -121.2607
9142.029697 71.793 -110.7405
9208.276612 71.811 -100.1551
9275.003581 71.826 -89.5013
9342.214080 71.837 -78.7761
9409.911614 71.844 -67.9750
9478.099713 71.846 -57.0938
9546.781930 71.843 -46.1281
9615.961848 71.836 -35.0728
9685.643071 71.824 -23.9233
9755.829233 71.808 -12.6756
9826.523994 71.788 -1.3258
9897.731037 71.765 10.1293
9969.454076 71.738 21.6921
10041.696850 71.710 33.3644
10114.463125 71.680 45.1470
10187.756694 71.648 57.0402
10261.581379 71.616 69.0425
10335.941028 71.584 81.1537
10410.839517 71.551 93.3716
10486.280752 71.519 105.6946
10562.268665 71.488 118.1211
10638.807218 71.456 130.6483
10715.900400 71.425 143.2752
10793.552232 71.395 156.0009
10871.766761 71.365 168.8245
10950.548064 71.334 -178.2552
11029.900250 71.305 -165.2377
11109.827454 71.274 -152.1232
11190.333843 71.243 -138.9104
11271.423615 71.212 -125.5991
11353.100997 71.181 -112.1887
11435.370247 71.149 -98.6782
11518.235653 71.117 -85.0679
11601.701537 71.084 -71.3571
11685.772249 71.052 -57.5457
11770.452172 71.018 -43.6332
11855.745720 70.984 -29.6194
11941.657341 70.950 -15.5040
12028.191513 70.916 -1.2868
12115.352747 70.881 13.0318
12203.145587 70.845 27.4526
12291.574610 70.810 41.9755
12380.644427 70.773 56.6008
12470.359680 70.736 71.3283
12560.725047 70.699 86.1584
12651.745238 70.660 101.0915
12743.425000 70.621 116.1269
12835.769110 70.581 131.2659
12928.782385 70.540 146.5085
13022.469671 70.498 161.8560
13116.835855 70.454 177.3086
13211.885854 70.408 -167.1323
13307.624625 70.361 -151.4655
13404.057159 70.312 -135.6891
13501.188483 70.260 -119.8013
13599.023660 70.206 -103.7981
13697.567791 70.150 -87.6772
13796.826014 70.093 -71.4355
13896.803503 70.033 -55.0706
13997.505470 69.973 -38.5793
14098.937164 69.911 -21.9600
14201.103875 69.848 -5.2115
14304.010928 69.786 11.6674
14407.663687 69.724 28.6768
14512.067557 69.663 45.8168
14617.227981 69.604 63.0863
14723.150441 69.547 80.4841
14829.840458 69.493 98.0076
14937.303595 69.441 115.6555
15045.545455 69.393 133.4238
15154.571679 69.348 151.3092
15264.387953 69.307 169.3094
15375.000000 69.271 -172.5793
15486.413588 69.238 -154.3608
15598.634525 69.209 -136.0386
15711.668661 69.184 -117.6155
15825.521888 69.164 -99.0948
15940.200144 69.146 -80.4800
16055.709405 69.133 -61.7740
16172.055694 69.123 -42.9792
16289.245076 69.116 -24.0999
16407.283660 69.111 -5.1383
16526.177601 69.109 13.9033
16645.933097 69.110 33.0222
16766.556390 69.111 52.2158
16888.053769 69.114 71.4814
17010.431568 69.118 90.8179
17133.696167 69.121 110.2228
17257.853993 69.125 129.6927
17382.911517 69.127 149.2283
17508.875259 69.128 168.8295
17635.751787 69.126 -171.5217
17763.547714 69.118 -151.8246
17892.269704 69.103 -132.0303
18021.924466 69.085 -112.1490
18152.518759 69.062 -92.1980
18284.059393 69.035 -72.1796
18416.553225 69.001 -52.0956
18550.007161 68.958 -31.9468
18684.428160 68.906 -11.7345
18819.823228 68.843 8.5428
18956.199425 68.765 28.8862
19093.563861 68.671 49.2959
19231.923695 68.557 69.7761
19371.286142 68.421 90.3298
19511.658467 68.259 110.9600
19653.047987 68.065 131.6704
19795.462074 67.837 152.4622
19938.908153 67.568 173.3301
20083.393701 67.244 -165.5959
20228.926250 66.862 -144.2671
20375.513389 66.418 -122.8159
20523.162758 65.905 -101.2363
20671.882055 65.313 -79.5210
20821.679034 64.633 -57.6631
20972.561504 63.851 -35.6562
21124.537330 62.953 -13.4939
21277.614435 61.925 8.8296
21431.800801 60.748 31.3203
21587.104464 59.402 53.9832
21743.533521 57.862 76.8237
21901.096129 56.103 99.8450
22059.800499 54.090 123.0522
22219.654907 51.786 146.4487
22380.667686 49.147 170.0376
22542.847230 46.118 -166.1785
22706.201994 42.636 -142.1970
22870.740494 38.624 -118.0151
23036.471307 33.993 -93.6321
23203.403074 28.642 -69.0452
23371.544498 22.473 -44.2532
23540.904344 15.413 -19.2551
23711.491441 7.475 5.9509
23883.314682 -0.769 31.3645
