* Measurement data measured by REW V5.40 beta 133
* Source: Frequency response averaged data
* Format: Averaged data produced from the rms magnitudes of R.0, R 120.green.1, R 120.green.2, R 120.green.3, R 120.green.4
* Dated: Sep 12, 2026, 4:18:47 PM
* REW Settings:
*  C-weighting compensation: Off
*  Target level: 75.0 dB
* Note: ; Averaged data produced from the rms magnitudes of R.0, R 120.green.1, R 120.green.2, R 120.green.3, R 120.green.4
* Measurement: R-SP.clean-fdw6
* Smoothing: 1/48 octave
* Frequency Step: 96 ppo
* Start Frequency: 15.12345 Hz
*
* Freq(Hz) SPL(dB)
15.123450 68.772
15.233041 68.933
15.343426 69.130
15.454611 69.330
15.566601 69.531
15.679403 69.729
15.793023 69.925
15.907465 70.118
16.022737 70.308
16.138845 70.494
16.255794 70.677
16.373590 70.856
16.492239 71.029
16.611749 71.199
16.732125 71.365
16.853372 71.525
16.975499 71.682
17.098510 71.834
17.222413 71.981
17.347214 72.125
17.472919 72.264
17.599535 72.399
17.727069 72.530
17.855526 72.656
17.984915 72.778
18.115241 72.896
18.246511 73.010
18.378733 73.120
18.511913 73.226
18.646058 73.328
18.781175 73.427
18.917271 73.522
19.054353 73.613
19.192429 73.702
19.331505 73.787
19.471589 73.869
19.612689 73.948
19.754810 74.025
19.897962 74.101
20.042150 74.175
20.187384 74.247
20.333670 74.319
20.481016 74.390
20.629430 74.461
20.778920 74.532
20.929492 74.603
21.081156 74.676
21.233919 74.749
21.387788 74.822
21.542773 74.897
21.698881 74.973
21.856120 75.050
22.014499 75.128
22.174025 75.207
22.334707 75.286
22.496553 75.366
22.659573 75.445
22.823773 75.525
22.989164 75.604
23.155753 75.682
23.323549 75.759
23.492561 75.835
23.662798 75.910
23.834268 75.982
24.006981 76.052
24.180945 76.120
24.356170 76.185
24.532665 76.246
24.710439 76.304
24.889501 76.359
25.069861 76.409
25.251527 76.454
25.434510 76.494
25.618819 76.529
25.804464 76.557
25.991454 76.579
26.179798 76.594
26.369508 76.601
26.560592 76.600
26.753061 76.590
26.946925 76.571
27.142193 76.541
27.338877 76.502
27.536986 76.451
27.736530 76.388
27.937520 76.313
28.139967 76.226
28.343881 76.126
28.549272 76.012
28.756152 75.885
28.964531 75.744
29.174420 75.589
29.385830 75.422
29.598772 75.240
29.813257 75.047
30.029296 74.841
30.246901 74.624
30.466082 74.397
30.686852 74.160
30.909221 73.917
31.133202 73.667
31.358806 73.413
31.586045 73.156
31.814931 72.897
32.045475 72.639
32.277690 72.384
32.511587 72.133
32.747179 71.886
32.984479 71.646
33.223498 71.412
33.464249 71.186
33.706745 70.967
33.950998 70.754
34.197021 70.549
34.444827 70.348
34.694428 70.153
34.945838 69.961
35.199070 69.771
35.454137 69.583
35.711052 69.397
35.969829 69.213
36.230482 69.031
36.493023 68.851
36.757466 68.673
37.023826 68.500
37.292116 68.331
37.562350 68.169
37.834542 68.014
38.108707 67.870
38.384858 67.737
38.663011 67.617
38.943179 67.513
39.225377 67.424
39.509620 67.353
39.795923 67.298
40.084301 67.260
40.374768 67.237
40.667341 67.228
40.962033 67.230
41.258861 67.241
41.557839 67.257
41.858985 67.274
42.162312 67.289
42.467838 67.299
42.775577 67.300
43.085546 67.288
43.397762 67.259
43.712240 67.211
44.028997 67.140
44.348049 67.045
44.669414 66.923
44.993107 66.772
45.319145 66.591
45.647546 66.380
45.978327 66.139
46.311505 65.870
46.647097 65.577
46.985122 65.268
47.325595 64.950
47.668536 64.637
48.013962 64.344
48.361891 64.090
48.712341 63.894
49.065331 63.775
49.420878 63.744
49.779002 63.806
50.139721 63.954
50.503055 64.175
50.869021 64.453
51.237638 64.767
51.608927 65.101
51.982907 65.438
52.359597 65.767
52.739016 66.082
53.121184 66.376
53.506122 66.649
53.893850 66.900
54.284387 67.131
54.677754 67.345
55.073972 67.547
55.473060 67.741
55.875041 67.933
56.279934 68.129
56.687762 68.334
57.098545 68.552
57.512305 68.787
57.929062 69.041
58.348840 69.316
58.771660 69.611
59.197544 69.924
59.626514 70.251
60.058592 70.589
60.493801 70.933
60.932164 71.279
61.373704 71.622
61.818443 71.959
62.266405 72.285
62.717613 72.598
63.172091 72.895
63.629862 73.174
64.090950 73.435
64.555379 73.677
65.023174 73.900
65.494359 74.103
65.968958 74.289
66.446996 74.458
66.928498 74.613
67.413490 74.756
67.901996 74.888
68.394042 75.014
68.889653 75.135
69.388856 75.254
69.891676 75.373
70.398140 75.495
70.908274 75.621
71.422105 75.752
71.939659 75.889
72.460963 76.030
72.986045 76.175
73.514932 76.322
74.047652 76.468
74.584231 76.610
75.124699 76.746
75.669084 76.871
76.217413 76.983
76.769716 77.078
77.326021 77.153
77.886357 77.206
78.450754 77.233
79.019241 77.233
79.591847 77.203
80.168602 77.143
80.749537 77.051
81.334681 76.928
81.924066 76.772
82.517721 76.586
83.115679 76.369
83.717969 76.124
84.324624 75.853
84.935675 75.560
85.551154 75.250
86.171093 74.929
86.795524 74.603
87.424480 74.282
88.057994 73.976
88.696099 73.695
89.338827 73.452
89.986213 73.256
90.638290 73.117
91.295093 73.039
91.956655 73.025
92.623010 73.072
93.294195 73.176
93.970243 73.328
94.651190 73.521
95.337072 73.744
96.027924 73.990
96.723781 74.251
97.424682 74.523
98.130661 74.800
98.841756 75.080
99.558005 75.358
100.279443 75.635
101.006109 75.908
101.738041 76.176
102.475277 76.437
103.217855 76.691
103.965814 76.938
104.719193 77.174
105.478032 77.400
106.242369 77.614
107.012245 77.814
107.787700 78.001
108.568774 78.172
109.355508 78.326
110.147943 78.463
110.946120 78.581
111.750082 78.681
112.559869 78.760
113.375524 78.819
114.197090 78.857
115.024609 78.874
115.858125 78.870
116.697681 78.845
117.543320 78.800
118.395087 78.736
119.253027 78.652
120.117184 78.551
120.987602 78.433
121.864328 78.299
122.747407 78.150
123.636886 77.989
124.532810 77.817
125.435226 77.635
126.344181 77.445
127.259723 77.249
128.181899 77.048
129.110758 76.844
130.046348 76.639
130.988718 76.433
131.937916 76.229
132.893992 76.027
133.856997 75.828
134.826980 75.635
135.803992 75.446
136.788084 75.263
137.779306 75.086
138.777712 74.915
139.783353 74.749
140.796280 74.589
141.816548 74.434
142.844209 74.283
143.879317 74.134
144.921926 73.987
145.972090 73.840
147.029864 73.692
148.095303 73.540
149.168463 73.384
150.249399 73.221
151.338168 73.050
152.434827 72.868
153.539432 72.673
154.652042 72.463
155.772715 72.235
156.901508 71.987
158.038481 71.716
159.183693 71.419
160.337204 71.093
161.499073 70.733
162.669362 70.337
163.848131 69.899
165.035443 69.412
166.231357 68.872
167.435938 68.269
168.649248 67.594
169.871350 66.834
171.102308 65.975
172.342186 64.996
173.591048 63.873
174.848961 62.577
176.115988 61.080
177.392197 59.374
178.677654 57.545
179.972426 55.984
181.276581 55.504
182.590185 56.489
183.913309 58.240
185.246021 60.066
186.588390 61.715
187.940486 63.148
189.302381 64.383
190.674144 65.449
192.055847 66.373
193.447563 67.178
194.849364 67.879
196.261322 68.492
197.683513 69.027
199.116009 69.492
200.558886 69.897
202.012218 70.245
203.476082 70.544
204.950554 70.797
206.435710 71.007
207.931628 71.179
209.438386 71.315
210.956063 71.418
212.484738 71.490
214.024490 71.533
215.575399 71.550
217.137548 71.542
218.711016 71.511
220.295886 71.459
221.892241 71.388
223.500163 71.301
225.119738 71.201
226.751048 71.090
228.394180 70.972
230.049218 70.849
231.716250 70.727
233.395361 70.608
235.086640 70.496
236.790175 70.394
238.506054 70.305
240.234367 70.231
241.975204 70.173
243.728657 70.131
245.494815 70.104
247.273771 70.090
249.065619 70.087
250.870451 70.092
252.688362 70.101
254.519446 70.113
256.363799 70.123
258.221517 70.130
260.092696 70.130
261.977435 70.122
263.875832 70.105
265.787985 70.076
267.713994 70.035
269.653960 69.982
271.607984 69.915
273.576167 69.837
275.558613 69.745
277.555424 69.641
279.566705 69.525
281.592561 69.399
283.633096 69.262
285.688419 69.118
287.758635 68.966
289.843852 68.809
291.944181 68.648
294.059728 68.486
296.190606 68.324
298.336926 68.164
300.498798 68.007
302.676336 67.855
304.869654 67.708
307.078865 67.566
309.304085 67.429
311.545430 67.296
313.803016 67.167
316.076962 67.041
318.367386 66.918
320.674408 66.798
322.998147 66.683
325.338724 66.573
327.696263 66.471
330.070885 66.383
332.462715 66.311
334.871877 66.261
337.298496 66.237
339.742700 66.243
342.204616 66.282
344.684372 66.355
347.182097 66.463
349.697921 66.604
352.231977 66.776
354.784395 66.973
357.355309 67.193
359.944853 67.428
362.553161 67.675
365.180371 67.929
367.826618 68.186
370.492042 68.442
373.176780 68.695
375.880973 68.941
378.604761 69.178
381.348287 69.405
384.111694 69.620
386.895126 69.822
389.698727 70.010
392.522645 70.184
395.367026 70.342
398.232018 70.485
401.117772 70.612
404.024436 70.723
406.952164 70.820
409.901107 70.902
412.871420 70.970
415.863256 71.025
418.876773 71.067
421.912126 71.099
424.969476 71.121
428.048980 71.134
431.150799 71.141
434.275095 71.143
437.422032 71.142
440.591772 71.141
443.784482 71.141
447.000327 71.146
450.239476 71.157
453.502096 71.177
456.788360 71.207
460.098436 71.249
463.432499 71.304
466.790722 71.371
470.173280 71.451
473.580350 71.543
477.012108 71.643
480.468734 71.752
483.950409 71.865
487.457313 71.981
490.989630 72.097
494.547543 72.209
498.131238 72.315
501.740903 72.413
505.376724 72.501
509.038892 72.577
512.727598 72.639
516.443033 72.687
520.185392 72.720
523.954870 72.737
527.751663 72.740
531.575969 72.728
535.427988 72.702
539.307920 72.664
543.215967 72.613
547.152334 72.553
551.117225 72.484
555.110848 72.409
559.133410 72.329
563.185121 72.245
567.266193 72.159
571.376838 72.072
575.517270 71.985
579.687705 71.898
583.888361 71.812
588.119457 71.724
592.381213 71.635
596.673851 71.543
600.997596 71.446
605.352672 71.342
609.739307 71.230
614.157730 71.108
618.608170 70.974
623.090860 70.829
627.606033 70.670
632.153925 70.500
636.734773 70.318
641.348815 70.126
645.996293 69.928
650.677449 69.727
655.392526 69.525
660.141770 69.328
664.925430 69.139
669.743753 68.963
674.596993 68.803
679.485401 68.659
684.409232 68.535
689.368743 68.428
694.364193 68.338
699.395843 68.261
704.463953 68.194
709.568789 68.134
714.710617 68.077
719.889705 68.017
725.106323 67.954
730.360742 67.883
735.653237 67.804
740.984084 67.717
746.353560 67.621
751.761945 67.519
757.209522 67.414
762.696574 67.308
768.223388 67.207
773.790252 67.115
779.397455 67.036
785.045290 66.975
790.734052 66.936
796.464037 66.922
802.235543 66.933
808.048873 66.970
813.904328 67.032
819.802214 67.116
825.742839 67.220
831.726512 67.341
837.753545 67.475
843.824253 67.619
849.938951 67.771
856.097959 67.928
862.301598 68.090
868.550191 68.253
874.844063 68.418
881.183544 68.584
887.568963 68.748
894.000654 68.911
900.478951 69.070
907.004193 69.226
913.576719 69.376
920.196873 69.520
926.864999 69.657
933.581444 69.785
940.346560 69.905
947.160699 70.014
954.024216 70.113
960.937469 70.202
967.900818 70.281
974.914626 70.349
981.979259 70.408
989.095086 70.459
996.262477 70.500
1003.481805 70.535
1010.753448 70.563
1018.077784 70.586
1025.455196 70.605
1032.886067 70.620
1040.370785 70.632
1047.909740 70.643
1055.503326 70.652
1063.151939 70.660
1070.855976 70.669
1078.615840 70.679
1086.431935 70.690
1094.304668 70.702
1102.234451 70.717
1110.221696 70.735
1118.266820 70.755
1126.370243 70.777
1134.532386 70.802
1142.753675 70.828
1151.034539 70.855
1159.375410 70.881
1167.776722 70.905
1176.238914 70.926
1184.762426 70.943
1193.347703 70.952
1201.995192 70.954
1210.705345 70.945
1219.478615 70.924
1228.315459 70.889
1237.216340 70.840
1246.181719 70.775
1255.212066 70.692
1264.307850 70.592
1273.469546 70.472
1282.697631 70.333
1291.992587 70.176
1301.354897 69.999
1310.785051 69.805
1320.283540 69.594
1329.850859 69.369
1339.487507 69.133
1349.193985 68.888
1358.970801 68.640
1368.818464 68.394
1378.737487 68.156
1388.728387 67.932
1398.791685 67.732
1408.927906 67.561
1419.137579 67.426
1429.421235 67.334
1439.779410 67.287
1450.212645 67.288
1460.721484 67.335
1471.306474 67.425
1481.968167 67.553
1492.707119 67.714
1503.523890 67.899
1514.419044 68.104
1525.393149 68.321
1536.446776 68.544
1547.580503 68.770
1558.794909 68.994
1570.090580 69.212
1581.468104 69.423
1592.928073 69.624
1604.471087 69.812
1616.097746 69.987
1627.808656 70.147
1639.604429 70.291
1651.485678 70.418
1663.453024 70.529
1675.507091 70.621
1687.648506 70.695
1699.877902 70.750
1712.195918 70.787
1724.603196 70.805
1737.100382 70.804
1749.688127 70.786
1762.367088 70.749
1775.137927 70.696
1788.001308 70.626
1800.957903 70.541
1814.008386 70.442
1827.153438 70.331
1840.393745 70.208
1853.729997 70.076
1867.162889 69.937
1880.693121 69.793
1894.321398 69.647
1908.048432 69.501
1921.874938 69.359
1935.801636 69.223
1949.829252 69.097
1963.958519 68.983
1978.190172 68.884
1992.524953 68.802
2006.963611 68.740
2021.506896 68.697
2036.155568 68.674
2050.910391 68.669
2065.772133 68.683
2080.741570 68.712
2095.819481 68.755
2111.006653 68.807
2126.303877 68.866
2141.711952 68.930
2157.231679 68.994
2172.863869 69.057
2188.609336 69.116
2204.468902 69.169
2220.443392 69.213
2236.533640 69.249
2252.740485 69.274
2269.064771 69.289
2285.507350 69.293
2302.069078 69.286
2318.750820 69.268
2335.553444 69.241
2352.477827 69.205
2369.524851 69.162
2386.695405 69.112
2403.990384 69.059
2421.410689 69.002
2438.957229 68.946
2456.630919 68.890
2474.432679 68.838
2492.363438 68.791
2510.424131 68.751
2528.615699 68.718
2546.939091 68.695
2565.395262 68.680
2583.985173 68.675
2602.709795 68.678
2621.570103 68.690
2640.567081 68.709
2659.701718 68.735
2678.975013 68.765
2698.387971 68.800
2717.941602 68.837
2737.636927 68.877
2757.474973 68.917
2777.456773 68.956
2797.583370 68.994
2817.855812 69.031
2838.275157 69.065
2858.842469 69.096
2879.558820 69.125
2900.425290 69.150
2921.442968 69.172
2942.612948 69.190
2963.936334 69.204
2985.414238 69.216
3007.047781 69.224
3028.838089 69.229
3050.786298 69.231
3072.893553 69.231
3095.161006 69.229
3117.589819 69.226
3140.181160 69.223
3162.936207 69.219
3185.856147 69.216
3208.942174 69.213
3232.195491 69.212
3255.617312 69.212
3279.208857 69.214
3302.971357 69.217
3326.906049 69.222
3351.014181 69.228
3375.297011 69.234
3399.755805 69.239
3424.391837 69.243
3449.206392 69.244
3474.200763 69.243
3499.376254 69.239
3524.734177 69.231
3550.275854 69.220
3576.002616 69.206
3601.915805 69.190
3628.016772 69.172
3654.306877 69.154
3680.787491 69.137
3707.459994 69.121
3734.325778 69.110
3761.386242 69.103
3788.642797 69.102
3816.096864 69.107
3843.749875 69.119
3871.603271 69.137
3899.658505 69.162
3927.917038 69.193
3956.380344 69.229
3985.049907 69.270
4013.927221 69.313
4043.013792 69.359
4072.311137 69.405
4101.820782 69.452
4131.544266 69.498
4161.483139 69.542
4191.638962 69.584
4222.013305 69.623
4252.607754 69.659
4283.423903 69.692
4314.463358 69.720
4345.727738 69.744
4377.218673 69.763
4408.937804 69.778
4440.886785 69.786
4473.067281 69.790
4505.480970 69.788
4538.129543 69.780
4571.014700 69.766
4604.138157 69.747
4637.501640 69.723
4671.106889 69.694
4704.955655 69.660
4739.049703 69.623
4773.390810 69.583
4807.980768 69.540
4842.821379 69.496
4877.914459 69.452
4913.261838 69.409
4948.865358 69.367
4984.726877 69.327
5020.848262 69.291
5057.231399 69.260
5093.878182 69.233
5130.790523 69.211
5167.970346 69.195
5205.419590 69.185
5243.140206 69.181
5281.134161 69.182
5319.403436 69.190
5357.950026 69.203
5396.775941 69.221
5435.883204 69.244
5475.273855 69.271
5514.949946 69.302
5554.913547 69.336
5595.166740 69.374
5635.711625 69.414
5676.550314 69.456
5717.684938 69.500
5759.117640 69.545
5800.850581 69.591
5842.885935 69.638
5885.225895 69.684
5927.872668 69.730
5970.828477 69.776
6014.095561 69.820
6057.676177 69.864
6101.572596 69.905
6145.787106 69.945
6190.322013 69.982
6235.179638 70.017
6280.362320 70.048
6325.872414 70.076
6371.712293 70.100
6417.884347 70.121
6464.390983 70.138
6511.234625 70.151
6558.417715 70.161
6605.942713 70.168
6653.812097 70.173
6702.028362 70.178
6750.594023 70.183
6799.511610 70.189
6848.783674 70.198
6898.412783 70.211
6948.401526 70.228
6998.752508 70.251
7049.468354 70.280
7100.551707 70.316
7152.005232 70.357
7203.831610 70.403
7256.033544 70.453
7308.613754 70.506
7361.574982 70.560
7414.919989 70.615
7468.651556 70.669
7522.772483 70.721
7577.285594 70.770
7632.193729 70.815
7687.499751 70.856
7743.206543 70.893
7799.317010 70.925
7855.834076 70.954
7912.760688 70.979
7970.099813 71.002
8027.854442 71.024
8086.027585 71.043
8144.622274 71.063
8203.641564 71.083
8263.088533 71.104
8322.966279 71.126
8383.277923 71.150
8444.026611 71.175
8505.215508 71.202
8566.847806 71.230
8628.926717 71.259
8691.455477 71.289
8754.437346 71.319
8817.875608 71.349
8881.773569 71.378
8946.134562 71.406
9010.961941 71.432
9076.259085 71.456
9142.029400 71.477
9208.276314 71.495
9275.003280 71.510
9342.213777 71.521
9409.911309 71.528
9478.099405 71.530
9546.781621 71.528
9615.961536 71.522
9685.642757 71.511
9755.828917 71.496
9826.523675 71.477
9897.730716 71.454
9969.453753 71.428
10041.696525 71.400
10114.462797 71.369
10187.756364 71.337
10261.581046 71.303
10335.940693 71.269
10410.839180 71.235
10486.280412 71.201
10562.268322 71.168
10638.806873 71.134
10715.900053 71.102
10793.551882 71.070
10871.766408 71.039
10950.547709 71.009
11029.899892 70.978
11109.827094 70.948
11190.333480 70.918
11271.423250 70.887
11353.100629 70.857
11435.369876 70.826
11518.235280 70.794
11601.701161 70.763
11685.771870 70.730
11770.451790 70.697
11855.745336 70.664
11941.656954 70.630
12028.191123 70.596
12115.352354 70.561
12203.145191 70.525
12291.574212 70.489
12380.644026 70.452
12470.359276 70.415
12560.724640 70.377
12651.744828 70.338
12743.424587 70.298
12835.768694 70.258
12928.781965 70.217
13022.469249 70.174
13116.835429 70.130
13211.885426 70.085
13307.624194 70.039
13404.056725 69.990
13501.188045 69.940
13599.023219 69.887
13697.567347 69.833
13796.825567 69.776
13896.803052 69.718
13997.505016 69.659
14098.936707 69.598
14201.103415 69.536
14304.010464 69.475
14407.663220 69.413
14512.067087 69.353
14617.227507 69.294
14723.149963 69.238
14829.839977 69.183
14937.303111 69.133
15045.544967 69.085
15154.571188 69.042
15264.387458 69.002
15374.999502 68.967
15486.413086 68.936
15598.634019 68.909
15711.668151 68.886
15825.521375 68.867
15940.199627 68.852
16055.708884 68.840
16172.055169 68.832
16289.244548 68.826
16407.283129 68.822
16526.177066 68.820
16645.932557 68.820
16766.555846 68.821
16888.053221 68.822
17010.431017 68.823
17133.695612 68.823
17257.853433 68.822
17382.910953 68.820
17508.874692 68.816
17635.751215 68.807
17763.547139 68.793
17892.269124 68.772
18021.923881 68.746
18152.518171 68.716
18284.058800 68.680
18416.552628 68.637
18550.006560 68.587
18684.427554 68.526
18819.822618 68.454
18956.198811 68.368
19093.563242 68.266
19231.923072 68.145
19371.285514 68.001
19511.657834 67.832
19653.047350 67.632
19795.461433 67.397
19938.907506 67.121
20083.393050 66.794
20228.925594 66.409
20375.512728 65.963
20523.162093 65.448
20671.881385 64.857
20821.678359 64.178
20972.560824 63.400
21124.536645 62.510
21277.613745 61.493
21431.800106 60.332
21587.103764 59.008
21743.532817 57.499
21901.095419 55.781
22059.799784 53.825
22219.654187 51.597
22380.666961 49.061
22542.846499 46.172
22706.201258 42.881
22870.739752 39.132
23036.470560 34.866
23203.402322 30.024
23371.543740 24.556
23540.903581 18.438
23711.490672 11.689
23883.313908 4.605
24056.382246 0.199
