* Measurement data measured by REW V5.40 beta 133
* Source: Frequency response averaged data
* Format: Averaged data produced from the rms magnitudes of SUM.0.clean-fdw6, SUM.1.clean-fdw6, SUM.2.clean-fdw6, SUM.3.clean-fdw6, SUM.4.clean-fdw6
* Dated: Sep 12, 2026, 4:18:47 PM
* REW Settings:
*  C-weighting compensation: Off
*  Target level: 75.0 dB
* Note: ; Averaged data produced from the rms magnitudes of SUM.0.clean-fdw6, SUM.1.clean-fdw6, SUM.2.clean-fdw6, SUM.3.clean-fdw6, SUM.4.clean-fdw6
* Measurement: SUM-SP.clean-fdw6
* Smoothing: 1/48 octave
* Frequency Step: 96 ppo
* Start Frequency: 15.12345 Hz
*
* Freq(Hz) SPL(dB)
15.123450 68.851
15.233041 69.003
15.343426 69.191
15.454611 69.386
15.566601 69.583
15.679403 69.780
15.793023 69.975
15.907465 70.166
16.022737 70.355
16.138845 70.540
16.255794 70.721
16.373590 70.899
16.492239 71.073
16.611749 71.243
16.732125 71.409
16.853372 71.571
16.975499 71.730
17.098510 71.885
17.222413 72.037
17.347214 72.184
17.472919 72.328
17.599535 72.469
17.727069 72.605
17.855526 72.738
17.984915 72.866
18.115241 72.992
18.246511 73.113
18.378733 73.230
18.511913 73.343
18.646058 73.452
18.781175 73.557
18.917271 73.658
19.054353 73.756
19.192429 73.850
19.331505 73.940
19.471589 74.027
19.612689 74.110
19.754810 74.190
19.897962 74.267
20.042150 74.342
20.187384 74.415
20.333670 74.486
20.481016 74.555
20.629430 74.623
20.778920 74.690
20.929492 74.755
21.081156 74.821
21.233919 74.885
21.387788 74.949
21.542773 75.012
21.698881 75.074
21.856120 75.135
22.014499 75.195
22.174025 75.254
22.334707 75.311
22.496553 75.366
22.659573 75.418
22.823773 75.468
22.989164 75.515
23.155753 75.559
23.323549 75.598
23.492561 75.634
23.662798 75.665
23.834268 75.691
24.006981 75.712
24.180945 75.727
24.356170 75.737
24.532665 75.740
24.710439 75.737
24.889501 75.727
25.069861 75.711
25.251527 75.687
25.434510 75.656
25.618819 75.618
25.804464 75.572
25.991454 75.518
26.179798 75.456
26.369508 75.386
26.560592 75.307
26.753061 75.221
26.946925 75.127
27.142193 75.025
27.338877 74.915
27.536986 74.797
27.736530 74.673
27.937520 74.542
28.139967 74.405
28.343881 74.263
28.549272 74.116
28.756152 73.967
28.964531 73.817
29.174420 73.666
29.385830 73.518
29.598772 73.374
29.813257 73.236
30.029296 73.106
30.246901 72.985
30.466082 72.877
30.686852 72.781
30.909221 72.700
31.133202 72.633
31.358806 72.582
31.586045 72.544
31.814931 72.520
32.045475 72.508
32.277690 72.506
32.511587 72.512
32.747179 72.524
32.984479 72.539
33.223498 72.555
33.464249 72.570
33.706745 72.580
33.950998 72.586
34.197021 72.583
34.444827 72.571
34.694428 72.548
34.945838 72.513
35.199070 72.464
35.454137 72.400
35.711052 72.321
35.969829 72.229
36.230482 72.122
36.493023 72.000
36.757466 71.866
37.023826 71.717
37.292116 71.557
37.562350 71.386
37.834542 71.206
38.108707 71.019
38.384858 70.826
38.663011 70.632
38.943179 70.437
39.225377 70.245
39.509620 70.059
39.795923 69.882
40.084301 69.716
40.374768 69.565
40.667341 69.431
40.962033 69.314
41.258861 69.216
41.557839 69.137
41.858985 69.076
42.162312 69.031
42.467838 69.002
42.775577 68.986
43.085546 68.981
43.397762 68.983
43.712240 68.990
44.028997 69.001
44.348049 69.013
44.669414 69.025
44.993107 69.035
45.319145 69.042
45.647546 69.046
45.978327 69.047
46.311505 69.044
46.647097 69.037
46.985122 69.027
47.325595 69.014
47.668536 68.997
48.013962 68.976
48.361891 68.951
48.712341 68.920
49.065331 68.884
49.420878 68.839
49.779002 68.784
50.139721 68.717
50.503055 68.635
50.869021 68.534
51.237638 68.413
51.608927 68.267
51.982907 68.093
52.359597 67.886
52.739016 67.643
53.121184 67.358
53.506122 67.027
53.893850 66.641
54.284387 66.196
54.677754 65.680
55.073972 65.083
55.473060 64.390
55.875041 63.583
56.279934 62.637
56.687762 61.518
57.098545 60.180
57.512305 58.561
57.929062 56.586
58.348840 54.241
58.771660 51.962
59.197544 51.393
59.626514 53.291
60.058592 55.895
60.493801 58.236
60.932164 60.193
61.373704 61.830
61.818443 63.214
62.266405 64.399
62.717613 65.423
63.172091 66.315
63.629862 67.095
64.090950 67.780
64.555379 68.383
65.023174 68.912
65.494359 69.378
65.968958 69.788
66.446996 70.148
66.928498 70.464
67.413490 70.742
67.901996 70.989
68.394042 71.208
68.889653 71.407
69.388856 71.589
69.891676 71.761
70.398140 71.926
70.908274 72.090
71.422105 72.256
71.939659 72.427
72.460963 72.605
72.986045 72.793
73.514932 72.989
74.047652 73.194
74.584231 73.406
75.124699 73.623
75.669084 73.842
76.217413 74.060
76.769716 74.274
77.326021 74.481
77.886357 74.678
78.450754 74.863
79.019241 75.034
79.591847 75.187
80.168602 75.323
80.749537 75.440
81.334681 75.538
81.924066 75.615
82.517721 75.672
83.115679 75.710
83.717969 75.728
84.324624 75.727
84.935675 75.709
85.551154 75.674
86.171093 75.624
86.795524 75.561
87.424480 75.486
88.057994 75.401
88.696099 75.309
89.338827 75.212
89.986213 75.114
90.638290 75.018
91.295093 74.927
91.956655 74.844
92.623010 74.773
93.294195 74.717
93.970243 74.680
94.651190 74.663
95.337072 74.670
96.027924 74.700
96.723781 74.754
97.424682 74.833
98.130661 74.934
98.841756 75.056
99.558005 75.196
100.279443 75.352
101.006109 75.521
101.738041 75.698
102.475277 75.881
103.217855 76.068
103.965814 76.254
104.719193 76.438
105.478032 76.616
106.242369 76.787
107.012245 76.950
107.787700 77.101
108.568774 77.241
109.355508 77.367
110.147943 77.479
110.946120 77.576
111.750082 77.657
112.559869 77.722
113.375524 77.770
114.197090 77.802
115.024609 77.818
115.858125 77.817
116.697681 77.800
117.543320 77.768
118.395087 77.722
119.253027 77.662
120.117184 77.589
120.987602 77.505
121.864328 77.410
122.747407 77.306
123.636886 77.195
124.532810 77.076
125.435226 76.953
126.344181 76.825
127.259723 76.696
128.181899 76.565
129.110758 76.434
130.046348 76.305
130.988718 76.178
131.937916 76.055
132.893992 75.937
133.856997 75.823
134.826980 75.714
135.803992 75.611
136.788084 75.513
137.779306 75.420
138.777712 75.331
139.783353 75.246
140.796280 75.164
141.816548 75.084
142.844209 75.005
143.879317 74.927
144.921926 74.847
145.972090 74.765
147.029864 74.679
148.095303 74.589
149.168463 74.493
150.249399 74.391
151.338168 74.281
152.434827 74.161
153.539432 74.030
154.652042 73.887
155.772715 73.729
156.901508 73.556
158.038481 73.366
159.183693 73.156
160.337204 72.926
161.499073 72.672
162.669362 72.394
163.848131 72.090
165.035443 71.758
166.231357 71.396
167.435938 71.003
168.649248 70.578
169.871350 70.121
171.102308 69.634
172.342186 69.118
173.591048 68.581
174.848961 68.032
176.115988 67.488
177.392197 66.972
178.677654 66.517
179.972426 66.159
181.276581 65.938
182.590185 65.881
183.913309 65.998
185.246021 66.272
186.588390 66.673
187.940486 67.159
189.302381 67.693
190.674144 68.244
192.055847 68.788
193.447563 69.311
194.849364 69.802
196.261322 70.255
197.683513 70.668
199.116009 71.039
200.558886 71.368
202.012218 71.656
203.476082 71.903
204.950554 72.111
206.435710 72.282
207.931628 72.416
209.438386 72.516
210.956063 72.583
212.484738 72.618
214.024490 72.622
215.575399 72.597
217.137548 72.544
218.711016 72.465
220.295886 72.359
221.892241 72.229
223.500163 72.077
225.119738 71.902
226.751048 71.708
228.394180 71.495
230.049218 71.265
231.716250 71.020
233.395361 70.764
235.086640 70.497
236.790175 70.224
238.506054 69.947
240.234367 69.670
241.975204 69.395
243.728657 69.127
245.494815 68.870
247.273771 68.626
249.065619 68.398
250.870451 68.190
252.688362 68.004
254.519446 67.842
256.363799 67.703
258.221517 67.590
260.092696 67.500
261.977435 67.433
263.875832 67.386
265.787985 67.358
267.713994 67.346
269.653960 67.346
271.607984 67.355
273.576167 67.370
275.558613 67.388
277.555424 67.405
279.566705 67.418
281.592561 67.426
283.633096 67.426
285.688419 67.416
287.758635 67.396
289.843852 67.363
291.944181 67.319
294.059728 67.261
296.190606 67.191
298.336926 67.108
300.498798 67.013
302.676336 66.907
304.869654 66.790
307.078865 66.663
309.304085 66.529
311.545430 66.389
313.803016 66.245
316.076962 66.102
318.367386 65.962
320.674408 65.831
322.998147 65.715
325.338724 65.617
327.696263 65.546
330.070885 65.505
332.462715 65.501
334.871877 65.535
337.298496 65.608
339.742700 65.719
342.204616 65.866
344.684372 66.043
347.182097 66.244
349.697921 66.464
352.231977 66.696
354.784395 66.935
357.355309 67.176
359.944853 67.415
362.553161 67.648
365.180371 67.874
367.826618 68.091
370.492042 68.298
373.176780 68.495
375.880973 68.682
378.604761 68.858
381.348287 69.023
384.111694 69.178
386.895126 69.323
389.698727 69.457
392.522645 69.581
395.367026 69.693
398.232018 69.793
401.117772 69.881
404.024436 69.956
406.952164 70.018
409.901107 70.067
412.871420 70.103
415.863256 70.127
418.876773 70.138
421.912126 70.139
424.969476 70.130
428.048980 70.113
431.150799 70.090
434.275095 70.064
437.422032 70.038
440.591772 70.014
443.784482 69.996
447.000327 69.985
450.239476 69.986
453.502096 69.999
456.788360 70.027
460.098436 70.070
463.432499 70.129
466.790722 70.203
470.173280 70.290
473.580350 70.389
477.012108 70.498
480.468734 70.614
483.950409 70.733
487.457313 70.855
490.989630 70.974
494.547543 71.090
498.131238 71.198
501.740903 71.298
505.376724 71.387
509.038892 71.464
512.727598 71.526
516.443033 71.574
520.185392 71.607
523.954870 71.624
527.751663 71.625
531.575969 71.610
535.427988 71.580
539.307920 71.536
543.215967 71.479
547.152334 71.409
551.117225 71.328
555.110848 71.238
559.133410 71.139
563.185121 71.034
567.266193 70.924
571.376838 70.811
575.517270 70.695
579.687705 70.577
583.888361 70.459
588.119457 70.340
592.381213 70.220
596.673851 70.098
600.997596 69.974
605.352672 69.846
609.739307 69.713
614.157730 69.575
618.608170 69.430
623.090860 69.278
627.606033 69.119
632.153925 68.953
636.734773 68.782
641.348815 68.608
645.996293 68.434
650.677449 68.262
655.392526 68.097
660.141770 67.942
664.925430 67.802
669.743753 67.679
674.596993 67.577
679.485401 67.495
684.409232 67.435
689.368743 67.396
694.364193 67.375
699.395843 67.369
704.463953 67.375
709.568789 67.388
714.710617 67.406
719.889705 67.423
725.106323 67.438
730.360742 67.446
735.653237 67.448
740.984084 67.441
746.353560 67.424
751.761945 67.399
757.209522 67.364
762.696574 67.322
768.223388 67.273
773.790252 67.220
779.397455 67.162
785.045290 67.103
790.734052 67.043
796.464037 66.983
802.235543 66.925
808.048873 66.869
813.904328 66.816
819.802214 66.765
825.742839 66.717
831.726512 66.672
837.753545 66.629
843.824253 66.590
849.938951 66.555
856.097959 66.523
862.301598 66.497
868.550191 66.476
874.844063 66.462
881.183544 66.455
887.568963 66.456
894.000654 66.466
900.478951 66.484
907.004193 66.509
913.576719 66.541
920.196873 66.580
926.864999 66.623
933.581444 66.670
940.346560 66.718
947.160699 66.767
954.024216 66.815
960.937469 66.861
967.900818 66.905
974.914626 66.945
981.979259 66.983
989.095086 67.019
996.262477 67.052
1003.481805 67.084
1010.753448 67.115
1018.077784 67.147
1025.455196 67.182
1032.886067 67.219
1040.370785 67.261
1047.909740 67.307
1055.503326 67.360
1063.151939 67.420
1070.855976 67.487
1078.615840 67.562
1086.431935 67.645
1094.304668 67.735
1102.234451 67.833
1110.221696 67.938
1118.266820 68.048
1126.370243 68.163
1134.532386 68.281
1142.753675 68.401
1151.034539 68.521
1159.375410 68.640
1167.776722 68.755
1176.238914 68.865
1184.762426 68.968
1193.347703 69.062
1201.995192 69.146
1210.705345 69.219
1219.478615 69.279
1228.315459 69.325
1237.216340 69.357
1246.181719 69.374
1255.212066 69.374
1264.307850 69.359
1273.469546 69.327
1282.697631 69.278
1291.992587 69.213
1301.354897 69.131
1310.785051 69.033
1320.283540 68.919
1329.850859 68.790
1339.487507 68.647
1349.193985 68.492
1358.970801 68.325
1368.818464 68.151
1378.737487 67.970
1388.728387 67.788
1398.791685 67.607
1408.927906 67.432
1419.137579 67.268
1429.421235 67.120
1439.779410 66.993
1450.212645 66.893
1460.721484 66.823
1471.306474 66.788
1481.968167 66.789
1492.707119 66.827
1503.523890 66.901
1514.419044 67.008
1525.393149 67.145
1536.446776 67.308
1547.580503 67.492
1558.794909 67.691
1570.090580 67.901
1581.468104 68.117
1592.928073 68.335
1604.471087 68.551
1616.097746 68.762
1627.808656 68.966
1639.604429 69.159
1651.485678 69.341
1663.453024 69.509
1675.507091 69.662
1687.648506 69.799
1699.877902 69.920
1712.195918 70.023
1724.603196 70.108
1737.100382 70.175
1749.688127 70.224
1762.367088 70.255
1775.137927 70.268
1788.001308 70.263
1800.957903 70.241
1814.008386 70.202
1827.153438 70.148
1840.393745 70.080
1853.729997 69.998
1867.162889 69.903
1880.693121 69.798
1894.321398 69.685
1908.048432 69.564
1921.874938 69.438
1935.801636 69.310
1949.829252 69.181
1963.958519 69.055
1978.190172 68.935
1992.524953 68.822
2006.963611 68.719
2021.506896 68.628
2036.155568 68.550
2050.910391 68.488
2065.772133 68.441
2080.741570 68.408
2095.819481 68.390
2111.006653 68.384
2126.303877 68.389
2141.711952 68.402
2157.231679 68.421
2172.863869 68.443
2188.609336 68.466
2204.468902 68.487
2220.443392 68.505
2236.533640 68.518
2252.740485 68.524
2269.064771 68.522
2285.507350 68.513
2302.069078 68.495
2318.750820 68.468
2335.553444 68.435
2352.477827 68.394
2369.524851 68.348
2386.695405 68.298
2403.990384 68.245
2421.410689 68.190
2438.957229 68.136
2456.630919 68.082
2474.432679 68.032
2492.363438 67.985
2510.424131 67.942
2528.615699 67.903
2546.939091 67.870
2565.395262 67.840
2583.985173 67.815
2602.709795 67.794
2621.570103 67.775
2640.567081 67.759
2659.701718 67.746
2678.975013 67.734
2698.387971 67.724
2717.941602 67.716
2737.636927 67.710
2757.474973 67.706
2777.456773 67.705
2797.583370 67.705
2817.855812 67.708
2838.275157 67.714
2858.842469 67.722
2879.558820 67.733
2900.425290 67.745
2921.442968 67.759
2942.612948 67.773
2963.936334 67.787
2985.414238 67.801
3007.047781 67.814
3028.838089 67.825
3050.786298 67.834
3072.893553 67.841
3095.161006 67.844
3117.589819 67.845
3140.181160 67.844
3162.936207 67.841
3185.856147 67.837
3208.942174 67.832
3232.195491 67.828
3255.617312 67.824
3279.208857 67.822
3302.971357 67.823
3326.906049 67.827
3351.014181 67.834
3375.297011 67.844
3399.755805 67.858
3424.391837 67.874
3449.206392 67.893
3474.200763 67.913
3499.376254 67.934
3524.734177 67.956
3550.275854 67.977
3576.002616 67.998
3601.915805 68.019
3628.016772 68.039
3654.306877 68.059
3680.787491 68.080
3707.459994 68.101
3734.325778 68.124
3761.386242 68.149
3788.642797 68.176
3816.096864 68.206
3843.749875 68.240
3871.603271 68.276
3899.658505 68.315
3927.917038 68.357
3956.380344 68.400
3985.049907 68.444
4013.927221 68.488
4043.013792 68.531
4072.311137 68.573
4101.820782 68.613
4131.544266 68.648
4161.483139 68.680
4191.638962 68.707
4222.013305 68.729
4252.607754 68.745
4283.423903 68.756
4314.463358 68.760
4345.727738 68.759
4377.218673 68.752
4408.937804 68.740
4440.886785 68.723
4473.067281 68.702
4505.480970 68.678
4538.129543 68.651
4571.014700 68.622
4604.138157 68.593
4637.501640 68.563
4671.106889 68.534
4704.955655 68.505
4739.049703 68.478
4773.390810 68.453
4807.980768 68.429
4842.821379 68.406
4877.914459 68.385
4913.261838 68.366
4948.865358 68.348
4984.726877 68.331
5020.848262 68.315
5057.231399 68.300
5093.878182 68.286
5130.790523 68.273
5167.970346 68.261
5205.419590 68.249
5243.140206 68.238
5281.134161 68.229
5319.403436 68.220
5357.950026 68.213
5396.775941 68.206
5435.883204 68.201
5475.273855 68.198
5514.949946 68.195
5554.913547 68.194
5595.166740 68.192
5635.711625 68.191
5676.550314 68.188
5717.684938 68.184
5759.117640 68.179
5800.850581 68.171
5842.885935 68.161
5885.225895 68.149
5927.872668 68.136
5970.828477 68.121
6014.095561 68.107
6057.676177 68.092
6101.572596 68.080
6145.787106 68.070
6190.322013 68.064
6235.179638 68.062
6280.362320 68.067
6325.872414 68.078
6371.712293 68.096
6417.884347 68.123
6464.390983 68.159
6511.234625 68.205
6558.417715 68.262
6605.942713 68.328
6653.812097 68.405
6702.028362 68.492
6750.594023 68.587
6799.511610 68.689
6848.783674 68.796
6898.412783 68.907
6948.401526 69.019
6998.752508 69.129
7049.468354 69.235
7100.551707 69.334
7152.005232 69.424
7203.831610 69.503
7256.033544 69.567
7308.613754 69.615
7361.574982 69.644
7414.919989 69.653
7468.651556 69.639
7522.772483 69.602
7577.285594 69.541
7632.193729 69.455
7687.499751 69.345
7743.206543 69.211
7799.317010 69.056
7855.834076 68.883
7912.760688 68.697
7970.099813 68.504
8027.854442 68.312
8086.027585 68.129
8144.622274 67.966
8203.641564 67.834
8263.088533 67.743
8322.966279 67.702
8383.277923 67.715
8444.026611 67.785
8505.215508 67.910
8566.847806 68.083
8628.926717 68.295
8691.455477 68.536
8754.437346 68.795
8817.875608 69.059
8881.773569 69.319
8946.134562 69.565
9010.961941 69.791
9076.259085 69.989
9142.029400 70.154
9208.276314 70.281
9275.003280 70.368
9342.213777 70.411
9409.911309 70.408
9478.099405 70.357
9546.781621 70.259
9615.961536 70.112
9685.642757 69.919
9755.828917 69.681
9826.523675 69.403
9897.730716 69.091
9969.453753 68.756
10041.696525 68.410
10114.462797 68.071
10187.756364 67.760
10261.581046 67.501
10335.940693 67.315
10410.839180 67.220
10486.280412 67.222
10562.268322 67.317
10638.806873 67.489
10715.900053 67.718
10793.551882 67.980
10871.766408 68.251
10950.547709 68.511
11029.899892 68.746
11109.827094 68.943
11190.333480 69.094
11271.423250 69.192
11353.100629 69.235
11435.369876 69.221
11518.235280 69.148
11601.701161 69.018
11685.771870 68.835
11770.451790 68.603
11855.745336 68.330
11941.656954 68.028
12028.191123 67.713
12115.352354 67.401
12203.145191 67.116
12291.574212 66.879
12380.644026 66.707
12470.359276 66.612
12560.724640 66.594
12651.744828 66.643
12743.424587 66.740
12835.768694 66.865
12928.781965 66.997
13022.469249 67.115
13116.835429 67.206
13211.885426 67.259
13307.624194 67.271
13404.056725 67.239
13501.188045 67.166
13599.023219 67.060
13697.567347 66.930
13796.825567 66.789
13896.803052 66.651
13997.505016 66.528
14098.936707 66.431
14201.103415 66.365
14304.010464 66.329
14407.663220 66.315
14512.067087 66.310
14617.227507 66.300
14723.149963 66.270
14829.839977 66.207
14937.303111 66.102
15045.544967 65.952
15154.571188 65.759
15264.387458 65.534
15374.999502 65.298
15486.413086 65.078
15598.634019 64.912
15711.668151 64.833
15825.521375 64.866
15940.199627 65.014
16055.708884 65.255
16172.055169 65.551
16289.244548 65.859
16407.283129 66.136
16526.177066 66.346
16645.932557 66.464
16766.555846 66.469
16888.053221 66.349
17010.431017 66.099
17133.695612 65.723
17257.853433 65.242
17382.910953 64.700
17508.874692 64.180
17635.751215 63.797
17763.547139 63.672
17892.269124 63.858
18021.923881 64.302
18152.518171 64.882
18284.058800 65.469
18416.552628 65.971
18550.006560 66.330
18684.427554 66.513
18819.822618 66.503
18956.198811 66.292
19093.563242 65.882
19231.923072 65.288
19371.285514 64.548
19511.657834 63.743
19653.047350 63.008
19795.461433 62.506
19938.907506 62.334
20083.393050 62.446
20228.925594 62.684
20375.512728 62.881
20523.162093 62.919
20671.881385 62.730
20821.678359 62.278
20972.560824 61.548
21124.536645 60.537
21277.613745 59.256
21431.800106 57.732
21587.103764 56.015
21743.532817 54.173
21901.095419 52.275
22059.799784 50.357
22219.654187 48.385
22380.666961 46.270
22542.846499 43.898
22706.201258 41.165
22870.739752 37.993
23036.470560 34.325
23203.402322 30.124
23371.543740 25.371
23540.903581 20.060
23711.490672 14.200
23883.313908 7.889
24056.382246 2.441
