* Measurement data measured by REW V5.40 beta 133
* Source: 
* Format: 
* Dated: Sep 12, 2026, 4:18:45 PM
* REW Settings:
*  C-weighting compensation: Off
*  Target level: 75.0 dB
* Note: ; Copy of L+R 120.green
* Measurement: SUM.0.clean-fdw6
* Smoothing: 1/48 octave
* Frequency Step: 96 ppo
* Start Frequency: 15.014648 Hz
*
* Freq(Hz) SPL(dB) Phase(degrees)
15.014648 68.655 -156.9227
15.123451 68.816 -158.3171
15.233042 69.009 -159.7132
15.343426 69.205 -161.1228
15.454611 69.400 -162.5502
15.566602 69.594 -163.9903
15.679404 69.785 -165.4512
15.793023 69.973 -166.9398
15.907466 70.158 -168.4536
16.022738 70.341 -169.9946
16.138845 70.519 -171.5645
16.255794 70.695 -173.1664
16.373590 70.868 -174.7982
16.492240 71.037 -176.4545
16.611750 71.203 -178.1399
16.732125 71.366 -179.8533
16.853373 71.526 178.4173
16.975500 71.684 176.6666
17.098511 71.839 174.8948
17.222414 71.991 173.1173
17.347215 72.141 171.3280
17.472920 72.288 169.5271
17.599536 72.431 167.7306
17.727069 72.572 165.9285
17.855527 72.709 164.1246
17.984915 72.842 162.3331
18.115241 72.972 160.5413
18.246512 73.098 158.7563
18.378734 73.220 156.9882
18.511914 73.337 155.2235
18.646058 73.450 153.4724
18.781175 73.558 151.7373
18.917272 73.663 150.0087
19.054354 73.762 148.2981
19.192430 73.857 146.5995
19.331506 73.948 144.9113
19.471590 74.035 143.2403
19.612689 74.117 141.5771
19.754811 74.196 139.9261
19.897962 74.273 138.2862
20.042151 74.346 136.6528
20.187385 74.417 135.0291
20.333671 74.486 133.4101
20.481017 74.554 131.7957
20.629431 74.620 130.1836
20.778920 74.685 128.5715
20.929493 74.750 126.9583
21.081157 74.814 125.3402
21.233919 74.878 123.7178
21.387789 74.942 122.0867
21.542774 75.005 120.4473
21.698882 75.067 118.7973
21.856121 75.129 117.1341
22.014499 75.189 115.4602
22.174025 75.249 113.7700
22.334708 75.306 112.0682
22.496554 75.361 110.3497
22.659573 75.413 108.6173
22.823774 75.463 106.8726
22.989164 75.509 105.1120
23.155753 75.551 103.3425
23.323549 75.589 101.5567
23.492562 75.622 99.7649
23.662798 75.650 97.9586
23.834269 75.672 96.1483
24.006982 75.689 94.3271
24.180946 75.699 92.5033
24.356171 75.703 90.6725
24.532666 75.701 88.8408
24.710440 75.691 87.0066
24.889502 75.675 85.1734
25.069862 75.651 83.3427
25.251528 75.621 81.5160
25.434511 75.582 79.6962
25.618820 75.537 77.8848
25.804465 75.483 76.0853
25.991454 75.423 74.3001
26.179799 75.354 72.5321
26.369509 75.278 70.7857
26.560593 75.194 69.0623
26.753062 75.102 67.3692
26.946926 75.003 65.7072
27.142194 74.896 64.0853
27.338878 74.782 62.5045
27.536987 74.661 60.9745
27.736531 74.532 59.4972
27.937521 74.397 58.0822
28.139968 74.256 56.7330
28.343882 74.111 55.4583
28.549273 73.961 54.2629
28.756153 73.808 53.1518
28.964532 73.654 52.1297
29.174421 73.500 51.2017
29.385831 73.349 50.3653
29.598773 73.202 49.6262
29.813258 73.061 48.9736
30.029297 72.930 48.4083
30.246902 72.808 47.9188
30.466083 72.700 47.4911
30.686853 72.605 47.1187
30.909222 72.526 46.7741
31.133203 72.463 46.4494
31.358807 72.415 46.1204
31.586046 72.383 45.7680
31.814932 72.365 45.3811
32.045476 72.359 44.9356
32.277691 72.364 44.4240
32.511588 72.378 43.8344
32.747180 72.397 43.1576
32.984480 72.420 42.3920
33.223499 72.444 41.5325
33.464250 72.466 40.5832
33.706746 72.484 39.5467
33.950999 72.497 38.4266
34.197022 72.500 37.2348
34.444828 72.494 35.9771
34.694429 72.476 34.6615
34.945839 72.445 33.3018
35.199071 72.400 31.9101
35.454138 72.338 30.5065
35.711054 72.261 29.1099
35.969831 72.169 27.7277
36.230483 72.062 26.3700
36.493024 71.940 25.0541
36.757467 71.802 23.7933
37.023827 71.651 22.6000
37.292117 71.486 21.4874
37.562351 71.309 20.4701
37.834543 71.121 19.5596
38.108708 70.925 18.7672
38.384859 70.723 18.1013
38.663012 70.517 17.5689
38.943180 70.309 17.1744
39.225378 70.104 16.9200
39.509622 69.904 16.8024
39.795925 69.713 16.8123
40.084302 69.533 16.9396
40.374770 69.368 17.1693
40.667342 69.220 17.4816
40.962034 69.091 17.8516
41.258862 68.983 18.2529
41.557841 68.895 18.6603
41.858986 68.828 19.0483
42.162313 68.780 19.3933
42.467839 68.749 19.6744
42.775578 68.734 19.8748
43.085548 68.732 19.9825
43.397763 68.740 19.9908
43.712242 68.755 19.8969
44.028998 68.775 19.7015
44.348051 68.798 19.4083
44.669415 68.821 19.0238
44.993108 68.844 18.5565
45.319147 68.865 18.0142
45.647548 68.884 17.4047
45.978329 68.898 16.7349
46.311507 68.909 16.0106
46.647099 68.916 15.2357
46.985123 68.919 14.4115
47.325597 68.918 13.5370
47.668537 68.913 12.6095
48.013963 68.903 11.6241
48.361892 68.887 10.5750
48.712342 68.866 9.4546
49.065332 68.837 8.2546
49.420880 68.800 6.9683
49.779004 68.751 5.5885
50.139723 68.689 4.1090
50.503056 68.611 2.5254
50.869022 68.514 0.8345
51.237640 68.395 -0.9653
51.608929 68.251 -2.8744
51.982909 68.078 -4.8923
52.359598 67.871 -7.0179
52.739018 67.627 -9.2498
53.121186 67.341 -11.5863
53.506124 67.005 -14.0259
53.893852 66.615 -16.5688
54.284389 66.162 -19.2159
54.677756 65.636 -21.9700
55.073973 65.025 -24.8373
55.473062 64.313 -27.8291
55.875043 63.477 -30.9645
56.279936 62.489 -34.2747
56.687764 61.304 -37.8151
57.098547 59.858 -41.6903
57.512306 58.043 -46.1169
57.929064 55.676 -51.6252
58.348842 52.421 -59.8865
58.771662 47.941 -79.6655
59.197546 46.078 -170.0887
59.626515 50.650 145.3369
60.058594 54.680 133.5009
60.493803 57.603 126.7726
60.932166 59.834 121.6370
61.373706 61.616 117.1951
61.818445 63.085 113.1211
62.266407 64.323 109.2735
62.717615 65.382 105.5829
63.172093 66.297 102.0150
63.629864 67.093 98.5563
64.090952 67.787 95.2039
64.555381 68.394 91.9589
65.023176 68.925 88.8253
65.494361 69.390 85.8133
65.968960 69.795 82.9346
66.446998 70.150 80.1969
66.928501 70.458 77.6110
67.413492 70.729 75.1876
67.901998 70.965 72.9326
68.394044 71.176 70.8515
68.889655 71.365 68.9470
69.388858 71.538 67.2162
69.891679 71.702 65.6520
70.398142 71.861 64.2419
70.908276 72.020 62.9688
71.422107 72.185 61.8094
71.939661 72.357 60.7360
72.460965 72.539 59.7191
72.986047 72.733 58.7244
73.514934 72.939 57.7209
74.047654 73.155 56.6772
74.584234 73.380 55.5676
75.124702 73.612 54.3700
75.669086 73.846 53.0687
76.217416 74.079 51.6542
76.769719 74.308 50.1219
77.326024 74.530 48.4741
77.886360 74.741 46.7161
78.450757 74.938 44.8581
79.019243 75.120 42.9118
79.591849 75.283 40.8921
80.168605 75.428 38.8137
80.749539 75.552 36.6935
81.334684 75.655 34.5482
81.924068 75.737 32.3936
82.517724 75.798 30.2471
83.115681 75.838 28.1234
83.717972 75.858 26.0385
84.324627 75.857 24.0073
84.935678 75.839 22.0434
85.551157 75.803 20.1609
86.171096 75.751 18.3726
86.795527 75.684 16.6909
87.424483 75.605 15.1273
88.057997 75.516 13.6921
88.696102 75.419 12.3947
89.338830 75.316 11.2429
89.986216 75.212 10.2425
90.638293 75.108 9.3966
91.295096 75.009 8.7053
91.956658 74.917 8.1644
92.623013 74.837 7.7665
93.294198 74.773 7.4989
93.970246 74.726 7.3448
94.651193 74.701 7.2827
95.337075 74.699 7.2876
96.027927 74.721 7.3320
96.723785 74.769 7.3868
97.424685 74.842 7.4222
98.130664 74.940 7.4092
98.841760 75.060 7.3215
99.558008 75.201 7.1365
100.279446 75.358 6.8354
101.006112 75.529 6.4038
101.738044 75.711 5.8312
102.475280 75.900 5.1115
103.217858 76.093 4.2429
103.965817 76.287 3.2263
104.719197 76.479 2.0654
105.478035 76.666 0.7656
106.242372 76.846 -0.6661
107.012248 77.017 -2.2206
107.787703 77.178 -3.8891
108.568777 77.325 -5.6614
109.355511 77.459 -7.5262
110.147947 77.578 -9.4726
110.946124 77.682 -11.4890
111.750085 77.769 -13.5636
112.559873 77.839 -15.6843
113.375528 77.891 -17.8394
114.197094 77.926 -20.0169
115.024613 77.944 -22.2047
115.858129 77.945 -24.3913
116.697684 77.928 -26.5654
117.543324 77.896 -28.7168
118.395091 77.848 -30.8358
119.253031 77.786 -32.9130
120.117188 77.711 -34.9401
120.987606 77.623 -36.9097
121.864332 77.525 -38.8163
122.747411 77.416 -40.6545
123.636890 77.300 -42.4207
124.532814 77.178 -44.1120
125.435230 77.049 -45.7267
126.344185 76.917 -47.2646
127.259727 76.783 -48.7266
128.181904 76.648 -50.1148
129.110763 76.513 -51.4324
130.046352 76.380 -52.6845
130.988722 76.251 -53.8774
131.937920 76.126 -55.0186
132.893997 76.006 -56.1163
133.857001 75.891 -57.1801
134.826984 75.783 -58.2205
135.803996 75.681 -59.2480
136.788088 75.585 -60.2732
137.779311 75.495 -61.3058
138.777717 75.410 -62.3550
139.783357 75.330 -63.4291
140.796285 75.252 -64.5347
141.816553 75.177 -65.6772
142.844214 75.103 -66.8607
143.879322 75.030 -68.0883
144.921931 74.955 -69.3626
145.972095 74.878 -70.6854
147.029869 74.797 -72.0575
148.095308 74.711 -73.4792
149.168468 74.619 -74.9500
150.249404 74.519 -76.4693
151.338173 74.411 -78.0355
152.434832 74.293 -79.6461
153.539437 74.163 -81.2975
154.652047 74.018 -82.9858
155.772720 73.860 -84.7055
156.901513 73.684 -86.4496
158.038486 73.490 -88.2092
159.183698 73.275 -89.9734
160.337209 73.038 -91.7304
161.499079 72.776 -93.4650
162.669367 72.488 -95.1599
163.848137 72.172 -96.7937
165.035448 71.825 -98.3413
166.231363 71.446 -99.7727
167.435944 71.033 -101.0510
168.649254 70.583 -102.1309
169.871356 70.097 -102.9577
171.102314 69.575 -103.4642
172.342191 69.018 -103.5676
173.591054 68.432 -103.1691
174.848966 67.827 -102.1555
176.115994 67.219 -100.4043
177.392203 66.635 -97.8026
178.677660 66.115 -94.2842
179.972432 65.705 -89.8840
181.276587 65.457 -84.7928
182.590191 65.407 -79.3730
183.913315 65.565 -74.0903
185.246027 65.909 -69.3849
186.588396 66.392 -65.5575
187.940492 66.964 -62.7336
189.302387 67.578 -60.9005
190.674150 68.198 -59.9653
192.055853 68.802 -59.8044
193.447569 69.373 -60.2912
194.849370 69.904 -61.3120
196.261329 70.390 -62.7690
197.683519 70.829 -64.5801
199.116016 71.222 -66.6770
200.558892 71.568 -69.0031
202.012225 71.870 -71.5118
203.476089 72.129 -74.1647
204.950560 72.347 -76.9290
206.435716 72.525 -79.7769
207.931635 72.665 -82.6852
209.438393 72.769 -85.6340
210.956070 72.839 -88.6050
212.484745 72.875 -91.5830
214.024497 72.881 -94.5538
215.575406 72.855 -97.5048
217.137555 72.801 -100.4234
218.711023 72.718 -103.2979
220.295893 72.608 -106.1168
221.892248 72.472 -108.8683
223.500171 72.311 -111.5416
225.119745 72.127 -114.1249
226.751056 71.919 -116.6055
228.394187 71.691 -118.9711
230.049226 71.442 -121.2092
231.716257 71.175 -123.3069
233.395369 70.891 -125.2515
235.086648 70.594 -127.0308
236.790182 70.285 -128.6338
238.506062 69.968 -130.0496
240.234375 69.645 -131.2693
241.975212 69.320 -132.2861
243.728664 68.996 -133.0966
245.494823 68.680 -133.7000
247.273780 68.374 -134.1006
249.065627 68.082 -134.3069
250.870459 67.811 -134.3335
252.688370 67.564 -134.2007
254.519454 67.344 -133.9346
256.363807 67.155 -133.5667
258.221525 66.999 -133.1329
260.092705 66.877 -132.6726
261.977444 66.790 -132.2262
263.875840 66.735 -131.8330
265.787993 66.710 -131.5295
267.714003 66.711 -131.3474
269.653969 66.734 -131.3115
271.607992 66.773 -131.4402
273.576176 66.824 -131.7437
275.558622 66.881 -132.2242
277.555433 66.940 -132.8779
279.566714 66.995 -133.6953
281.592570 67.043 -134.6628
283.633106 67.080 -135.7627
285.688428 67.104 -136.9758
287.758644 67.113 -138.2819
289.843862 67.105 -139.6597
291.944190 67.079 -141.0879
294.059738 67.034 -142.5461
296.190616 66.970 -144.0135
298.336935 66.886 -145.4685
300.498808 66.783 -146.8896
302.676346 66.660 -148.2549
304.869664 66.519 -149.5403
307.078875 66.359 -150.7198
309.304095 66.184 -151.7651
311.545440 65.993 -152.6456
313.803027 65.792 -153.3289
316.076973 65.585 -153.7817
318.367397 65.377 -153.9731
320.674418 65.178 -153.8774
322.998157 64.996 -153.4800
325.338735 64.843 -152.7837
327.696273 64.733 -151.8149
330.070896 64.676 -150.6282
332.462726 64.683 -149.3057
334.871888 64.759 -147.9514
337.298507 64.904 -146.6781
339.742711 65.113 -145.5930
342.204627 65.377 -144.7844
344.684383 65.682 -144.3125
347.182108 66.016 -144.2080
349.697933 66.365 -144.4756
352.231988 66.720 -145.0989
354.784406 67.070 -146.0471
357.355320 67.408 -147.2827
359.944864 67.730 -148.7645
362.553173 68.032 -150.4507
365.180383 68.311 -152.3013
367.826630 68.569 -154.2798
370.492054 68.805 -156.3538
373.176792 69.019 -158.4954
375.880985 69.215 -160.6812
378.604773 69.392 -162.8926
381.348300 69.554 -165.1155
384.111707 69.702 -167.3403
386.895138 69.838 -169.5618
389.698740 69.965 -171.7776
392.522658 70.082 -173.9875
395.367039 70.192 -176.1936
398.232031 70.294 -178.3971
401.117785 70.388 179.4017
404.024450 70.475 177.2031
406.952177 70.555 175.0092
409.901120 70.627 172.8223
412.871433 70.690 170.6472
415.863270 70.746 168.4916
418.876786 70.792 166.3643
421.912140 70.831 164.2759
424.969489 70.862 162.2369
428.048993 70.887 160.2579
431.150813 70.907 158.3494
434.275109 70.925 156.5186
437.422046 70.943 154.7690
440.591786 70.964 153.1016
443.784496 70.990 151.5129
447.000341 71.024 149.9939
450.239490 71.069 148.5312
453.502111 71.126 147.1086
456.788374 71.197 145.7070
460.098451 71.281 144.3058
463.432514 71.380 142.8838
466.790737 71.492 141.4209
470.173295 71.615 139.8989
473.580365 71.748 138.3030
477.012124 71.889 136.6213
480.468750 72.034 134.8453
483.950425 72.182 132.9691
487.457329 72.330 130.9905
490.989646 72.475 128.9094
494.547559 72.616 126.7292
498.131254 72.749 124.4543
501.740919 72.872 122.0917
505.376740 72.985 119.6494
509.038909 73.085 117.1367
512.727614 73.171 114.5643
516.443050 73.243 111.9427
520.185409 73.298 109.2838
523.954887 73.338 106.5990
527.751680 73.360 103.9001
531.575987 73.366 101.1990
535.428005 73.354 98.5071
539.307937 73.326 95.8357
543.215985 73.282 93.1953
547.152352 73.222 90.5964
551.117243 73.148 88.0482
555.110866 73.060 85.5586
559.133428 72.960 83.1342
563.185140 72.848 80.7791
567.266211 72.726 78.4961
571.376856 72.597 76.2854
575.517288 72.459 74.1458
579.687724 72.315 72.0737
583.888380 72.164 70.0649
588.119476 72.008 68.1140
592.381232 71.845 66.2166
596.673871 71.676 64.3701
600.997615 71.498 62.5739
605.352692 71.313 60.8300
609.739327 71.117 59.1440
614.157750 70.910 57.5251
618.608190 70.691 55.9868
623.090880 70.460 54.5448
627.606053 70.217 53.2179
632.153945 69.962 52.0265
636.734793 69.698 50.9922
641.348836 69.427 50.1355
645.996314 69.152 49.4758
650.677470 68.878 49.0283
655.392547 68.610 48.8010
660.141792 68.353 48.7943
664.925451 68.114 48.9985
669.743775 67.898 49.3943
674.597014 67.712 49.9496
679.485423 67.557 50.6261
684.409254 67.438 51.3781
689.368766 67.355 52.1569
694.364216 67.306 52.9149
699.395865 67.288 53.6097
704.463976 67.297 54.2080
709.568812 67.326 54.6869
714.710640 67.372 55.0344
719.889728 67.427 55.2494
725.106346 67.486 55.3402
730.360766 67.547 55.3217
735.653261 67.605 55.2128
740.984108 67.660 55.0350
746.353584 67.709 54.8103
751.761970 67.753 54.5590
757.209547 67.792 54.2988
762.696599 67.829 54.0426
768.223413 67.866 53.7992
773.790277 67.902 53.5726
779.397480 67.943 53.3613
785.045315 67.987 53.1598
790.734077 68.038 52.9586
796.464062 68.096 52.7460
802.235569 68.160 52.5099
808.048899 68.230 52.2388
813.904354 68.305 51.9230
819.802241 68.384 51.5558
825.742866 68.465 51.1338
831.726539 68.547 50.6569
837.753572 68.627 50.1282
843.824280 68.705 49.5529
849.938979 68.780 48.9379
856.097987 68.852 48.2903
862.301626 68.919 47.6165
868.550219 68.983 46.9214
874.844092 69.044 46.2095
881.183573 69.103 45.4824
887.568992 69.159 44.7396
894.000683 69.212 43.9812
900.478980 69.263 43.2051
907.004222 69.311 42.4089
913.576749 69.356 41.5912
920.196903 69.398 40.7504
926.865029 69.435 39.8871
933.581475 69.467 39.0026
940.346591 69.493 38.1000
947.160730 69.512 37.1842
954.024247 69.523 36.2616
960.937500 69.526 35.3400
967.900849 69.521 34.4285
974.914658 69.506 33.5366
981.979291 69.483 32.6750
989.095118 69.452 31.8556
996.262509 69.413 31.0896
1003.481838 69.368 30.3875
1010.753481 69.318 29.7590
1018.077817 69.266 29.2119
1025.455229 69.213 28.7524
1032.886100 69.162 28.3839
1040.370819 69.115 28.1052
1047.909774 69.076 27.9126
1055.503361 69.047 27.7986
1063.151973 69.030 27.7516
1070.856010 69.027 27.7565
1078.615875 69.041 27.7946
1086.431970 69.072 27.8462
1094.304704 69.120 27.8903
1102.234487 69.187 27.9043
1110.221732 69.270 27.8667
1118.266856 69.368 27.7579
1126.370279 69.480 27.5601
1134.532422 69.603 27.2574
1142.753712 69.735 26.8368
1151.034577 69.872 26.2891
1159.375448 70.011 25.6093
1167.776760 70.150 24.7953
1176.238952 70.285 23.8478
1184.762464 70.412 22.7721
1193.347741 70.530 21.5765
1201.995231 70.636 20.2710
1210.705384 70.728 18.8679
1219.478654 70.803 17.3812
1228.315499 70.860 15.8259
1237.216380 70.899 14.2161
1246.181760 70.918 12.5670
1255.212106 70.917 10.8938
1264.307891 70.897 9.2111
1273.469587 70.855 7.5332
1282.697672 70.793 5.8738
1291.992628 70.711 4.2466
1301.354940 70.609 2.6656
1310.785094 70.487 1.1442
1320.283583 70.346 -0.3038
1329.850902 70.186 -1.6625
1339.487550 70.008 -2.9163
1349.194029 69.814 -4.0492
1358.970845 69.604 -5.0437
1368.818508 69.380 -5.8818
1378.737531 69.145 -6.5439
1388.728432 68.900 -7.0103
1398.791730 68.651 -7.2625
1408.927952 68.400 -7.2832
1419.137625 68.154 -7.0583
1429.421281 67.917 -6.5790
1439.779457 67.698 -5.8435
1450.212692 67.504 -4.8618
1460.721531 67.342 -3.6559
1471.306521 67.221 -2.2617
1481.968215 67.146 -0.7289
1492.707168 67.121 0.8810
1503.523939 67.149 2.5001
1514.419093 67.228 4.0583
1525.393198 67.356 5.4917
1536.446826 67.526 6.7452
1547.580553 67.732 7.7771
1558.794960 67.966 8.5585
1570.090631 68.221 9.0736
1581.468155 68.489 9.3179
1592.928125 68.764 9.2947
1604.471139 69.039 9.0142
1616.097798 69.311 8.4900
1627.808709 69.574 7.7386
1639.604482 69.825 6.7783
1651.485732 70.061 5.6273
1663.453078 70.280 4.3040
1675.507145 70.479 2.8275
1687.648560 70.658 1.2161
1699.877958 70.813 -0.5116
1712.195974 70.946 -2.3380
1724.603252 71.054 -4.2446
1737.100438 71.136 -6.2134
1749.688184 71.192 -8.2262
1762.367146 71.223 -10.2653
1775.137984 71.227 -12.3124
1788.001366 71.205 -14.3494
1800.957961 71.158 -16.3575
1814.008445 71.085 -18.3182
1827.153498 70.988 -20.2128
1840.393805 70.867 -22.0222
1853.730057 70.724 -23.7275
1867.162949 70.561 -25.3096
1880.693182 70.380 -26.7495
1894.321460 70.182 -28.0291
1908.048494 69.973 -29.1309
1921.875000 69.755 -30.0400
1935.801698 69.532 -30.7446
1949.829316 69.311 -31.2373
1963.958583 69.095 -31.5164
1978.190236 68.890 -31.5881
1992.525018 68.704 -31.4675
2006.963676 68.540 -31.1781
2021.506962 68.404 -30.7523
2036.155634 68.299 -30.2295
2050.910458 68.227 -29.6549
2065.772200 68.188 -29.0752
2080.741637 68.181 -28.5342
2095.819549 68.202 -28.0718
2111.006721 68.249 -27.7202
2126.303946 68.315 -27.5026
2141.712021 68.395 -27.4335
2157.231749 68.486 -27.5190
2172.863940 68.581 -27.7581
2188.609407 68.677 -28.1434
2204.468973 68.769 -28.6641
2220.443464 68.855 -29.3057
2236.533713 68.932 -30.0515
2252.740558 68.999 -30.8844
2269.064845 69.054 -31.7860
2285.507424 69.096 -32.7383
2302.069153 69.125 -33.7238
2318.750895 69.141 -34.7256
2335.553520 69.145 -35.7280
2352.477904 69.137 -36.7174
2369.524928 69.119 -37.6814
2386.695483 69.092 -38.6095
2403.990462 69.058 -39.4932
2421.410768 69.018 -40.3263
2438.957308 68.974 -41.1051
2456.630998 68.928 -41.8282
2474.432759 68.882 -42.4960
2492.363519 68.837 -43.1106
2510.424213 68.794 -43.6759
2528.615781 68.755 -44.1970
2546.939174 68.720 -44.6801
2565.395345 68.692 -45.1313
2583.985257 68.669 -45.5576
2602.709879 68.654 -45.9657
2621.570188 68.645 -46.3621
2640.567166 68.643 -46.7534
2659.701804 68.648 -47.1464
2678.975100 68.661 -47.5471
2698.388058 68.680 -47.9615
2717.941690 68.707 -48.3962
2737.637016 68.741 -48.8572
2757.475062 68.780 -49.3507
2777.456863 68.825 -49.8828
2797.583461 68.874 -50.4586
2817.855904 68.928 -51.0828
2838.275249 68.984 -51.7601
2858.842562 69.042 -52.4937
2879.558913 69.100 -53.2849
2900.425384 69.159 -54.1349
2921.443062 69.215 -55.0431
2942.613043 69.267 -56.0077
2963.936430 69.315 -57.0251
2985.414335 69.357 -58.0896
3007.047878 69.392 -59.1945
3028.838187 69.419 -60.3315
3050.786397 69.437 -61.4911
3072.893653 69.445 -62.6622
3095.161107 69.444 -63.8333
3117.589920 69.435 -64.9924
3140.181262 69.416 -66.1283
3162.936310 69.389 -67.2299
3185.856250 69.356 -68.2876
3208.942278 69.317 -69.2935
3232.195596 69.276 -70.2435
3255.617418 69.233 -71.1356
3279.208964 69.191 -71.9706
3302.971464 69.151 -72.7528
3326.906156 69.115 -73.4899
3351.014290 69.083 -74.1910
3375.297121 69.057 -74.8662
3399.755915 69.037 -75.5266
3424.391948 69.022 -76.1823
3449.206504 69.011 -76.8401
3474.200876 69.004 -77.5059
3499.376367 68.999 -78.1829
3524.734291 68.996 -78.8708
3550.275969 68.993 -79.5667
3576.002732 68.989 -80.2656
3601.915922 68.985 -80.9612
3628.016889 68.980 -81.6465
3654.306995 68.974 -82.3147
3680.787610 68.969 -82.9597
3707.460115 68.964 -83.5775
3734.325899 68.962 -84.1661
3761.386364 68.964 -84.7268
3788.642920 68.970 -85.2633
3816.096988 68.983 -85.7815
3843.750000 69.002 -86.2905
3871.603397 69.028 -86.8011
3899.658631 69.062 -87.3241
3927.917165 69.102 -87.8706
3956.380472 69.148 -88.4492
3985.050036 69.199 -89.0681
4013.927351 69.252 -89.7333
4043.013923 69.308 -90.4471
4072.311269 69.363 -91.2098
4101.820915 69.416 -92.0189
4131.544400 69.466 -92.8704
4161.483274 69.512 -93.7589
4191.639097 69.552 -94.6775
4222.013442 69.587 -95.6188
4252.607892 69.615 -96.5745
4283.424042 69.636 -97.5366
4314.463498 69.651 -98.4984
4345.727879 69.659 -99.4530
4377.218815 69.662 -100.3942
4408.937947 69.658 -101.3163
4440.886929 69.648 -102.2148
4473.067426 69.633 -103.0853
4505.481116 69.614 -103.9244
4538.129690 69.591 -104.7299
4571.014848 69.564 -105.4993
4604.138306 69.535 -106.2310
4637.501790 69.503 -106.9233
4671.107040 69.470 -107.5757
4704.955807 69.435 -108.1881
4739.049856 69.400 -108.7604
4773.390965 69.365 -109.2927
4807.980924 69.329 -109.7865
4842.821536 69.295 -110.2432
4877.914617 69.261 -110.6644
4913.261997 69.229 -111.0522
4948.865519 69.199 -111.4087
4984.727038 69.170 -111.7354
5020.848425 69.143 -112.0341
5057.231563 69.117 -112.3059
5093.878347 69.093 -112.5519
5130.790689 69.070 -112.7722
5167.970514 69.048 -112.9658
5205.419759 69.028 -113.1309
5243.140376 69.010 -113.2660
5281.134332 68.994 -113.3701
5319.403609 68.981 -113.4418
5357.950200 68.971 -113.4808
5396.776116 68.965 -113.4884
5435.883380 68.964 -113.4670
5475.274032 68.968 -113.4209
5514.950125 68.979 -113.3558
5554.913727 68.995 -113.2786
5595.166922 69.019 -113.1979
5635.711808 69.049 -113.1215
5676.550498 69.086 -113.0574
5717.685123 69.128 -113.0132
5759.117827 69.174 -112.9956
5800.850769 69.224 -113.0093
5842.886124 69.277 -113.0580
5885.226086 69.330 -113.1437
5927.872860 69.383 -113.2665
5970.828671 69.434 -113.4246
6014.095756 69.483 -113.6156
6057.676373 69.528 -113.8354
6101.572794 69.568 -114.0776
6145.787305 69.602 -114.3348
6190.322213 69.629 -114.5994
6235.179840 69.650 -114.8625
6280.362523 69.664 -115.1156
6325.872619 69.672 -115.3495
6371.712500 69.673 -115.5563
6417.884555 69.669 -115.7289
6464.391192 69.660 -115.8611
6511.234836 69.648 -115.9480
6558.417927 69.634 -115.9860
6605.942927 69.618 -115.9733
6653.812313 69.603 -115.9098
6702.028580 69.589 -115.7971
6750.594241 69.577 -115.6388
6799.511830 69.569 -115.4387
6848.783896 69.565 -115.2032
6898.413007 69.566 -114.9399
6948.401751 69.572 -114.6570
6998.752735 69.585 -114.3632
7049.468582 69.603 -114.0660
7100.551937 69.625 -113.7732
7152.005464 69.652 -113.4915
7203.831844 69.682 -113.2266
7256.033779 69.715 -112.9817
7308.613991 69.749 -112.7587
7361.575220 69.783 -112.5575
7414.920229 69.817 -112.3768
7468.651798 69.849 -112.2142
7522.772727 69.878 -112.0662
7577.285840 69.905 -111.9286
7632.193976 69.929 -111.7964
7687.500000 69.950 -111.6652
7743.206794 69.967 -111.5305
7799.317262 69.981 -111.3884
7855.834330 69.992 -111.2347
7912.760944 70.001 -111.0658
7970.100072 70.007 -110.8795
8027.854702 70.012 -110.6746
8086.027847 70.016 -110.4496
8144.622538 70.018 -110.2048
8203.641830 70.021 -109.9417
8263.088801 70.024 -109.6617
8322.966548 70.028 -109.3672
8383.278195 70.033 -109.0614
8444.026884 70.038 -108.7474
8505.215784 70.045 -108.4276
8566.848084 70.053 -108.1056
8628.926996 70.063 -107.7843
8691.455758 70.073 -107.4667
8754.437630 70.083 -107.1552
8817.875894 70.093 -106.8514
8881.773857 70.103 -106.5571
8946.134852 70.112 -106.2733
9010.962233 70.120 -106.0004
9076.259380 70.126 -105.7383
9142.029697 70.130 -105.4865
9208.276612 70.131 -105.2438
9275.003581 70.128 -105.0081
9342.214080 70.123 -104.7771
9409.911614 70.114 -104.5486
9478.099713 70.100 -104.3192
9546.781930 70.082 -104.0863
9615.961848 70.060 -103.8463
9685.643071 70.034 -103.5961
9755.829233 70.004 -103.3325
9826.523994 69.970 -103.0526
9897.731037 69.932 -102.7534
9969.454076 69.892 -102.4333
10041.696850 69.848 -102.0906
10114.463125 69.803 -101.7246
10187.756694 69.756 -101.3354
10261.581379 69.707 -100.9241
10335.941028 69.658 -100.4918
10410.839517 69.608 -100.0404
10486.280752 69.558 -99.5723
10562.268665 69.507 -99.0895
10638.807218 69.456 -98.5945
10715.900400 69.405 -98.0901
10793.552232 69.354 -97.5773
10871.766761 69.303 -97.0580
10950.548064 69.251 -96.5338
11029.900250 69.198 -96.0054
11109.827454 69.144 -95.4734
11190.333843 69.089 -94.9370
11271.423615 69.033 -94.3966
11353.100997 68.975 -93.8519
11435.370247 68.916 -93.3027
11518.235653 68.855 -92.7487
11601.701537 68.793 -92.1896
11685.772249 68.729 -91.6255
11770.452172 68.663 -91.0562
11855.745720 68.595 -90.4806
11941.657341 68.525 -89.8986
12028.191513 68.454 -89.3099
12115.352747 68.381 -88.7142
12203.145587 68.306 -88.1111
12291.574610 68.229 -87.4998
12380.644427 68.151 -86.8802
12470.359680 68.070 -86.2524
12560.725047 67.989 -85.6160
12651.745238 67.906 -84.9714
12743.425000 67.821 -84.3188
12835.769110 67.735 -83.6589
12928.782385 67.648 -82.9917
13022.469671 67.560 -82.3179
13116.835855 67.470 -81.6383
13211.885854 67.379 -80.9536
13307.624625 67.287 -80.2644
13404.057159 67.193 -79.5708
13501.188483 67.098 -78.8728
13599.023660 67.001 -78.1686
13697.567791 66.902 -77.4572
13796.826014 66.803 -76.7375
13896.803503 66.701 -76.0085
13997.505470 66.599 -75.2688
14098.937164 66.496 -74.5178
14201.103875 66.393 -73.7560
14304.010928 66.291 -72.9838
14407.663687 66.189 -72.2025
14512.067557 66.088 -71.4136
14617.227981 65.989 -70.6198
14723.150441 65.892 -69.8250
14829.840458 65.797 -69.0321
14937.303595 65.705 -68.2458
15045.545455 65.617 -67.4718
15154.571679 65.531 -66.7145
15264.387953 65.447 -65.9788
15375.000000 65.366 -65.2697
15486.413588 65.288 -64.5916
15598.634525 65.211 -63.9484
15711.668661 65.136 -63.3430
15825.521888 65.062 -62.7786
15940.200144 64.988 -62.2570
16055.709405 64.914 -61.7795
16172.055694 64.840 -61.3474
16289.245076 64.765 -60.9613
16407.283660 64.689 -60.6221
16526.177601 64.611 -60.3297
16645.933097 64.532 -60.0845
16766.556390 64.451 -59.8871
16888.053769 64.368 -59.7383
17010.431568 64.283 -59.6387
17133.696167 64.196 -59.5897
17257.853993 64.107 -59.5950
17382.911517 64.015 -59.6545
17508.875259 63.922 -59.7693
17635.751787 63.825 -59.9592
17763.547714 63.722 -60.2257
17892.269704 63.614 -60.5234
18021.924466 63.502 -60.8644
18152.518759 63.387 -61.2710
18284.059393 63.270 -61.7482
18416.553225 63.147 -62.3020
18550.007161 63.018 -62.9377
18684.428160 62.882 -63.6595
18819.823228 62.737 -64.4706
18956.199425 62.579 -65.3737
19093.563861 62.407 -66.3710
19231.923695 62.218 -67.4625
19371.286142 62.009 -68.6479
19511.658467 61.776 -69.9272
19653.047987 61.515 -71.2993
19795.462074 61.220 -72.7644
19938.908153 60.887 -74.3303
20083.393701 60.502 -75.8685
20228.926250 60.061 -77.3309
20375.513389 59.560 -78.8523
20523.162758 58.992 -80.4264
20671.882055 58.348 -82.0469
20821.679034 57.618 -83.7075
20972.561504 56.788 -85.4021
21124.537330 55.845 -87.1243
21277.614435 54.773 -88.8685
21431.800801 53.555 -90.6292
21587.104464 52.169 -92.4011
21743.533521 50.593 -94.1798
21901.096129 48.797 -95.9612
22059.800499 46.751 -97.7413
22219.654907 44.417 -99.5172
22380.667686 41.748 -101.2861
22542.847230 38.692 -103.0460
22706.201994 35.184 -104.7949
22870.740494 31.148 -106.5316
23036.471307 26.495 -108.2551
23203.403074 21.126 -109.9647
23371.544498 14.940 -111.6603
23540.904344 7.867 -113.3416
23711.491441 -0.082 -115.0088
23883.314682 -8.333 -116.6625
