* Measurement data measured by REW V5.40 beta 133
* Source: U18dB [plughw:3,0], Mic (Mic), R, Volume: 1.000. Timing signal peak level -26.8 dBFS, measurement signal peak level -15.1 dBFS
* Format: 512k Log Swept Sine, 1 sweep at -12.0 dBFS using an acoustic timing reference
* Dated: Sep 10, 2026, 11:28:25 AM
* REW Settings:
*  C-weighting compensation: Off
*  Target level: 75.0 dB
* Note: ; 10 sept 2026  Position MLP+20cm TO THE RIGHT 4.180m from front wall  2 screen panels prolongation - new setup DAC level -29dB MIC HEIGHT: 1.000m mic boom arm height: 1.040 -12dBFS OKTO -28dB DELAY -0.0289 ms (-9.9 mm, -0.39 in) using estimated IR delay relative to Acoustic reference played from DAC8STEREO L with no timing offset Clock adjustment: -14.7 ppm
* Measurement: L 120.green.4
* Smoothing: 1/48 octave
* Frequency Step: 96 ppo
* Start Frequency: 15.014648 Hz
*
* Freq(Hz)	SPL(dB)	Phase(degrees)
15.014648	69.356	24.5479
15.123451	69.469	24.0587
15.233042	69.605	23.5305
15.343426	69.751	22.9048
15.454611	69.910	22.1576
15.566602	70.082	21.3273
15.679404	70.266	20.3899
15.793023	70.467	19.3270
15.907466	70.686	18.1651
16.022738	70.918	16.9155
16.138845	71.158	15.5820
16.255794	71.410	14.1724
16.373590	71.667	12.7064
16.492240	71.922	11.2000
16.611750	72.176	9.6522
16.732125	72.426	8.0699
16.853373	72.666	6.4654
16.975500	72.897	4.8353
17.098511	73.119	3.1749
17.222414	73.330	1.4847
17.347215	73.531	-0.2390
17.472920	73.723	-2.0037
17.599536	73.907	-3.8155
17.727069	74.084	-5.6809
17.855527	74.254	-7.6001
17.984915	74.420	-9.5744
18.115241	74.582	-11.6138
18.246512	74.740	-13.7069
18.378734	74.894	-15.8461
18.511914	75.045	-18.0466
18.646058	75.191	-20.2806
18.781175	75.332	-22.5441
18.917272	75.469	-24.8494
19.054354	75.599	-27.1507
19.192430	75.722	-29.4673
19.331506	75.837	-31.7854
19.471590	75.941	-34.0591
19.612689	76.035	-36.3268
19.754811	76.117	-38.5418
19.897962	76.187	-40.6881
20.042151	76.243	-42.7888
20.187385	76.286	-44.7970
20.333671	76.315	-46.7313
20.481017	76.333	-48.5917
20.629431	76.341	-50.3661
20.778920	76.340	-52.0738
20.929493	76.335	-53.7342
21.081157	76.328	-55.3414
21.233919	76.323	-56.9334
21.387789	76.322	-58.5230
21.542774	76.329	-60.1152
21.698882	76.345	-61.7481
21.856121	76.372	-63.4089
22.014499	76.409	-65.1182
22.174025	76.456	-66.8767
22.334708	76.511	-68.6773
22.496554	76.571	-70.5283
22.659573	76.633	-72.4179
22.823774	76.694	-74.3447
22.989164	76.751	-76.3109
23.155753	76.800	-78.3075
23.323549	76.840	-80.3476
23.492562	76.867	-82.4178
23.662798	76.880	-84.5375
23.834269	76.878	-86.6895
24.006982	76.860	-88.8932
24.180946	76.825	-91.1291
24.356171	76.771	-93.4084
24.532666	76.700	-95.7133
24.710440	76.611	-98.0398
24.889502	76.504	-100.3750
25.069862	76.377	-102.6982
25.251528	76.231	-105.0014
25.434511	76.067	-107.2525
25.618820	75.883	-109.4451
25.804465	75.679	-111.5430
25.991454	75.457	-113.5383
26.179799	75.215	-115.3984
26.369509	74.954	-117.1118
26.560593	74.673	-118.6523
26.753062	74.373	-120.0043
26.946926	74.054	-121.1430
27.142194	73.716	-122.0482
27.338878	73.361	-122.6880
27.536987	72.993	-123.0340
27.736531	72.613	-123.0400
27.937521	72.231	-122.6681
28.139968	71.855	-121.8610
28.343882	71.503	-120.5888
28.549273	71.191	-118.8219
28.756153	70.943	-116.5843
28.964532	70.783	-113.9609
29.174421	70.728	-111.0601
29.385831	70.791	-108.1258
29.598773	70.970	-105.3085
29.813258	71.249	-102.8630
30.029297	71.607	-100.8752
30.246902	72.017	-99.4426
30.466083	72.455	-98.5626
30.686853	72.901	-98.2037
30.909222	73.338	-98.3109
31.133203	73.757	-98.8164
31.358807	74.153	-99.6635
31.586046	74.521	-100.7832
31.814932	74.862	-102.1410
32.045476	75.177	-103.6858
32.277691	75.469	-105.3932
32.511588	75.740	-107.2441
32.747180	75.990	-109.2182
32.984480	76.223	-111.3120
33.223499	76.440	-113.5233
33.464250	76.639	-115.8504
33.706746	76.820	-118.2971
33.950999	76.982	-120.8697
34.197022	77.123	-123.5629
34.444828	77.240	-126.3792
34.694429	77.330	-129.3204
34.945839	77.389	-132.3661
35.199071	77.414	-135.5072
35.454138	77.401	-138.7260
35.711054	77.346	-141.9796
35.969831	77.247	-145.2542
36.230483	77.101	-148.5341
36.493024	76.905	-151.7663
36.757467	76.657	-154.9127
37.023827	76.356	-157.9405
37.292117	76.000	-160.7969
37.562351	75.592	-163.4165
37.834543	75.134	-165.7499
38.108708	74.628	-167.7335
38.384859	74.080	-169.2966
38.663012	73.498	-170.3806
38.943180	72.892	-170.9225
39.225378	72.273	-170.8564
39.509622	71.659	-170.1316
39.795925	71.070	-168.7344
40.084302	70.530	-166.6631
40.374770	70.065	-163.9598
40.667342	69.698	-160.7268
40.962034	69.450	-157.1293
41.258862	69.330	-153.3718
41.557841	69.337	-149.6649
41.858986	69.460	-146.1997
42.162313	69.677	-143.1188
42.467839	69.966	-140.5053
42.775578	70.303	-138.3835
43.085548	70.668	-136.7296
43.397763	71.046	-135.4881
43.712242	71.427	-134.5867
44.028998	71.808	-133.9488
44.348051	72.187	-133.5030
44.669415	72.570	-133.1923
44.993108	72.963	-132.9844
45.319147	73.375	-132.8831
45.647548	73.812	-132.9249
45.978329	74.279	-133.1724
46.311507	74.775	-133.7036
46.647099	75.298	-134.5966
46.985123	75.840	-135.9177
47.325597	76.391	-137.7114
47.668537	76.939	-139.9972
48.013963	77.475	-142.7714
48.361892	77.988	-146.0112
48.712342	78.468	-149.6812
49.065332	78.908	-153.7384
49.420880	79.300	-158.1344
49.779004	79.637	-162.8195
50.139723	79.914	-167.7457
50.503056	80.128	-172.8640
50.869022	80.276	-178.1261
51.237640	80.357	176.5170
51.608929	80.372	171.1146
51.982909	80.323	165.7156
52.359598	80.214	160.3672
52.739018	80.050	155.1129
53.121186	79.837	149.9889
53.506124	79.582	145.0231
53.893852	79.292	140.2307
54.284389	78.975	135.6135
54.677756	78.641	131.1596
55.073973	78.297	126.8412
55.473062	77.951	122.6171
55.875043	77.609	118.4353
56.279936	77.278	114.2356
56.687764	76.962	109.9526
57.098547	76.661	105.5174
57.512306	76.377	100.8611
57.929064	76.107	95.9152
58.348842	75.848	90.6112
58.771662	75.595	84.8837
59.197546	75.344	78.6705
59.626515	75.089	71.9156
60.058594	74.826	64.5734
60.493803	74.555	56.6096
60.932166	74.277	48.0056
61.373706	73.995	38.7707
61.818445	73.712	28.9409
62.266407	73.435	18.5811
62.717615	73.170	7.7693
63.172093	72.921	-3.3923
63.629864	72.693	-14.7706
64.090952	72.487	-26.2168
64.555381	72.300	-37.5912
65.023176	72.124	-48.7575
65.494361	71.950	-59.5754
65.968960	71.765	-69.9287
66.446998	71.554	-79.7508
66.928501	71.306	-88.9817
67.413492	71.008	-97.5812
67.901998	70.650	-105.5426
68.394044	70.226	-112.8638
68.889655	69.730	-119.5479
69.388858	69.153	-125.6066
69.891679	68.484	-131.0438
70.398142	67.707	-135.8412
70.908276	66.791	-139.9302
71.422107	65.694	-143.1378
71.939661	64.354	-145.0741
72.460965	62.687	-144.8543
72.986047	60.630	-140.3682
73.514934	58.424	-126.5311
74.047654	57.541	-97.1718
74.584234	59.467	-67.7391
75.124702	62.494	-53.9957
75.669086	65.291	-49.7910
76.217416	67.668	-50.0057
76.769719	69.688	-52.4681
77.326024	71.422	-56.2520
77.886360	72.929	-60.8972
78.450757	74.247	-66.1592
79.019243	75.402	-71.8833
79.591849	76.412	-77.9595
80.168605	77.291	-84.3030
80.749539	78.047	-90.8337
81.334684	78.690	-97.4808
81.924068	79.224	-104.1832
82.517724	79.659	-110.8757
83.115681	80.001	-117.5175
83.717972	80.256	-124.0670
84.324627	80.433	-130.5000
84.935678	80.538	-136.8096
85.551157	80.576	-142.9915
86.171096	80.551	-149.0553
86.795527	80.464	-155.0153
87.424483	80.313	-160.8827
88.057997	80.096	-166.6636
88.696102	79.806	-172.3572
89.338830	79.435	-177.9491
89.986216	78.976	176.5945
90.638293	78.417	171.3246
91.295096	77.746	166.3152
91.956658	76.952	161.6704
92.623013	76.021	157.5363
93.294198	74.938	154.1186
93.970246	73.687	151.7159
94.651193	72.257	150.7873
95.337075	70.649	152.0661
96.027927	68.922	156.7143
96.723785	67.283	166.2659
97.424685	66.208	-178.6956
98.130664	66.214	-161.4559
98.841760	67.206	-147.5417
99.558008	68.625	-138.8760
100.279446	70.075	-134.3286
101.006112	71.405	-132.4525
101.738044	72.586	-132.2599
102.475280	73.624	-133.1521
103.217858	74.538	-134.7695
103.965817	75.347	-136.8922
104.719197	76.067	-139.3840
105.478035	76.709	-142.1600
106.242372	77.282	-145.1680
107.012248	77.794	-148.3736
107.787703	78.247	-151.7526
108.568777	78.643	-155.2826
109.355511	78.982	-158.9379
110.147947	79.263	-162.6890
110.946124	79.487	-166.5004
111.750085	79.652	-170.3311
112.559873	79.758	-174.1341
113.375528	79.808	-177.8572
114.197094	79.804	178.5571
115.024613	79.750	175.1694
115.858129	79.653	172.0383
116.697684	79.522	169.2162
117.543324	79.368	166.7404
118.395091	79.205	164.6262
119.253031	79.047	162.8602
120.117188	78.907	161.3958
120.987606	78.795	160.1572
121.864332	78.716	159.0499
122.747411	78.669	157.9753
123.636890	78.650	156.8515
124.532814	78.650	155.6230
125.435230	78.657	154.2679
126.344185	78.663	152.7932
127.259727	78.661	151.2261
128.181904	78.645	149.6054
129.110763	78.613	147.9715
130.046352	78.567	146.3620
130.988722	78.507	144.8085
131.937920	78.438	143.3369
132.893997	78.363	141.9658
133.857001	78.287	140.7064
134.826984	78.217	139.5585
135.803996	78.156	138.5093
136.788088	78.110	137.5319
137.779311	78.081	136.5889
138.777717	78.070	135.6390
139.783357	78.075	134.6456
140.796285	78.092	133.5853
141.816553	78.118	132.4517
142.844214	78.150	131.2536
143.879322	78.188	130.0077
144.921931	78.231	128.7279
145.972095	78.285	127.4153
147.029869	78.350	126.0515
148.095308	78.430	124.5983
149.168468	78.525	123.0045
150.249404	78.631	121.2160
151.338173	78.741	119.1885
152.434832	78.847	116.8962
153.539437	78.938	114.3337
154.652047	79.005	111.5150
155.772720	79.040	108.4714
156.901513	79.036	105.2473
158.038486	78.985	101.8978
159.183698	78.885	98.4846
160.337209	78.734	95.0716
161.499079	78.533	91.7227
162.669367	78.286	88.4965
163.848137	77.998	85.4435
165.035448	77.675	82.6046
166.231363	77.324	80.0090
167.435944	76.956	77.6733
168.649254	76.579	75.5988
169.871356	76.204	73.7640
171.102314	75.840	72.1187
172.342191	75.494	70.5814
173.591054	75.167	69.0416
174.848966	74.854	67.3745
176.115994	74.541	65.4661
177.392203	74.206	63.2357
178.677660	73.822	60.6534
179.972432	73.357	57.7485
181.276587	72.778	54.6105
182.590191	72.051	51.3941
183.913315	71.134	48.3335
185.246027	69.984	45.7836
186.588396	68.545	44.3301
187.940492	66.759	45.0532
189.302387	64.620	50.1780
190.674150	62.444	64.1357
192.055853	61.483	90.0054
193.447569	62.794	114.8200
194.849370	65.121	127.4603
196.261329	67.346	131.7842
197.683519	69.226	131.9080
199.116016	70.781	129.8151
200.558892	72.068	126.4388
202.012225	73.134	122.2606
203.476089	74.015	117.5588
204.950560	74.736	112.5148
206.435716	75.317	107.2585
207.931635	75.774	101.8893
209.438393	76.120	96.4862
210.956070	76.367	91.1125
212.484745	76.526	85.8190
214.024497	76.606	80.6462
215.575406	76.616	75.6265
217.137555	76.566	70.7844
218.711023	76.464	66.1362
220.295893	76.320	61.6870
221.892248	76.144	57.4295
223.500171	75.942	53.3427
225.119745	75.722	49.3953
226.751056	75.490	45.5500
228.394187	75.247	41.7664
230.049226	74.994	38.0037
231.716257	74.733	34.2217
233.395369	74.460	30.3782
235.086648	74.171	26.4293
236.790182	73.860	22.3331
238.506062	73.518	18.0555
240.234375	73.132	13.5748
241.975212	72.691	8.8865
243.728664	72.180	4.0035
245.494823	71.587	-1.0458
247.273780	70.897	-6.2238
249.065627	70.097	-11.4915
250.870459	69.174	-16.8183
252.688370	68.111	-22.1957
254.519454	66.886	-27.6528
256.363807	65.465	-33.2786
258.221525	63.791	-39.2612
260.092705	61.771	-45.9746
261.977444	59.236	-54.2471
263.875840	55.910	-66.4561
265.787993	51.681	-93.0211
267.714003	49.974	-167.8362
269.653969	53.624	147.1766
271.607992	57.125	130.5781
273.576176	59.649	120.4098
275.558622	61.488	112.5310
277.555433	62.861	105.8530
279.566714	63.904	100.0237
281.592570	64.706	94.9221
283.633106	65.340	90.4944
285.688428	65.861	86.6803
287.758644	66.318	83.3759
289.843862	66.745	80.4207
291.944190	67.164	77.6140
294.059738	67.577	74.7542
296.190616	67.978	71.6863
298.336935	68.349	68.3335
300.498808	68.673	64.6980
302.676346	68.936	60.8418
304.869664	69.132	56.8541
307.078875	69.262	52.8184
309.304095	69.330	48.7850
311.545440	69.342	44.7582
313.803027	69.300	40.6991
316.076973	69.197	36.5493
318.367397	69.018	32.2656
320.674418	68.739	27.8562
322.998157	68.328	23.4116
325.338735	67.753	19.1306
327.696273	66.977	15.3577
330.070896	65.972	12.6559
332.462726	64.729	11.9465
334.871888	63.314	14.7085
337.298507	62.001	22.8445
339.742711	61.379	36.6368
342.204627	61.924	51.2681
344.684383	63.309	60.9731
347.182108	64.910	65.0771
349.697933	66.400	65.3481
352.231988	67.687	63.3145
354.784406	68.770	59.9050
357.355320	69.668	55.6487
359.944864	70.404	50.8510
362.553173	70.995	45.7010
365.180383	71.451	40.3295
367.826630	71.783	34.8425
370.492054	71.995	29.3387
373.176792	72.090	23.9209
375.880985	72.071	18.7053
378.604773	71.943	13.8275
381.348300	71.713	9.4510
384.111707	71.394	5.7698
386.895138	71.012	2.9968
389.698740	70.608	1.3293
392.522658	70.244	0.8678
395.367039	69.994	1.5004
398.232031	69.922	2.8206
401.117785	70.056	4.1923
404.024450	70.370	4.9786
406.952177	70.801	4.7738
409.901120	71.277	3.4623
412.871433	71.735	1.1387
415.863270	72.135	-2.0035
418.876786	72.450	-5.7477
421.912140	72.666	-9.8856
424.969489	72.774	-14.2240
428.048993	72.773	-18.5779
431.150813	72.664	-22.7600
434.275109	72.455	-26.5764
437.422046	72.160	-29.8250
440.591786	71.803	-32.3054
443.784496	71.423	-33.8517
447.000341	71.071	-34.3923
450.239490	70.805	-34.0265
453.502111	70.675	-33.0709
456.788374	70.699	-32.0050
460.098451	70.857	-31.3011
463.432514	71.099	-31.2495
466.790737	71.370	-31.8933
470.173295	71.625	-33.0796
473.580365	71.842	-34.5586
477.012124	72.019	-36.0743
480.468750	72.176	-37.4363
483.950425	72.340	-38.5674
487.457329	72.541	-39.5251
490.989646	72.797	-40.4811
494.547559	73.112	-41.6577
498.131254	73.471	-43.2507
501.740919	73.848	-45.3733
505.376740	74.215	-48.0411
509.038909	74.550	-51.1910
512.727614	74.835	-54.7119
516.443050	75.061	-58.4746
520.185409	75.227	-62.3535
523.954887	75.336	-66.2408
527.751680	75.397	-70.0547
531.575987	75.420	-73.7429
535.428005	75.417	-77.2859
539.307937	75.396	-80.6959
543.215985	75.367	-84.0112
547.152352	75.331	-87.2852
551.117243	75.289	-90.5709
555.110866	75.236	-93.9047
559.133428	75.166	-97.2957
563.185140	75.071	-100.7266
567.266211	74.951	-104.1652
571.376856	74.805	-107.5798
575.517288	74.635	-110.9546
579.687724	74.445	-114.2964
583.888380	74.235	-117.6328
588.119476	74.002	-121.0021
592.381232	73.741	-124.4397
596.673871	73.441	-127.9686
600.997615	73.089	-131.5906
605.352692	72.669	-135.2780
609.739327	72.163	-138.9623
614.157750	71.549	-142.5179
618.608190	70.810	-145.7385
623.090880	69.934	-148.3109
627.606053	68.922	-149.7877
632.153945	67.807	-149.5835
636.734793	66.680	-147.0747
641.348836	65.707	-141.9557
645.996314	65.095	-134.8647
650.677470	64.954	-127.5496
655.392547	65.199	-121.7954
660.141792	65.627	-118.3038
664.925451	66.062	-116.8042
669.743775	66.401	-116.6688
674.597014	66.604	-117.2734
679.485423	66.662	-118.0874
684.409254	66.593	-118.6694
689.368766	66.431	-118.6489
694.364216	66.226	-117.7393
699.395865	66.051	-115.8031
704.463976	65.985	-112.9594
709.568812	66.091	-109.6495
714.710640	66.387	-106.5294
719.889728	66.833	-104.1929
725.106346	67.358	-102.9385
730.360766	67.892	-102.7427
735.653261	68.384	-103.3779
740.984108	68.811	-104.5487
746.353584	69.173	-105.9875
751.761970	69.484	-107.5098
757.209547	69.766	-109.0409
762.696599	70.035	-110.6140
768.223413	70.303	-112.3365
773.790277	70.565	-114.3359
779.397480	70.806	-116.7056
785.045315	71.006	-119.4713
790.734077	71.143	-122.5868
796.464062	71.197	-125.9464
802.235569	71.155	-129.4012
808.048899	71.008	-132.7720
813.904354	70.757	-135.8540
819.802241	70.408	-138.4177
825.742866	69.980	-140.2186
831.726539	69.511	-141.0250
837.753572	69.057	-140.6838
843.824280	68.686	-139.2271
849.938979	68.472	-136.9692
856.097987	68.451	-134.4954
862.301626	68.612	-132.4692
868.550219	68.895	-131.3796
874.844092	69.222	-131.4135
881.183573	69.520	-132.4921
887.568992	69.734	-134.3718
894.000683	69.828	-136.7216
900.478980	69.787	-139.1678
907.004222	69.613	-141.3112
913.576749	69.329	-142.7429
920.196903	68.986	-143.0913
926.865029	68.666	-142.1285
933.581475	68.469	-139.9475
940.346591	68.485	-137.0991
947.160730	68.739	-134.4723
954.024247	69.179	-132.8898
960.937500	69.709	-132.7714
967.900849	70.231	-134.1176
974.914658	70.672	-136.6855
981.979291	70.984	-140.1466
989.095118	71.144	-144.1660
996.262509	71.135	-148.4253
1003.481838	70.953	-152.6133
1010.753481	70.599	-156.4078
1018.077817	70.085	-159.4540
1025.455229	69.436	-161.3542
1032.886100	68.704	-161.6870
1040.370819	67.976	-160.1056
1047.909774	67.381	-156.5575
1055.503361	67.052	-151.5668
1063.151973	67.065	-146.2424
1070.856010	67.384	-141.7734
1078.615875	67.890	-138.8484
1086.431970	68.459	-137.5530
1094.304704	68.998	-137.6188
1102.234487	69.456	-138.6625
1110.221732	69.807	-140.3031
1118.266856	70.049	-142.2009
1126.370279	70.190	-144.0714
1134.532422	70.253	-145.6918
1142.753712	70.267	-146.9114
1151.034577	70.265	-147.6650
1159.375448	70.281	-147.9866
1167.776760	70.344	-148.0117
1176.238952	70.471	-147.9545
1184.762464	70.662	-148.0520
1193.347741	70.899	-148.4983
1201.995231	71.157	-149.3977
1210.705384	71.409	-150.7565
1219.478654	71.632	-152.5046
1228.315499	71.814	-154.5341
1237.216380	71.950	-156.7314
1246.181760	72.038	-158.9977
1255.212106	72.083	-161.2588
1264.307891	72.093	-163.4641
1273.469587	72.072	-165.5824
1282.697672	72.028	-167.5962
1291.992628	71.968	-169.5028
1301.354940	71.898	-171.3164
1310.785094	71.823	-173.0706
1320.283583	71.746	-174.8126
1329.850902	71.663	-176.5914
1339.487550	71.568	-178.4460
1349.194029	71.454	179.6061
1358.970845	71.310	177.5757
1368.818508	71.128	175.5012
1378.737531	70.902	173.4423
1388.728432	70.627	171.4669
1398.791730	70.305	169.6387
1408.927952	69.934	168.0101
1419.137625	69.516	166.6245
1429.421281	69.047	165.5347
1439.779457	68.523	164.8285
1450.212692	67.942	164.6559
1460.721531	67.311	165.2430
1471.306521	66.653	166.8750
1481.968215	66.021	169.8214
1492.707168	65.499	174.1805
1503.523939	65.181	179.6798
1514.419093	65.135	-174.3849
1525.393198	65.352	-168.8882
1536.446826	65.762	-164.4530
1547.580553	66.271	-161.2562
1558.794960	66.806	-159.1412
1570.090631	67.325	-157.8181
1581.468155	67.815	-157.0079
1592.928125	68.283	-156.5117
1604.471139	68.743	-156.2332
1616.097798	69.209	-156.1735
1627.808709	69.691	-156.4054
1639.604482	70.186	-157.0326
1651.485732	70.685	-158.1484
1663.453078	71.170	-159.8031
1675.507145	71.623	-161.9906
1687.648560	72.027	-164.6550
1699.877958	72.368	-167.7053
1712.195974	72.638	-171.0332
1724.603252	72.835	-174.5283
1737.100438	72.959	-178.0881
1749.688184	73.014	178.3733
1762.367146	73.008	174.9230
1775.137984	72.947	171.6075
1788.001366	72.838	168.4552
1800.957961	72.689	165.4797
1814.008445	72.503	162.6853
1827.153498	72.284	160.0702
1840.393805	72.035	157.6332
1853.730057	71.755	155.3783
1867.162949	71.443	153.3219
1880.693182	71.098	151.4988
1894.321460	70.719	149.9666
1908.048494	70.310	148.8036
1921.875000	69.880	148.0986
1935.801698	69.442	147.9316
1949.829316	69.019	148.3489
1963.958583	68.635	149.3368
1978.190236	68.315	150.8033
1992.525018	68.078	152.5878
2006.963676	67.932	154.4913
2021.506962	67.870	156.3275
2036.155634	67.879	157.9607
2050.910458	67.940	159.3203
2065.772200	68.036	160.3942
2080.741637	68.156	161.2076
2095.819549	68.290	161.8010
2111.006721	68.437	162.2083
2126.303946	68.596	162.4437
2141.712021	68.766	162.4977
2157.231749	68.947	162.3413
2172.863940	69.132	161.9424
2188.609407	69.314	161.2781
2204.468973	69.484	160.3450
2220.443464	69.632	159.1632
2236.533713	69.751	157.7745
2252.740558	69.834	156.2352
2269.064845	69.879	154.6077
2285.507424	69.884	152.9528
2302.069153	69.851	151.3264
2318.750895	69.781	149.7812
2335.553520	69.678	148.3694
2352.477904	69.546	147.1445
2369.524928	69.393	146.1593
2386.695483	69.229	145.4539
2403.990462	69.066	145.0431
2421.410768	68.916	144.9099
2438.957308	68.791	145.0077
2456.630998	68.697	145.2740
2474.432759	68.638	145.6450
2492.363519	68.616	146.0626
2510.424213	68.630	146.4745
2528.615781	68.680	146.8293
2546.939174	68.764	147.0715
2565.395345	68.878	147.1421
2583.985257	69.014	146.9847
2602.709879	69.162	146.5549
2621.570188	69.311	145.8290
2640.567166	69.447	144.8097
2659.701804	69.558	143.5270
2678.975100	69.632	142.0363
2698.388058	69.661	140.4159
2717.941690	69.638	138.7618
2737.637016	69.563	137.1854
2757.475062	69.438	135.8058
2777.456863	69.272	134.7437
2797.583461	69.080	134.1074
2817.855904	68.883	133.9762
2838.275249	68.709	134.3762
2858.842562	68.587	135.2614
2879.558913	68.544	136.5024
2900.425384	68.597	137.8971
2921.443062	68.750	139.2050
2942.613043	68.995	140.1957
2963.936430	69.310	140.6929
2985.414335	69.667	140.5955
3007.047878	70.041	139.8728
3028.838187	70.406	138.5481
3050.786397	70.743	136.6771
3072.893653	71.036	134.3308
3095.161107	71.274	131.5858
3117.589920	71.446	128.5206
3140.181262	71.544	125.2192
3162.936310	71.559	121.7765
3185.856250	71.485	118.3038
3208.942278	71.318	114.9352
3232.195596	71.059	111.8271
3255.617418	70.713	109.1580
3279.208964	70.295	107.1171
3302.971464	69.832	105.8799
3326.906156	69.362	105.5680
3351.014290	68.932	106.1959
3375.297121	68.593	107.6239
3399.755915	68.382	109.5526
3424.391948	68.312	111.5942
3449.206504	68.371	113.3887
3474.200876	68.526	114.6919
3499.376367	68.739	115.3988
3524.734291	68.976	115.5109
3550.275969	69.212	115.0884
3576.002732	69.426	114.2150
3601.915922	69.607	112.9797
3628.016889	69.744	111.4695
3654.306995	69.833	109.7693
3680.787610	69.867	107.9652
3707.460115	69.843	106.1495
3734.325899	69.761	104.4255
3761.386364	69.622	102.9106
3788.642920	69.436	101.7345
3816.096988	69.214	101.0299
3843.750000	68.981	100.9093
3871.603397	68.769	101.4313
3899.658631	68.614	102.5587
3927.917165	68.553	104.1306
3956.380472	68.607	105.8741
3985.050036	68.778	107.4666
4013.927351	69.047	108.6235
4043.013923	69.381	109.1653
4072.311269	69.744	109.0311
4101.820915	70.105	108.2538
4131.544400	70.438	106.9210
4161.483274	70.728	105.1415
4191.639097	70.965	103.0234
4222.013442	71.142	100.6649
4252.607892	71.255	98.1542
4283.424042	71.304	95.5762
4314.463498	71.284	93.0217
4345.727879	71.199	90.5948
4377.218815	71.051	88.4132
4408.937947	70.850	86.5999
4440.886929	70.615	85.2650
4473.067426	70.368	84.4769
4505.481116	70.140	84.2314
4538.129690	69.957	84.4323
4571.014848	69.838	84.8993
4604.138306	69.789	85.4119
4637.501790	69.798	85.7715
4671.107040	69.844	85.8542
4704.955807	69.904	85.6289
4739.049856	69.956	85.1421
4773.390965	69.987	84.4839
4807.980924	69.992	83.7523
4842.821536	69.971	83.0308
4877.914617	69.928	82.3807
4913.261997	69.867	81.8464
4948.865519	69.796	81.4634
4984.727038	69.721	81.2622
5020.848425	69.654	81.2581
5057.231563	69.607	81.4314
5093.878347	69.592	81.7120
5130.790689	69.614	81.9791
5167.970514	69.670	82.0902
5205.419759	69.743	81.9246
5243.140376	69.811	81.4264
5281.134332	69.849	80.6281
5319.403609	69.834	79.6466
5357.950200	69.755	78.6632
5396.776116	69.611	77.8923
5435.883380	69.416	77.5457
5475.274032	69.196	77.7882
5514.950125	68.991	78.6904
5554.913727	68.839	80.1884
5595.166922	68.776	82.0773
5635.711808	68.816	84.0609
5676.550498	68.951	85.8394
5717.685123	69.157	87.1930
5759.117827	69.398	88.0227
5800.850769	69.645	88.3442
5842.886124	69.871	88.2562
5885.226086	70.062	87.9011
5927.872860	70.217	87.4288
5970.828671	70.342	86.9589
6014.095756	70.450	86.5511
6057.676373	70.554	86.1945
6101.572794	70.664	85.8159
6145.787305	70.778	85.3177
6190.322213	70.886	84.6207
6235.179840	70.974	83.6993
6280.362523	71.025	82.5918
6325.872619	71.028	81.3884
6371.712500	70.976	80.2096
6417.884555	70.871	79.1815
6464.391192	70.722	78.4181
6511.234836	70.542	78.0045
6558.417927	70.347	77.9862
6605.942927	70.157	78.3601
6653.812313	69.986	79.0763
6702.028580	69.845	80.0518
6750.594241	69.739	81.1971
6799.511830	69.668	82.4452
6848.783896	69.628	83.7614
6898.413007	69.619	85.1337
6948.401751	69.644	86.5476
6998.752735	69.708	87.9617
7049.468582	69.812	89.3007
7100.551937	69.953	90.4706
7152.005464	70.121	91.3842
7203.831844	70.302	91.9890
7256.033779	70.479	92.2798
7308.613991	70.637	92.2963
7361.575220	70.765	92.1122
7414.920229	70.855	91.8220
7468.651798	70.908	91.5255
7522.772727	70.928	91.3134
7577.285840	70.924	91.2533
7632.193976	70.908	91.3778
7687.500000	70.891	91.6779
7743.206794	70.884	92.1091
7799.317262	70.889	92.6062
7855.834330	70.908	93.1052
7912.760944	70.935	93.5612
7970.100072	70.965	93.9573
8027.854702	70.991	94.3025
8086.027847	71.010	94.6216
8144.622538	71.020	94.9401
8203.641830	71.020	95.2761
8263.088801	71.013	95.6431
8322.966548	70.997	96.0564
8383.278195	70.972	96.5404
8444.026884	70.941	97.1295
8505.215784	70.909	97.8569
8566.848084	70.885	98.7382
8628.926996	70.877	99.7563
8691.455758	70.894	100.8599
8754.437630	70.939	101.9735
8817.875894	71.011	103.0192
8881.773857	71.101	103.9365
8946.134852	71.202	104.6952
9010.962233	71.306	105.2930
9076.259380	71.403	105.7488
9142.029697	71.490	106.0911
9208.276612	71.562	106.3508
9275.003581	71.619	106.5582
9342.214080	71.660	106.7419
9409.911614	71.685	106.9293
9478.099713	71.696	107.1444
9546.781930	71.696	107.4041
9615.961848	71.687	107.7155
9685.643071	71.672	108.0769
9755.829233	71.654	108.4817
9826.523994	71.632	108.9215
9897.731037	71.606	109.3915
9969.454076	71.577	109.8903
10041.696850	71.544	110.4213
10114.463125	71.507	110.9908
10187.756694	71.467	111.6064
10261.581379	71.424	112.2740
10335.941028	71.380	112.9963
10410.839517	71.338	113.7714
10486.280752	71.298	114.5925
10562.268665	71.262	115.4512
10638.807218	71.231	116.3384
10715.900400	71.205	117.2443
10793.552232	71.186	118.1556
10871.766761	71.173	119.0538
10950.548064	71.164	119.9192
11029.900250	71.158	120.7380
11109.827454	71.149	121.5084
11190.333843	71.134	122.2434
11271.423615	71.112	122.9646
11353.100997	71.083	123.6958
11435.370247	71.047	124.4562
11518.235653	71.008	125.2556
11601.701537	70.967	126.0933
11685.772249	70.928	126.9594
11770.452172	70.888	127.8386
11855.745720	70.850	128.7170
11941.657341	70.810	129.5872
12028.191513	70.766	130.4520
12115.352747	70.717	131.3252
12203.145587	70.661	132.2271
12291.574610	70.600	133.1760
12380.644427	70.538	134.1825
12470.359680	70.475	135.2479
12560.725047	70.415	136.3656
12651.745238	70.359	137.5253
12743.425000	70.309	138.7169
12835.769110	70.263	139.9313
12928.782385	70.225	141.1599
13022.469671	70.194	142.3921
13116.835855	70.171	143.6117
13211.885854	70.156	144.7976
13307.624625	70.146	145.9263
13404.057159	70.140	146.9788
13501.188483	70.130	147.9476
13599.023660	70.114	148.8424
13697.567791	70.088	149.6871
13796.826014	70.048	150.5146
13896.803503	69.996	151.3606
13997.505470	69.933	152.2554
14098.937164	69.863	153.2181
14201.103875	69.790	154.2556
14304.010928	69.718	155.3636
14407.663687	69.649	156.5297
14512.067557	69.586	157.7382
14617.227981	69.530	158.9724
14723.150441	69.481	160.2190
14829.840458	69.439	161.4688
14937.303595	69.405	162.7118
15045.545455	69.379	163.9368
15154.571679	69.361	165.1295
15264.387953	69.351	166.2723
15375.000000	69.348	167.3439
15486.413588	69.349	168.3251
15598.634525	69.349	169.2063
15711.668661	69.343	169.9927
15825.521888	69.329	170.7052
15940.200144	69.304	171.3738
16055.709405	69.268	172.0284
16172.055694	69.225	172.6906
16289.245076	69.176	173.3688
16407.283660	69.126	174.0605
16526.177601	69.076	174.7565
16645.933097	69.027	175.4464
16766.556390	68.980	176.1215
16888.053769	68.935	176.7771
17010.431568	68.893	177.4122
17133.696167	68.853	178.0250
17257.853993	68.818	178.6111
17382.911517	68.789	179.1658
17508.875259	68.768	179.6799
17635.751787	68.753	-179.8793
17763.547714	68.744	-179.5288
17892.269704	68.740	-179.2383
18021.924466	68.742	-179.0305
18152.518759	68.751	-178.9333
18284.059393	68.764	-178.9542
18416.553225	68.780	-179.0991
18550.007161	68.797	-179.3740
18684.428160	68.817	-179.7860
18819.823228	68.837	179.6567
18956.199425	68.856	178.9437
19093.563861	68.873	178.0648
19231.923695	68.888	177.0127
19371.286142	68.897	175.7826
19511.658467	68.901	174.3722
19653.047987	68.896	172.7795
19795.462074	68.883	170.9994
19938.908153	68.862	169.0144
20083.393701	68.823	166.9386
20228.926250	68.768	164.8021
20375.513389	68.701	162.4517
20523.162758	68.618	159.8774
20671.882055	68.517	157.0734
20821.679034	68.392	154.0394
20972.561504	68.236	150.7823
21124.537330	68.041	147.3173
21277.614435	67.796	143.6688
21431.800801	67.485	139.8724
21587.104464	67.089	135.9729
21743.533521	66.580	132.0238
21901.096129	65.927	128.0834
22059.800499	65.085	124.2101
22219.654907	64.000	120.4591
22380.667686	62.603	116.8774
22542.847230	60.810	113.5009
22706.201994	58.517	110.3545
22870.740494	55.594	107.4509
23036.471307	51.885	104.7928
23203.403074	47.211	102.3744
23371.544498	41.401	100.1824
23540.904344	34.369	98.2000
23711.491441	26.248	96.4066
23883.314682	17.764	94.7815
