* Measurement data measured by REW V5.40 beta 133
* Source: U18dB [plughw:3,0], Mic (Mic), R, Volume: 1.000. Timing signal peak level -26.4 dBFS, measurement signal peak level -11.8 dBFS
* Format: 512k Log Swept Sine, 1 sweep at -12.0 dBFS using an acoustic timing reference
* Dated: Sep 10, 2026, 11:07:07 AM
* REW Settings:
*  C-weighting compensation: Off
*  Target level: 75.0 dB
* Note: ; 10 sept 2026  Position MLP 4.18m from front wall 3.32m from RLand L speaker  2 screen panels prolongation - new setup DAC level -29dB MIC HEIGHT: 1.000m mic boom arm height: 1.040 -12dBFS OKTO -28dB DELAY -0.0265 ms (-9.1 mm, -0.36 in) using estimated IR delay relative to Acoustic reference played from DAC8STEREO L with no timing offset Clock adjustment: -15.1 ppm
* Measurement: L+R 120.green
* Smoothing: 1/48 octave
* Frequency Step: 96 ppo
* Start Frequency: 15.014648 Hz
*
* Freq(Hz)	SPL(dB)	Phase(degrees)
15.014648	74.594	-153.5508
15.123451	74.816	-154.5490
15.233042	75.088	-155.5119
15.343426	75.362	-156.5100
15.454611	75.628	-157.5788
15.566602	75.888	-158.6763
15.679404	76.138	-159.8482
15.793023	76.372	-161.1405
15.907466	76.594	-162.5366
16.022738	76.804	-164.0325
16.138845	77.002	-165.6344
16.255794	77.191	-167.3597
16.373590	77.372	-169.1831
16.492240	77.547	-171.0631
16.611750	77.717	-173.0162
16.732125	77.884	-175.0307
16.853373	78.049	-177.0514
16.975500	78.213	-179.0803
17.098511	78.376	178.8766
17.222414	78.537	176.8519
17.347215	78.698	174.8468
17.472920	78.858	172.8503
17.599536	79.016	170.8668
17.727069	79.173	168.8917
17.855527	79.328	166.9211
17.984915	79.480	164.9520
18.115241	79.630	162.9738
18.246512	79.777	160.9960
18.378734	79.919	159.0229
18.511914	80.056	157.0377
18.646058	80.186	155.0658
18.781175	80.306	153.1102
18.917272	80.417	151.1545
19.054354	80.516	149.2354
19.192430	80.602	147.3371
19.331506	80.675	145.4609
19.471590	80.734	143.6365
19.612689	80.781	141.8378
19.754811	80.817	140.0839
19.897962	80.846	138.3867
20.042151	80.867	136.7310
20.187385	80.886	135.1337
20.333671	80.905	133.5962
20.481017	80.926	132.1059
20.629431	80.955	130.6661
20.778920	80.991	129.2741
20.929493	81.038	127.8937
21.081157	81.096	126.5407
21.233919	81.164	125.1764
21.387789	81.244	123.7831
21.542774	81.332	122.3634
21.698882	81.427	120.8774
21.856121	81.529	119.3368
22.014499	81.632	117.7296
22.174025	81.737	116.0480
22.334708	81.840	114.3086
22.496554	81.940	112.5038
22.659573	82.035	110.6462
22.823774	82.124	108.7503
22.989164	82.207	106.8096
23.155753	82.283	104.8495
23.323549	82.351	102.8570
23.492562	82.412	100.8544
23.662798	82.465	98.8303
23.834269	82.509	96.7995
24.006982	82.545	94.7534
24.180946	82.572	92.7008
24.356171	82.589	90.6348
24.532666	82.595	88.5613
24.710440	82.590	86.4763
24.889502	82.574	84.3836
25.069862	82.547	82.2852
25.251528	82.508	80.1829
25.434511	82.458	78.0848
25.618820	82.398	75.9917
25.804465	82.330	73.9150
25.991454	82.253	71.8537
26.179799	82.171	69.8159
26.369509	82.082	67.7982
26.560593	81.988	65.7994
26.753062	81.889	63.8140
26.946926	81.784	61.8327
27.142194	81.671	59.8519
27.338878	81.548	57.8583
27.536987	81.411	55.8620
27.736531	81.256	53.8506
27.937521	81.080	51.8597
28.139968	80.879	49.8857
28.343882	80.649	47.9898
28.549273	80.387	46.1878
28.756153	80.094	44.5492
28.964532	79.772	43.1184
29.174421	79.423	41.9612
29.385831	79.058	41.1308
29.598773	78.684	40.6875
29.813258	78.319	40.6516
30.029297	77.977	41.0456
30.246902	77.675	41.8463
30.466083	77.429	42.9724
30.686853	77.254	44.3695
30.909222	77.154	45.8623
31.133203	77.132	47.3650
31.358807	77.182	48.7348
31.586046	77.293	49.8751
31.814932	77.453	50.7337
32.045476	77.648	51.2541
32.277691	77.867	51.4347
32.511588	78.100	51.2739
32.747180	78.336	50.7841
32.984480	78.570	49.9863
33.223499	78.796	48.8959
33.464250	79.008	47.5388
33.706746	79.202	45.9331
33.950999	79.376	44.0946
34.197022	79.524	42.0536
34.444828	79.644	39.8248
34.694429	79.733	37.4250
34.945839	79.786	34.8929
35.199071	79.800	32.2492
35.454138	79.772	29.5251
35.711054	79.701	26.7755
35.969831	79.586	24.0227
36.230483	79.425	21.2939
36.493024	79.218	18.6484
36.757467	78.966	16.1277
37.023827	78.671	13.7707
37.292117	78.333	11.6307
37.562351	77.959	9.7620
37.834543	77.552	8.2058
38.108708	77.117	7.0106
38.384859	76.662	6.2186
38.663012	76.196	5.8551
38.943180	75.727	5.9459
39.225378	75.266	6.5094
39.509622	74.827	7.5447
39.795925	74.422	9.0236
40.084302	74.065	10.9100
40.374770	73.771	13.1398
40.667342	73.552	15.6182
40.962034	73.417	18.2190
41.258862	73.368	20.7960
41.557841	73.404	23.2019
41.858986	73.515	25.3011
42.162313	73.688	26.9834
42.467839	73.906	28.1725
42.775578	74.153	28.8294
43.085548	74.411	28.9557
43.397763	74.664	28.5852
43.712242	74.899	27.7728
44.028998	75.106	26.5880
44.348051	75.276	25.1090
44.669415	75.401	23.4199
44.993108	75.479	21.6122
45.319147	75.507	19.7756
45.647548	75.488	17.9991
45.978329	75.425	16.3706
46.311507	75.326	14.9740
46.647099	75.202	13.8824
46.985123	75.066	13.1483
47.325597	74.937	12.7903
47.668537	74.833	12.7802
48.013963	74.770	13.0342
48.361892	74.762	13.4174
48.712342	74.815	13.7593
49.065332	74.925	13.8846
49.420880	75.081	13.6451
49.779004	75.267	12.9399
50.139723	75.466	11.7220
50.503056	75.660	9.9936
50.869022	75.835	7.7920
51.237640	75.980	5.1756
51.608929	76.086	2.2104
51.982909	76.147	-1.0406
52.359598	76.156	-4.5244
52.739018	76.112	-8.2016
53.121186	76.010	-12.0489
53.506124	75.851	-16.0568
53.893852	75.632	-20.2301
54.284389	75.358	-24.5852
54.677756	75.029	-29.1495
55.073973	74.648	-33.9645
55.473062	74.220	-39.0887
55.875043	73.750	-44.6042
56.279936	73.243	-50.6233
56.687764	72.707	-57.2967
57.098547	72.151	-64.8191
57.512306	71.597	-73.4257
57.929064	71.076	-83.3727
58.348842	70.643	-94.8796
58.771662	70.373	-108.0106
59.197546	70.351	-122.5247
59.626515	70.634	-137.8033
60.058594	71.219	-153.0128
60.493803	72.039	-167.4429
60.932166	72.997	179.2720
61.373706	74.002	167.1794
61.818445	74.988	156.1476
62.266407	75.912	145.9941
62.717615	76.750	136.5413
63.172093	77.491	127.6535
63.629864	78.130	119.2446
64.090952	78.665	111.2621
64.555381	79.097	103.6663
65.023176	79.429	96.4384
65.494361	79.663	89.5871
65.968960	79.803	83.1297
66.446998	79.850	77.0755
66.928501	79.810	71.4583
67.413492	79.687	66.3215
67.901998	79.485	61.7054
68.394044	79.211	57.6667
68.889655	78.874	54.2745
69.388858	78.483	51.6067
69.891679	78.052	49.7573
70.398142	77.601	48.8325
70.908276	77.155	48.9443
71.422107	76.757	50.1704
71.939661	76.458	52.5079
72.460965	76.317	55.7895
72.986047	76.387	59.6208
73.514934	76.687	63.4506
74.047654	77.196	66.6888
74.584234	77.858	68.9286
75.124702	78.607	69.9765
75.669086	79.384	69.8506
76.217416	80.142	68.6757
76.769719	80.852	66.6249
77.326024	81.494	63.8790
77.886360	82.060	60.5992
78.450757	82.544	56.9353
79.019243	82.946	53.0060
79.591849	83.266	48.9236
80.168605	83.510	44.7714
80.749539	83.682	40.6283
81.334684	83.787	36.5535
81.924068	83.832	32.5946
82.517724	83.824	28.7914
83.115681	83.770	25.1674
83.717972	83.674	21.7398
84.324627	83.544	18.5137
84.935678	83.384	15.4857
85.551157	83.198	12.6482
86.171096	82.988	9.9926
86.795527	82.754	7.5168
87.424483	82.496	5.2294
88.057997	82.211	3.1555
88.696102	81.901	1.3353
89.338830	81.567	-0.1778
89.986216	81.213	-1.3240
90.638293	80.848	-2.0486
91.295096	80.483	-2.3110
91.956658	80.132	-2.0965
92.623013	79.811	-1.4223
93.294198	79.535	-0.3414
93.970246	79.314	1.0673
94.651193	79.158	2.7117
95.337075	79.069	4.5024
96.027927	79.048	6.3634
96.723785	79.093	8.2334
97.424685	79.205	10.0577
98.130664	79.382	11.7776
98.841760	79.622	13.3245
99.558008	79.921	14.6212
100.279446	80.269	15.5919
101.006112	80.656	16.1761
101.738044	81.067	16.3398
102.475280	81.489	16.0812
103.217858	81.910	15.4265
103.965817	82.321	14.4208
104.719197	82.716	13.1160
105.478035	83.094	11.5588
106.242372	83.453	9.7831
107.012248	83.797	7.8055
107.787703	84.124	5.6258
108.568777	84.434	3.2332
109.355511	84.723	0.6154
110.147947	84.987	-2.2344
110.946124	85.220	-5.3110
111.750085	85.415	-8.5937
112.559873	85.566	-12.0471
113.375528	85.668	-15.6230
114.197094	85.718	-19.2639
115.024613	85.715	-22.9064
115.858129	85.660	-26.4873
116.697684	85.556	-29.9462
117.543324	85.408	-33.2305
118.395091	85.224	-36.2991
119.253031	85.011	-39.1251
120.117188	84.778	-41.6971
120.987606	84.533	-44.0200
121.864332	84.282	-46.1130
122.747411	84.032	-48.0058
123.636890	83.785	-49.7322
124.532814	83.542	-51.3245
125.435230	83.301	-52.8056
126.344185	83.060	-54.1839
127.259727	82.816	-55.4503
128.181904	82.569	-56.5798
129.110763	82.319	-57.5363
130.046352	82.070	-58.2833
130.988722	81.832	-58.7943
131.937920	81.615	-59.0659
132.893997	81.430	-59.1264
133.857001	81.288	-59.0406
134.826984	81.194	-58.9035
135.803996	81.150	-58.8251
136.788088	81.149	-58.9112
137.779311	81.180	-59.2420
138.777717	81.229	-59.8608
139.783357	81.281	-60.7698
140.796285	81.324	-61.9344
141.816553	81.348	-63.2933
142.844214	81.349	-64.7719
143.879322	81.326	-66.2943
144.921931	81.284	-67.7967
145.972095	81.231	-69.2381
147.029869	81.175	-70.6068
148.095308	81.124	-71.9229
149.168468	81.086	-73.2332
150.249404	81.064	-74.6015
151.338173	81.056	-76.0941
152.434832	81.057	-77.7682
153.539437	81.059	-79.6642
154.652047	81.053	-81.8034
155.772720	81.030	-84.1877
156.901513	80.982	-86.8026
158.038486	80.898	-89.6198
159.183698	80.775	-92.6018
160.337209	80.607	-95.7068
161.499079	80.392	-98.8921
162.669367	80.127	-102.1201
163.848137	79.814	-105.3608
165.035448	79.450	-108.5948
166.231363	79.036	-111.8137
167.435944	78.569	-115.0189
168.649254	78.046	-118.2192
169.871356	77.458	-121.4310
171.102314	76.795	-124.6754
172.342191	76.043	-127.9790
173.591054	75.177	-131.3735
174.848966	74.163	-134.8989
176.115994	72.948	-138.6006
177.392203	71.448	-142.5314
178.677660	69.519	-146.7595
179.972432	66.897	-151.3989
181.276587	63.064	-156.8066
182.590191	57.881	-166.9663
183.913315	59.704	19.4999
185.246027	65.079	11.5219
186.588396	68.822	5.3421
187.940492	71.517	-0.6440
189.302387	73.577	-6.6135
190.674150	75.211	-12.5837
192.055853	76.538	-18.5373
193.447569	77.631	-24.4509
194.849370	78.539	-30.3074
196.261329	79.296	-36.0974
197.683519	79.927	-41.8196
199.116016	80.451	-47.4765
200.558892	80.879	-53.0702
202.012225	81.222	-58.5981
203.476089	81.486	-64.0500
204.950560	81.677	-69.4075
206.435716	81.800	-74.6475
207.931635	81.862	-79.7464
209.438393	81.869	-84.6845
210.956070	81.828	-89.4492
212.484745	81.745	-94.0379
214.024497	81.626	-98.4583
215.575406	81.476	-102.7274
217.137555	81.298	-106.8691
218.711023	81.093	-110.9096
220.295893	80.861	-114.8742
221.892248	80.599	-118.7812
223.500171	80.302	-122.6375
225.119745	79.966	-126.4331
226.751056	79.583	-130.1375
228.394187	79.149	-133.7002
230.049226	78.661	-137.0513
231.716257	78.118	-140.1057
233.395369	77.525	-142.7709
235.086648	76.889	-144.9583
236.790182	76.224	-146.5923
238.506062	75.544	-147.6228
240.234375	74.870	-148.0330
241.975212	74.219	-147.8416
243.728664	73.609	-147.1002
245.494823	73.056	-145.8875
247.273780	72.571	-144.3057
249.065627	72.162	-142.4773
250.870459	71.828	-140.5383
252.688370	71.560	-138.6128
254.519454	71.343	-136.7759
256.363807	71.156	-135.0172
258.221525	70.988	-133.2283
260.092705	70.840	-131.2290
261.977444	70.734	-128.8411
263.875840	70.714	-126.0017
265.787993	70.829	-122.8776
267.714003	71.108	-119.8817
269.653969	71.543	-117.5325
271.607992	72.085	-116.2341
273.576176	72.668	-116.1458
275.558622	73.232	-117.2018
277.555433	73.734	-119.2072
279.566714	74.148	-121.9248
281.592570	74.462	-125.1230
283.633106	74.673	-128.5955
285.688428	74.785	-132.1643
287.758644	74.808	-135.6792
289.843862	74.753	-139.0151
291.944190	74.638	-142.0771
294.059738	74.481	-144.8088
296.190616	74.303	-147.1992
298.336935	74.124	-149.2914
300.498808	73.958	-151.1790
302.676346	73.815	-152.9935
304.869664	73.692	-154.8811
307.078875	73.580	-156.9777
309.304095	73.460	-159.3885
311.545440	73.308	-162.1764
313.803027	73.095	-165.3557
316.076973	72.790	-168.8916
318.367397	72.357	-172.6957
320.674418	71.758	-176.6160
322.998157	70.944	179.5891
325.338735	69.859	176.3152
327.696273	68.432	174.2725
330.070896	66.588	174.9016
332.462726	64.358	-178.5530
334.871888	62.393	-159.7761
337.298507	62.513	-130.1752
339.742711	64.765	-110.4810
342.204627	67.323	-103.5930
344.684383	69.504	-103.1074
347.182108	71.272	-105.6218
349.697933	72.699	-109.6576
352.231988	73.852	-114.5187
354.784406	74.782	-119.8389
357.355320	75.525	-125.4032
359.944864	76.105	-131.0679
362.553173	76.544	-136.7235
365.180383	76.856	-142.2772
367.826630	77.054	-147.6448
370.492054	77.150	-152.7471
373.176792	77.156	-157.5072
375.880985	77.083	-161.8474
378.604773	76.942	-165.6838
381.348300	76.751	-168.9246
384.111707	76.531	-171.4731
386.895138	76.311	-173.2502
389.698740	76.131	-174.2363
392.522658	76.036	-174.5322
395.367039	76.067	-174.4041
398.232031	76.240	-174.2579
401.117785	76.543	-174.5299
404.024450	76.936	-175.5518
406.952177	77.366	-177.4758
409.901120	77.782	179.7126
412.871433	78.142	176.1400
415.863270	78.419	171.9879
418.876786	78.594	167.4561
421.912140	78.659	162.7439
424.969489	78.609	158.0448
428.048993	78.446	153.5481
431.150813	78.178	149.4446
434.275109	77.816	145.9254
437.422046	77.382	143.1797
440.591786	76.905	141.3799
443.784496	76.429	140.6470
447.000341	76.007	140.9963
450.239490	75.696	142.2789
453.502111	75.541	144.1587
456.788374	75.559	146.1763
460.098451	75.734	147.8914
463.432514	76.024	149.0162
466.790737	76.382	149.4598
470.173295	76.769	149.2833
473.580365	77.162	148.6199
477.012124	77.552	147.6038
480.468750	77.941	146.3237
483.950425	78.333	144.8079
487.457329	78.732	143.0304
490.989646	79.137	140.9375
494.547559	79.539	138.4769
498.131254	79.926	135.6235
501.740919	80.286	132.3888
505.376740	80.606	128.8193
509.038909	80.879	124.9855
512.727614	81.099	120.9686
516.443050	81.267	116.8469
520.185409	81.385	112.6855
523.954887	81.458	108.5273
527.751680	81.492	104.3910
531.575987	81.490	100.2738
535.428005	81.453	96.1595
539.307937	81.378	92.0308
543.215985	81.258	87.8853
547.152352	81.084	83.7494
551.117243	80.848	79.6908
555.110866	80.541	75.8235
559.133428	80.162	72.3071
563.185140	79.721	69.3335
567.266211	79.238	67.0990
571.376856	78.753	65.7523
575.517288	78.317	65.3196
579.687724	77.988	65.6271
583.888380	77.805	66.2856
588.119476	77.777	66.7882
592.381232	77.872	66.6838
596.673871	78.037	65.7095
600.997615	78.214	63.8098
605.352692	78.353	61.0796
609.739327	78.418	57.6934
614.157750	78.386	53.8557
618.608190	78.242	49.7751
623.090880	77.982	45.6514
627.606053	77.605	41.6711
632.153945	77.116	38.0079
636.734793	76.521	34.8247
641.348836	75.834	32.2778
645.996314	75.067	30.5227
650.677470	74.243	29.7164
655.392547	73.387	30.0114
660.141792	72.537	31.5413
664.925451	71.744	34.3859
669.743775	71.069	38.5184
674.597014	70.580	43.7378
679.485423	70.335	49.6299
684.409254	70.364	55.6000
689.368766	70.653	61.0081
694.364216	71.145	65.3340
699.395865	71.766	68.2793
704.463976	72.440	69.7695
709.568812	73.101	69.8977
714.710640	73.701	68.8591
719.889728	74.204	66.9006
725.106346	74.590	64.2891
730.360766	74.848	61.2878
735.653261	74.978	58.1445
740.984108	74.988	55.0797
746.353584	74.889	52.2804
751.761970	74.699	49.8965
757.209547	74.438	48.0430
762.696599	74.124	46.8093
768.223413	73.780	46.2751
773.790277	73.433	46.5173
779.397480	73.117	47.5914
785.045315	72.878	49.4812
790.734077	72.765	52.0217
796.464062	72.817	54.8540
802.235569	73.042	57.4792
808.048899	73.411	59.4114
813.904354	73.868	60.3334
819.802241	74.346	60.1562
825.742866	74.788	58.9808
831.726539	75.152	57.0261
837.753572	75.410	54.5692
843.824280	75.553	51.9044
849.938979	75.584	49.3195
856.097987	75.519	47.0718
862.301626	75.385	45.3627
868.550219	75.220	44.3062
874.844092	75.065	43.9008
881.183573	74.956	44.0200
887.568992	74.917	44.4410
894.000683	74.954	44.9100
900.478980	75.056	45.2122
907.004222	75.202	45.2191
913.576749	75.372	44.8933
920.196903	75.546	44.2607
926.865029	75.715	43.3745
933.581475	75.872	42.2837
940.346591	76.015	41.0173
947.160730	76.141	39.5867
954.024247	76.246	37.9952
960.937500	76.326	36.2537
967.900849	76.374	34.3878
974.914658	76.384	32.4387
981.979291	76.354	30.4576
989.095118	76.281	28.4983
996.262509	76.165	26.6128
1003.481838	76.006	24.8528
1010.753481	75.805	23.2765
1018.077817	75.564	21.9551
1025.455229	75.287	20.9763
1032.886100	74.986	20.4370
1040.370819	74.678	20.4220
1047.909774	74.388	20.9729
1055.503361	74.145	22.0510
1063.151973	73.973	23.5164
1070.856010	73.886	25.1494
1078.615875	73.879	26.7172
1086.431970	73.932	28.0535
1094.304704	74.019	29.1085
1102.234487	74.118	29.9457
1110.221732	74.218	30.7025
1118.266856	74.323	31.5330
1126.370279	74.450	32.5444
1134.532422	74.628	33.7433
1142.753712	74.881	35.0055
1151.034577	75.224	36.0964
1159.375448	75.647	36.7424
1167.776760	76.127	36.7194
1176.238952	76.626	35.9149
1184.762464	77.108	34.3385
1193.347741	77.541	32.0912
1201.995231	77.905	29.3247
1210.705384	78.190	26.2072
1219.478654	78.391	22.8995
1228.315499	78.514	19.5409
1237.216380	78.568	16.2385
1246.181760	78.562	13.0671
1255.212106	78.509	10.0670
1264.307891	78.419	7.2495
1273.469587	78.302	4.6044
1282.697672	78.162	2.1080
1291.992628	78.005	-0.2677
1301.354940	77.832	-2.5513
1310.785094	77.640	-4.7678
1320.283583	77.429	-6.9335
1329.850902	77.194	-9.0500
1339.487550	76.931	-11.1047
1349.194029	76.638	-13.0717
1358.970845	76.310	-14.9165
1368.818508	75.947	-16.6027
1378.737531	75.550	-18.0924
1388.728432	75.117	-19.3470
1398.791730	74.647	-20.3226
1408.927952	74.140	-20.9633
1419.137625	73.594	-21.1945
1429.421281	73.010	-20.9104
1439.779457	72.394	-19.9606
1450.212692	71.762	-18.1456
1460.721531	71.149	-15.2443
1471.306521	70.615	-11.1079
1481.968215	70.243	-5.8247
1492.707168	70.105	0.1443
1503.523939	70.227	6.0491
1514.419093	70.569	11.1858
1525.393198	71.050	15.1998
1536.446826	71.592	18.1055
1547.580553	72.146	20.1221
1558.794960	72.688	21.5022
1570.090631	73.217	22.4363
1581.468155	73.738	23.0226
1592.928125	74.258	23.2828
1604.471139	74.780	23.1986
1616.097798	75.302	22.7429
1627.808709	75.819	21.9008
1639.604482	76.324	20.6710
1651.485732	76.810	19.0608
1663.453078	77.273	17.0818
1675.507145	77.706	14.7484
1687.648560	78.102	12.0790
1699.877958	78.457	9.0995
1712.195974	78.763	5.8427
1724.603252	79.016	2.3489
1737.100438	79.211	-1.3358
1749.688184	79.344	-5.1609
1762.367146	79.415	-9.0714
1775.137984	79.421	-13.0085
1788.001366	79.363	-16.9131
1800.957961	79.245	-20.7283
1814.008445	79.070	-24.4062
1827.153498	78.843	-27.9137
1840.393805	78.568	-31.2322
1853.730057	78.248	-34.3562
1867.162949	77.884	-37.2828
1880.693182	77.473	-40.0000
1894.321460	77.010	-42.4720
1908.048494	76.491	-44.6317
1921.875000	75.913	-46.3752
1935.801698	75.278	-47.5615
1949.829316	74.595	-48.0171
1963.958583	73.885	-47.5525
1978.190236	73.183	-45.9984
1992.525018	72.544	-43.2684
2006.963676	72.030	-39.4445
2021.506962	71.705	-34.8401
2036.155634	71.600	-29.9678
2050.910458	71.711	-25.3923
2065.772200	71.995	-21.5516
2080.741637	72.394	-18.6676
2095.819549	72.851	-16.7693
2111.006721	73.323	-15.7639
2126.303946	73.779	-15.5039
2141.712021	74.203	-15.8330
2157.231749	74.588	-16.6123
2172.863940	74.933	-17.7324
2188.609407	75.238	-19.1178
2204.468973	75.507	-20.7238
2220.443464	75.739	-22.5260
2236.533713	75.935	-24.5099
2252.740558	76.091	-26.6594
2269.064845	76.204	-28.9487
2285.507424	76.269	-31.3378
2302.069153	76.282	-33.7716
2318.750895	76.241	-36.1816
2335.553520	76.148	-38.4894
2352.477904	76.004	-40.6121
2369.524928	75.819	-42.4702
2386.695483	75.603	-43.9977
2403.990462	75.370	-45.1521
2421.410768	75.134	-45.9237
2438.957308	74.912	-46.3383
2456.630998	74.716	-46.4513
2474.432759	74.556	-46.3391
2492.363519	74.437	-46.0898
2510.424213	74.361	-45.7950
2528.615781	74.322	-45.5410
2546.939174	74.314	-45.3987
2565.395345	74.327	-45.4105
2583.985257	74.347	-45.5828
2602.709879	74.367	-45.8883
2621.570188	74.378	-46.2753
2640.567166	74.379	-46.6840
2659.701804	74.373	-47.0596
2678.975100	74.362	-47.3635
2698.388058	74.354	-47.5787
2717.941690	74.357	-47.7103
2737.637016	74.375	-47.7812
2757.475062	74.410	-47.8241
2777.456863	74.466	-47.8721
2797.583461	74.540	-47.9528
2817.855904	74.632	-48.0880
2838.275249	74.741	-48.2949
2858.842562	74.866	-48.5879
2879.558913	75.007	-48.9829
2900.425384	75.163	-49.5002
2921.443062	75.333	-50.1660
2942.613043	75.515	-51.0125
2963.936430	75.704	-52.0753
2985.414335	75.896	-53.3888
3007.047878	76.081	-54.9806
3028.838187	76.249	-56.8638
3050.786397	76.389	-59.0312
3072.893653	76.489	-61.4525
3095.161107	76.537	-64.0737
3117.589920	76.524	-66.8190
3140.181262	76.442	-69.5900
3162.936310	76.287	-72.2668
3185.856250	76.058	-74.7081
3208.942278	75.763	-76.7549
3232.195596	75.416	-78.2426
3255.617418	75.042	-79.0229
3279.208964	74.678	-79.0060
3302.971464	74.368	-78.2134
3326.906156	74.157	-76.8186
3351.014290	74.071	-75.1351
3375.297121	74.116	-73.5359
3399.755915	74.269	-72.3417
3424.391948	74.494	-71.7446
3449.206504	74.752	-71.8010
3474.200876	75.011	-72.4714
3499.376367	75.246	-73.6670
3524.734291	75.439	-75.2804
3550.275969	75.579	-77.2014
3576.002732	75.659	-79.3215
3601.915922	75.675	-81.5325
3628.016889	75.624	-83.7230
3654.306995	75.508	-85.7770
3680.787610	75.332	-87.5719
3707.460115	75.105	-88.9807
3734.325899	74.844	-89.8796
3761.386364	74.572	-90.1669
3788.642920	74.323	-89.7965
3816.096988	74.132	-88.8179
3843.750000	74.033	-87.4037
3871.603397	74.046	-85.8315
3899.658631	74.167	-84.4131
3927.917165	74.378	-83.4054
3956.380472	74.645	-82.9523
3985.050036	74.933	-83.0829
4013.927351	75.216	-83.7418
4043.013923	75.474	-84.8279
4072.311269	75.696	-86.2280
4101.820915	75.877	-87.8368
4131.544400	76.017	-89.5668
4161.483274	76.119	-91.3500
4191.639097	76.185	-93.1360
4222.013442	76.218	-94.8867
4252.607892	76.224	-96.5717
4283.424042	76.205	-98.1641
4314.463498	76.166	-99.6409
4345.727879	76.112	-100.9828
4377.218815	76.049	-102.1781
4408.937947	75.982	-103.2289
4440.886929	75.918	-104.1536
4473.067426	75.860	-104.9854
4505.481116	75.810	-105.7653
4538.129690	75.767	-106.5316
4571.014848	75.727	-107.3087
4604.138306	75.685	-108.1023
4637.501790	75.636	-108.9001
4671.107040	75.579	-109.6765
4704.955807	75.511	-110.4010
4739.049856	75.434	-111.0433
4773.390965	75.352	-111.5782
4807.980924	75.266	-111.9884
4842.821536	75.183	-112.2617
4877.914617	75.108	-112.3934
4913.261997	75.048	-112.3921
4948.865519	75.010	-112.2875
4984.727038	75.000	-112.1355
5020.848425	75.018	-112.0164
5057.231563	75.063	-112.0175
5093.878347	75.122	-112.2119
5130.790689	75.183	-112.6376
5167.970514	75.230	-113.2850
5205.419759	75.248	-114.0992
5243.140376	75.228	-114.9889
5281.134332	75.165	-115.8386
5319.403609	75.062	-116.5242
5357.950200	74.928	-116.9308
5396.776116	74.780	-116.9753
5435.883380	74.639	-116.6278
5475.274032	74.527	-115.9261
5514.950125	74.461	-114.9739
5554.913727	74.449	-113.9160
5595.166922	74.490	-112.9012
5635.711808	74.574	-112.0427
5676.550498	74.685	-111.3986
5717.685123	74.810	-110.9701
5759.117827	74.937	-110.7170
5800.850769	75.061	-110.5790
5842.886124	75.184	-110.5024
5885.226086	75.310	-110.4614
5927.872860	75.445	-110.4711
5970.828671	75.592	-110.5824
6014.095756	75.748	-110.8663
6057.676373	75.903	-111.3831
6101.572794	76.046	-112.1567
6145.787305	76.161	-113.1628
6190.322213	76.236	-114.3302
6235.179840	76.264	-115.5543
6280.362523	76.245	-116.7201
6325.872619	76.185	-117.7235
6371.712500	76.097	-118.4934
6417.884555	75.995	-119.0055
6464.391192	75.890	-119.2827
6511.234836	75.792	-119.3831
6558.417927	75.704	-119.3744
6605.942927	75.621	-119.3068
6653.812313	75.538	-119.1914
6702.028580	75.450	-118.9957
6750.594241	75.356	-118.6565
6799.511830	75.262	-118.1063
6848.783896	75.183	-117.3094
6898.413007	75.132	-116.2889
6948.401751	75.124	-115.1335
6998.752735	75.164	-113.9730
7049.468582	75.246	-112.9346
7100.551937	75.358	-112.1027
7152.005464	75.485	-111.5043
7203.831844	75.616	-111.1194
7256.033779	75.742	-110.9055
7308.613991	75.861	-110.8225
7361.575220	75.969	-110.8448
7414.920229	76.067	-110.9625
7468.651798	76.153	-111.1737
7522.772727	76.223	-111.4725
7577.285840	76.272	-111.8372
7632.193976	76.296	-112.2258
7687.500000	76.296	-112.5814
7743.206794	76.274	-112.8436
7799.317262	76.236	-112.9670
7855.834330	76.192	-112.9351
7912.760944	76.150	-112.7662
7970.100072	76.117	-112.5056
8027.854702	76.091	-112.2046
8086.027847	76.071	-111.8975
8144.622538	76.051	-111.5903
8203.641830	76.028	-111.2607
8263.088801	76.001	-110.8704
8322.966548	75.977	-110.3866
8383.278195	75.960	-109.8033
8444.026884	75.957	-109.1493
8505.215784	75.973	-108.4806
8566.848084	76.006	-107.8600
8628.926996	76.050	-107.3314
8691.455758	76.097	-106.9050
8754.437630	76.142	-106.5607
8817.875894	76.181	-106.2632
8881.773857	76.214	-105.9816
8946.134852	76.245	-105.7019
9010.962233	76.275	-105.4299
9076.259380	76.304	-105.1819
9142.029697	76.332	-104.9703
9208.276612	76.355	-104.7952
9275.003581	76.371	-104.6423
9342.214080	76.383	-104.4958
9409.911614	76.391	-104.3502
9478.099713	76.396	-104.2175
9546.781930	76.397	-104.1234
9615.961848	76.391	-104.0895
9685.643071	76.373	-104.1151
9755.829233	76.334	-104.1683
9826.523994	76.274	-104.1902
9897.731037	76.195	-104.1140
9969.454076	76.103	-103.8909
10041.696850	76.007	-103.5063
10114.463125	75.917	-102.9834
10187.756694	75.837	-102.3673
10261.581379	75.768	-101.7029
10335.941028	75.710	-101.0197
10410.839517	75.660	-100.3308
10486.280752	75.617	-99.6431
10562.268665	75.580	-98.9648
10638.807218	75.548	-98.3096
10715.900400	75.519	-97.6897
10793.552232	75.492	-97.1099
10871.766761	75.463	-96.5664
10950.548064	75.430	-96.0505
11029.900250	75.394	-95.5533
11109.827454	75.353	-95.0690
11190.333843	75.306	-94.5908
11271.423615	75.253	-94.1096
11353.100997	75.194	-93.6117
11435.370247	75.131	-93.0820
11518.235653	75.065	-92.5127
11601.701537	75.000	-91.9083
11685.772249	74.936	-91.2853
11770.452172	74.875	-90.6631
11855.745720	74.813	-90.0549
11941.657341	74.751	-89.4624
12028.191513	74.684	-88.8793
12115.352747	74.614	-88.2974
12203.145587	74.539	-87.7128
12291.574610	74.460	-87.1245
12380.644427	74.375	-86.5282
12470.359680	74.284	-85.9104
12560.725047	74.187	-85.2512
12651.745238	74.087	-84.5326
12743.425000	73.988	-83.7476
12835.769110	73.894	-82.9058
12928.782385	73.808	-82.0288
13022.469671	73.731	-81.1470
13116.835855	73.664	-80.2944
13211.885854	73.602	-79.5027
13307.624625	73.542	-78.7932
13404.057159	73.478	-78.1691
13501.188483	73.403	-77.6105
13599.023660	73.314	-77.0802
13697.567791	73.212	-76.5382
13796.826014	73.097	-75.9531
13896.803503	72.975	-75.3079
13997.505470	72.847	-74.5979
14098.937164	72.717	-73.8269
14201.103875	72.587	-73.0029
14304.010928	72.459	-72.1351
14407.663687	72.333	-71.2324
14512.067557	72.209	-70.2998
14617.227981	72.090	-69.3383
14723.150441	71.975	-68.3455
14829.840458	71.866	-67.3202
14937.303595	71.766	-66.2689
15045.545455	71.678	-65.2096
15154.571679	71.603	-64.1699
15264.387953	71.541	-63.1841
15375.000000	71.490	-62.2849
15486.413588	71.445	-61.4941
15598.634525	71.400	-60.8164
15711.668661	71.352	-60.2396
15825.521888	71.298	-59.7423
15940.200144	71.236	-59.3013
16055.709405	71.167	-58.8989
16172.055694	71.094	-58.5273
16289.245076	71.018	-58.1895
16407.283660	70.939	-57.8959
16526.177601	70.857	-57.6578
16645.933097	70.771	-57.4818
16766.556390	70.677	-57.3655
16888.053769	70.576	-57.2969
17010.431568	70.466	-57.2577
17133.696167	70.347	-57.2297
17257.853993	70.223	-57.1997
17382.911517	70.097	-57.1583
17508.875259	69.971	-57.1069
17635.751787	69.848	-57.0759
17763.547714	69.728	-57.0839
17892.269704	69.613	-57.1049
18021.924466	69.504	-57.1691
18152.518759	69.403	-57.3126
18284.059393	69.309	-57.5510
18416.553225	69.221	-57.8981
18550.007161	69.136	-58.3673
18684.428160	69.056	-58.9725
18819.823228	68.977	-59.7267
18956.199425	68.898	-60.6417
19093.563861	68.817	-61.7241
19231.923695	68.733	-62.9744
19371.286142	68.643	-64.3899
19511.658467	68.549	-65.9701
19653.047987	68.449	-67.7198
19795.462074	68.346	-69.6532
19938.908153	68.238	-71.7996
20083.393701	68.118	-74.0568
20228.926250	67.987	-76.4037
20375.513389	67.845	-78.9999
20523.162758	67.691	-81.8604
20671.882055	67.519	-84.9944
20821.679034	67.324	-88.4054
20972.561504	67.099	-92.0887
21124.537330	66.833	-96.0308
21277.614435	66.517	-100.2072
21431.800801	66.134	-104.5829
21587.104464	65.666	-109.1117
21743.533521	65.087	-113.7380
21901.096129	64.364	-118.3992
22059.800499	63.455	-123.0304
22219.654907	62.306	-127.5701
22380.667686	60.849	-131.9636
22542.847230	59.002	-136.1677
22706.201994	56.658	-140.1514
22870.740494	53.691	-143.8965
23036.471307	49.943	-147.3954
23203.403074	45.237	-150.6510
23371.544498	39.400	-153.6732
23540.904344	32.351	-156.4779
23711.491441	24.218	-159.0846
23883.314682	15.727	-161.5149
