* Measurement data measured by REW V5.40 beta 133
* Source: 
* Format: 
* Dated: Sep 10, 2026, 1:14:03 PM
* REW Settings:
*  C-weighting compensation: Off
*  Target level: 75.0 dB
* Note: ; Copy of L+R 120.green
* Measurement: SUM.C
* Smoothing: 1/48 octave
* Frequency Step: 96 ppo
* Start Frequency: 15.014648 Hz
*
* Freq(Hz)	SPL(dB)	Phase(degrees)
15.014648	68.573	-153.5508
15.123451	68.796	-154.5490
15.233042	69.067	-155.5119
15.343426	69.341	-156.5100
15.454611	69.607	-157.5788
15.566602	69.868	-158.6763
15.679404	70.117	-159.8482
15.793023	70.351	-161.1405
15.907466	70.573	-162.5366
16.022738	70.784	-164.0325
16.138845	70.982	-165.6344
16.255794	71.170	-167.3597
16.373590	71.351	-169.1831
16.492240	71.526	-171.0631
16.611750	71.696	-173.0162
16.732125	71.863	-175.0307
16.853373	72.028	-177.0514
16.975500	72.192	-179.0803
17.098511	72.355	178.8766
17.222414	72.517	176.8519
17.347215	72.678	174.8468
17.472920	72.838	172.8503
17.599536	72.996	170.8668
17.727069	73.152	168.8917
17.855527	73.307	166.9211
17.984915	73.459	164.9520
18.115241	73.610	162.9738
18.246512	73.757	160.9960
18.378734	73.899	159.0229
18.511914	74.036	157.0377
18.646058	74.165	155.0658
18.781175	74.285	153.1102
18.917272	74.396	151.1545
19.054354	74.495	149.2354
19.192430	74.581	147.3371
19.331506	74.654	145.4609
19.471590	74.714	143.6365
19.612689	74.760	141.8378
19.754811	74.797	140.0839
19.897962	74.825	138.3867
20.042151	74.846	136.7310
20.187385	74.866	135.1337
20.333671	74.884	133.5962
20.481017	74.906	132.1059
20.629431	74.934	130.6661
20.778920	74.970	129.2741
20.929493	75.017	127.8937
21.081157	75.075	126.5407
21.233919	75.144	125.1764
21.387789	75.223	123.7831
21.542774	75.312	122.3634
21.698882	75.407	120.8774
21.856121	75.508	119.3368
22.014499	75.612	117.7296
22.174025	75.716	116.0480
22.334708	75.820	114.3086
22.496554	75.919	112.5038
22.659573	76.014	110.6462
22.823774	76.104	108.7503
22.989164	76.187	106.8096
23.155753	76.263	104.8495
23.323549	76.331	102.8570
23.492562	76.391	100.8544
23.662798	76.444	98.8303
23.834269	76.489	96.7995
24.006982	76.525	94.7534
24.180946	76.551	92.7008
24.356171	76.568	90.6348
24.532666	76.574	88.5613
24.710440	76.570	86.4763
24.889502	76.554	84.3836
25.069862	76.526	82.2852
25.251528	76.487	80.1829
25.434511	76.438	78.0848
25.618820	76.378	75.9917
25.804465	76.309	73.9150
25.991454	76.233	71.8537
26.179799	76.150	69.8159
26.369509	76.061	67.7982
26.560593	75.968	65.7994
26.753062	75.868	63.8140
26.946926	75.764	61.8327
27.142194	75.651	59.8519
27.338878	75.527	57.8583
27.536987	75.390	55.8620
27.736531	75.236	53.8506
27.937521	75.060	51.8597
28.139968	74.859	49.8857
28.343882	74.628	47.9898
28.549273	74.367	46.1878
28.756153	74.074	44.5492
28.964532	73.751	43.1184
29.174421	73.403	41.9612
29.385831	73.038	41.1308
29.598773	72.664	40.6875
29.813258	72.299	40.6516
30.029297	71.956	41.0456
30.246902	71.654	41.8463
30.466083	71.409	42.9724
30.686853	71.233	44.3695
30.909222	71.134	45.8623
31.133203	71.112	47.3650
31.358807	71.162	48.7348
31.586046	71.272	49.8751
31.814932	71.432	50.7337
32.045476	71.628	51.2541
32.277691	71.847	51.4347
32.511588	72.080	51.2739
32.747180	72.316	50.7841
32.984480	72.549	49.9863
33.223499	72.775	48.8959
33.464250	72.987	47.5388
33.706746	73.181	45.9331
33.950999	73.355	44.0946
34.197022	73.504	42.0536
34.444828	73.624	39.8248
34.694429	73.712	37.4250
34.945839	73.765	34.8929
35.199071	73.779	32.2492
35.454138	73.752	29.5251
35.711054	73.681	26.7755
35.969831	73.565	24.0227
36.230483	73.404	21.2939
36.493024	73.197	18.6484
36.757467	72.946	16.1277
37.023827	72.650	13.7707
37.292117	72.313	11.6307
37.562351	71.938	9.7620
37.834543	71.531	8.2058
38.108708	71.096	7.0106
38.384859	70.641	6.2186
38.663012	70.175	5.8551
38.943180	69.706	5.9459
39.225378	69.246	6.5094
39.509622	68.806	7.5447
39.795925	68.401	9.0236
40.084302	68.045	10.9100
40.374770	67.751	13.1398
40.667342	67.532	15.6182
40.962034	67.396	18.2190
41.258862	67.348	20.7960
41.557841	67.383	23.2019
41.858986	67.494	25.3011
42.162313	67.667	26.9834
42.467839	67.886	28.1725
42.775578	68.133	28.8294
43.085548	68.390	28.9557
43.397763	68.644	28.5852
43.712242	68.879	27.7728
44.028998	69.086	26.5880
44.348051	69.255	25.1090
44.669415	69.381	23.4199
44.993108	69.458	21.6122
45.319147	69.487	19.7756
45.647548	69.468	17.9991
45.978329	69.405	16.3706
46.311507	69.305	14.9740
46.647099	69.181	13.8824
46.985123	69.046	13.1483
47.325597	68.917	12.7903
47.668537	68.812	12.7802
48.013963	68.749	13.0342
48.361892	68.741	13.4174
48.712342	68.794	13.7593
49.065332	68.904	13.8846
49.420880	69.061	13.6451
49.779004	69.247	12.9399
50.139723	69.445	11.7220
50.503056	69.639	9.9936
50.869022	69.814	7.7920
51.237640	69.960	5.1756
51.608929	70.066	2.2104
51.982909	70.126	-1.0406
52.359598	70.136	-4.5244
52.739018	70.091	-8.2016
53.121186	69.990	-12.0489
53.506124	69.830	-16.0568
53.893852	69.612	-20.2301
54.284389	69.337	-24.5852
54.677756	69.008	-29.1495
55.073973	68.628	-33.9645
55.473062	68.200	-39.0887
55.875043	67.729	-44.6042
56.279936	67.223	-50.6233
56.687764	66.686	-57.2967
57.098547	66.131	-64.8191
57.512306	65.576	-73.4257
57.929064	65.056	-83.3727
58.348842	64.622	-94.8796
58.771662	64.353	-108.0106
59.197546	64.331	-122.5247
59.626515	64.614	-137.8033
60.058594	65.198	-153.0128
60.493803	66.018	-167.4429
60.932166	66.976	179.2720
61.373706	67.982	167.1794
61.818445	68.967	156.1476
62.266407	69.891	145.9941
62.717615	70.729	136.5413
63.172093	71.471	127.6535
63.629864	72.109	119.2446
64.090952	72.644	111.2621
64.555381	73.077	103.6663
65.023176	73.409	96.4384
65.494361	73.643	89.5871
65.968960	73.782	83.1297
66.446998	73.830	77.0755
66.928501	73.789	71.4583
67.413492	73.666	66.3215
67.901998	73.464	61.7054
68.394044	73.190	57.6667
68.889655	72.854	54.2745
69.388858	72.463	51.6067
69.891679	72.032	49.7573
70.398142	71.580	48.8325
70.908276	71.135	48.9443
71.422107	70.736	50.1704
71.939661	70.437	52.5079
72.460965	70.297	55.7895
72.986047	70.367	59.6208
73.514934	70.666	63.4506
74.047654	71.175	66.6888
74.584234	71.837	68.9286
75.124702	72.587	69.9765
75.669086	73.363	69.8506
76.217416	74.121	68.6757
76.769719	74.831	66.6249
77.326024	75.474	63.8790
77.886360	76.039	60.5992
78.450757	76.523	56.9353
79.019243	76.925	53.0060
79.591849	77.246	48.9236
80.168605	77.489	44.7714
80.749539	77.661	40.6283
81.334684	77.767	36.5535
81.924068	77.812	32.5946
82.517724	77.804	28.7914
83.115681	77.749	25.1674
83.717972	77.653	21.7398
84.324627	77.523	18.5137
84.935678	77.363	15.4857
85.551157	77.177	12.6482
86.171096	76.967	9.9926
86.795527	76.734	7.5168
87.424483	76.475	5.2294
88.057997	76.191	3.1555
88.696102	75.881	1.3353
89.338830	75.546	-0.1778
89.986216	75.193	-1.3240
90.638293	74.827	-2.0486
91.295096	74.462	-2.3110
91.956658	74.111	-2.0965
92.623013	73.790	-1.4223
93.294198	73.514	-0.3414
93.970246	73.294	1.0673
94.651193	73.138	2.7117
95.337075	73.049	4.5024
96.027927	73.027	6.3634
96.723785	73.073	8.2334
97.424685	73.184	10.0577
98.130664	73.361	11.7776
98.841760	73.601	13.3245
99.558008	73.900	14.6212
100.279446	74.248	15.5919
101.006112	74.635	16.1761
101.738044	75.047	16.3398
102.475280	75.469	16.0812
103.217858	75.889	15.4265
103.965817	76.300	14.4208
104.719197	76.696	13.1160
105.478035	77.073	11.5588
106.242372	77.433	9.7831
107.012248	77.776	7.8055
107.787703	78.103	5.6258
108.568777	78.413	3.2332
109.355511	78.702	0.6154
110.147947	78.966	-2.2344
110.946124	79.199	-5.3110
111.750085	79.394	-8.5937
112.559873	79.545	-12.0471
113.375528	79.647	-15.6230
114.197094	79.697	-19.2639
115.024613	79.695	-22.9064
115.858129	79.640	-26.4873
116.697684	79.536	-29.9462
117.543324	79.388	-33.2305
118.395091	79.203	-36.2991
119.253031	78.990	-39.1251
120.117188	78.757	-41.6971
120.987606	78.512	-44.0200
121.864332	78.261	-46.1130
122.747411	78.011	-48.0058
123.636890	77.764	-49.7322
124.532814	77.521	-51.3245
125.435230	77.280	-52.8056
126.344185	77.039	-54.1839
127.259727	76.796	-55.4503
128.181904	76.548	-56.5798
129.110763	76.298	-57.5363
130.046352	76.050	-58.2833
130.988722	75.812	-58.7943
131.937920	75.595	-59.0659
132.893997	75.410	-59.1264
133.857001	75.267	-59.0406
134.826984	75.174	-58.9035
135.803996	75.129	-58.8251
136.788088	75.128	-58.9112
137.779311	75.159	-59.2420
138.777717	75.208	-59.8608
139.783357	75.261	-60.7698
140.796285	75.304	-61.9344
141.816553	75.328	-63.2933
142.844214	75.328	-64.7719
143.879322	75.306	-66.2943
144.921931	75.264	-67.7967
145.972095	75.211	-69.2381
147.029869	75.154	-70.6068
148.095308	75.103	-71.9229
149.168468	75.065	-73.2332
150.249404	75.043	-74.6015
151.338173	75.035	-76.0941
152.434832	75.036	-77.7682
153.539437	75.038	-79.6642
154.652047	75.032	-81.8034
155.772720	75.010	-84.1877
156.901513	74.961	-86.8026
158.038486	74.878	-89.6198
159.183698	74.755	-92.6018
160.337209	74.587	-95.7068
161.499079	74.371	-98.8921
162.669367	74.107	-102.1201
163.848137	73.793	-105.3608
165.035448	73.430	-108.5948
166.231363	73.016	-111.8137
167.435944	72.549	-115.0189
168.649254	72.025	-118.2192
169.871356	71.437	-121.4310
171.102314	70.775	-124.6754
172.342191	70.022	-127.9790
173.591054	69.156	-131.3735
174.848966	68.143	-134.8989
176.115994	66.928	-138.6006
177.392203	65.428	-142.5314
178.677660	63.498	-146.7595
179.972432	60.876	-151.3989
181.276587	57.043	-156.8066
182.590191	51.860	-166.9663
183.913315	53.683	19.4999
185.246027	59.058	11.5219
186.588396	62.801	5.3421
187.940492	65.496	-0.6440
189.302387	67.556	-6.6135
190.674150	69.190	-12.5837
192.055853	70.517	-18.5373
193.447569	71.610	-24.4509
194.849370	72.518	-30.3074
196.261329	73.275	-36.0974
197.683519	73.906	-41.8196
199.116016	74.430	-47.4765
200.558892	74.859	-53.0702
202.012225	75.201	-58.5981
203.476089	75.465	-64.0500
204.950560	75.656	-69.4075
206.435716	75.780	-74.6475
207.931635	75.842	-79.7464
209.438393	75.849	-84.6845
210.956070	75.808	-89.4492
212.484745	75.724	-94.0379
214.024497	75.605	-98.4583
215.575406	75.455	-102.7274
217.137555	75.277	-106.8691
218.711023	75.072	-110.9096
220.295893	74.840	-114.8742
221.892248	74.578	-118.7812
223.500171	74.282	-122.6375
225.119745	73.945	-126.4331
226.751056	73.562	-130.1375
228.394187	73.128	-133.7002
230.049226	72.640	-137.0513
231.716257	72.097	-140.1057
233.395369	71.504	-142.7709
235.086648	70.868	-144.9583
236.790182	70.203	-146.5923
238.506062	69.524	-147.6228
240.234375	68.849	-148.0330
241.975212	68.198	-147.8416
243.728664	67.588	-147.1002
245.494823	67.035	-145.8875
247.273780	66.551	-144.3057
249.065627	66.141	-142.4773
250.870459	65.807	-140.5383
252.688370	65.540	-138.6128
254.519454	65.322	-136.7759
256.363807	65.136	-135.0172
258.221525	64.967	-133.2283
260.092705	64.819	-131.2290
261.977444	64.713	-128.8411
263.875840	64.693	-126.0017
265.787993	64.808	-122.8776
267.714003	65.088	-119.8817
269.653969	65.523	-117.5325
271.607992	66.064	-116.2341
273.576176	66.647	-116.1458
275.558622	67.211	-117.2018
277.555433	67.713	-119.2072
279.566714	68.127	-121.9248
281.592570	68.441	-125.1230
283.633106	68.652	-128.5955
285.688428	68.765	-132.1643
287.758644	68.787	-135.6792
289.843862	68.733	-139.0151
291.944190	68.617	-142.0771
294.059738	68.460	-144.8088
296.190616	68.282	-147.1992
298.336935	68.103	-149.2914
300.498808	67.938	-151.1790
302.676346	67.794	-152.9935
304.869664	67.671	-154.8811
307.078875	67.559	-156.9777
309.304095	67.439	-159.3885
311.545440	67.287	-162.1764
313.803027	67.074	-165.3557
316.076973	66.769	-168.8916
318.367397	66.337	-172.6957
320.674418	65.737	-176.6160
322.998157	64.923	179.5891
325.338735	63.839	176.3152
327.696273	62.411	174.2725
330.070896	60.567	174.9016
332.462726	58.337	-178.5530
334.871888	56.373	-159.7761
337.298507	56.493	-130.1752
339.742711	58.745	-110.4810
342.204627	61.302	-103.5930
344.684383	63.484	-103.1074
347.182108	65.252	-105.6218
349.697933	66.679	-109.6576
352.231988	67.832	-114.5187
354.784406	68.762	-119.8389
357.355320	69.504	-125.4032
359.944864	70.085	-131.0679
362.553173	70.524	-136.7235
365.180383	70.835	-142.2772
367.826630	71.033	-147.6448
370.492054	71.130	-152.7471
373.176792	71.135	-157.5072
375.880985	71.062	-161.8474
378.604773	70.922	-165.6838
381.348300	70.731	-168.9246
384.111707	70.510	-171.4731
386.895138	70.290	-173.2502
389.698740	70.110	-174.2363
392.522658	70.016	-174.5322
395.367039	70.046	-174.4041
398.232031	70.220	-174.2579
401.117785	70.523	-174.5299
404.024450	70.916	-175.5518
406.952177	71.345	-177.4758
409.901120	71.761	179.7126
412.871433	72.121	176.1400
415.863270	72.398	171.9879
418.876786	72.574	167.4561
421.912140	72.638	162.7439
424.969489	72.588	158.0448
428.048993	72.426	153.5481
431.150813	72.157	149.4446
434.275109	71.795	145.9254
437.422046	71.361	143.1797
440.591786	70.885	141.3799
443.784496	70.409	140.6470
447.000341	69.987	140.9963
450.239490	69.676	142.2789
453.502111	69.520	144.1587
456.788374	69.538	146.1763
460.098451	69.713	147.8914
463.432514	70.003	149.0162
466.790737	70.361	149.4598
470.173295	70.749	149.2833
473.580365	71.141	148.6199
477.012124	71.532	147.6038
480.468750	71.920	146.3237
483.950425	72.312	144.8079
487.457329	72.712	143.0304
490.989646	73.116	140.9375
494.547559	73.518	138.4769
498.131254	73.906	135.6235
501.740919	74.265	132.3888
505.376740	74.586	128.8193
509.038909	74.858	124.9855
512.727614	75.078	120.9686
516.443050	75.246	116.8469
520.185409	75.364	112.6855
523.954887	75.437	108.5273
527.751680	75.471	104.3910
531.575987	75.470	100.2738
535.428005	75.432	96.1595
539.307937	75.357	92.0308
543.215985	75.237	87.8853
547.152352	75.064	83.7494
551.117243	74.827	79.6908
555.110866	74.520	75.8235
559.133428	74.142	72.3071
563.185140	73.700	69.3335
567.266211	73.217	67.0990
571.376856	72.732	65.7523
575.517288	72.297	65.3196
579.687724	71.967	65.6271
583.888380	71.785	66.2856
588.119476	71.756	66.7882
592.381232	71.851	66.6838
596.673871	72.016	65.7095
600.997615	72.193	63.8098
605.352692	72.332	61.0796
609.739327	72.397	57.6934
614.157750	72.365	53.8557
618.608190	72.222	49.7751
623.090880	71.962	45.6514
627.606053	71.585	41.6711
632.153945	71.095	38.0079
636.734793	70.501	34.8247
641.348836	69.813	32.2778
645.996314	69.047	30.5227
650.677470	68.222	29.7164
655.392547	67.366	30.0114
660.141792	66.516	31.5413
664.925451	65.723	34.3859
669.743775	65.048	38.5184
674.597014	64.559	43.7378
679.485423	64.315	49.6299
684.409254	64.344	55.6000
689.368766	64.632	61.0081
694.364216	65.124	65.3340
699.395865	65.745	68.2793
704.463976	66.419	69.7695
709.568812	67.081	69.8977
714.710640	67.681	68.8591
719.889728	68.184	66.9006
725.106346	68.569	64.2891
730.360766	68.828	61.2878
735.653261	68.958	58.1445
740.984108	68.967	55.0797
746.353584	68.869	52.2804
751.761970	68.679	49.8965
757.209547	68.417	48.0430
762.696599	68.103	46.8093
768.223413	67.759	46.2751
773.790277	67.412	46.5173
779.397480	67.097	47.5914
785.045315	66.857	49.4812
790.734077	66.745	52.0217
796.464062	66.796	54.8540
802.235569	67.021	57.4792
808.048899	67.390	59.4114
813.904354	67.847	60.3334
819.802241	68.326	60.1562
825.742866	68.768	58.9808
831.726539	69.131	57.0261
837.753572	69.390	54.5692
843.824280	69.533	51.9044
849.938979	69.563	49.3195
856.097987	69.498	47.0718
862.301626	69.365	45.3627
868.550219	69.200	44.3062
874.844092	69.044	43.9008
881.183573	68.935	44.0200
887.568992	68.896	44.4410
894.000683	68.933	44.9100
900.478980	69.035	45.2122
907.004222	69.182	45.2191
913.576749	69.351	44.8933
920.196903	69.526	44.2607
926.865029	69.694	43.3745
933.581475	69.851	42.2837
940.346591	69.994	41.0173
947.160730	70.121	39.5867
954.024247	70.226	37.9952
960.937500	70.305	36.2537
967.900849	70.353	34.3878
974.914658	70.364	32.4387
981.979291	70.333	30.4576
989.095118	70.261	28.4983
996.262509	70.145	26.6128
1003.481838	69.985	24.8528
1010.753481	69.784	23.2765
1018.077817	69.543	21.9551
1025.455229	69.266	20.9763
1032.886100	68.966	20.4370
1040.370819	68.658	20.4220
1047.909774	68.368	20.9729
1055.503361	68.124	22.0510
1063.151973	67.952	23.5164
1070.856010	67.865	25.1494
1078.615875	67.858	26.7172
1086.431970	67.912	28.0535
1094.304704	67.999	29.1085
1102.234487	68.098	29.9457
1110.221732	68.197	30.7025
1118.266856	68.302	31.5330
1126.370279	68.429	32.5444
1134.532422	68.607	33.7433
1142.753712	68.861	35.0055
1151.034577	69.203	36.0964
1159.375448	69.627	36.7424
1167.776760	70.106	36.7194
1176.238952	70.605	35.9149
1184.762464	71.087	34.3385
1193.347741	71.520	32.0912
1201.995231	71.885	29.3247
1210.705384	72.169	26.2072
1219.478654	72.371	22.8995
1228.315499	72.494	19.5409
1237.216380	72.547	16.2385
1246.181760	72.541	13.0671
1255.212106	72.488	10.0670
1264.307891	72.399	7.2495
1273.469587	72.281	4.6044
1282.697672	72.142	2.1080
1291.992628	71.985	-0.2677
1301.354940	71.811	-2.5513
1310.785094	71.620	-4.7678
1320.283583	71.408	-6.9335
1329.850902	71.174	-9.0500
1339.487550	70.911	-11.1047
1349.194029	70.617	-13.0717
1358.970845	70.289	-14.9165
1368.818508	69.927	-16.6027
1378.737531	69.529	-18.0924
1388.728432	69.096	-19.3470
1398.791730	68.626	-20.3226
1408.927952	68.119	-20.9633
1419.137625	67.573	-21.1945
1429.421281	66.990	-20.9104
1439.779457	66.374	-19.9606
1450.212692	65.742	-18.1456
1460.721531	65.128	-15.2443
1471.306521	64.594	-11.1079
1481.968215	64.222	-5.8247
1492.707168	64.085	0.1443
1503.523939	64.207	6.0491
1514.419093	64.548	11.1858
1525.393198	65.029	15.1998
1536.446826	65.572	18.1055
1547.580553	66.125	20.1221
1558.794960	66.667	21.5022
1570.090631	67.196	22.4363
1581.468155	67.717	23.0226
1592.928125	68.238	23.2828
1604.471139	68.760	23.1986
1616.097798	69.282	22.7429
1627.808709	69.798	21.9008
1639.604482	70.303	20.6710
1651.485732	70.790	19.0608
1663.453078	71.252	17.0818
1675.507145	71.685	14.7484
1687.648560	72.082	12.0790
1699.877958	72.436	9.0995
1712.195974	72.742	5.8427
1724.603252	72.995	2.3489
1737.100438	73.190	-1.3358
1749.688184	73.324	-5.1609
1762.367146	73.394	-9.0714
1775.137984	73.400	-13.0085
1788.001366	73.343	-16.9131
1800.957961	73.225	-20.7283
1814.008445	73.049	-24.4062
1827.153498	72.822	-27.9137
1840.393805	72.547	-31.2322
1853.730057	72.228	-34.3562
1867.162949	71.864	-37.2828
1880.693182	71.452	-40.0000
1894.321460	70.990	-42.4720
1908.048494	70.471	-44.6317
1921.875000	69.893	-46.3752
1935.801698	69.258	-47.5615
1949.829316	68.575	-48.0171
1963.958583	67.864	-47.5525
1978.190236	67.163	-45.9984
1992.525018	66.523	-43.2684
2006.963676	66.010	-39.4445
2021.506962	65.684	-34.8401
2036.155634	65.579	-29.9678
2050.910458	65.690	-25.3923
2065.772200	65.975	-21.5516
2080.741637	66.373	-18.6676
2095.819549	66.830	-16.7693
2111.006721	67.302	-15.7639
2126.303946	67.758	-15.5039
2141.712021	68.182	-15.8330
2157.231749	68.568	-16.6123
2172.863940	68.912	-17.7324
2188.609407	69.217	-19.1178
2204.468973	69.486	-20.7238
2220.443464	69.718	-22.5260
2236.533713	69.914	-24.5099
2252.740558	70.070	-26.6594
2269.064845	70.183	-28.9487
2285.507424	70.248	-31.3378
2302.069153	70.261	-33.7716
2318.750895	70.220	-36.1816
2335.553520	70.127	-38.4894
2352.477904	69.984	-40.6121
2369.524928	69.799	-42.4702
2386.695483	69.582	-43.9977
2403.990462	69.349	-45.1521
2421.410768	69.114	-45.9237
2438.957308	68.891	-46.3383
2456.630998	68.696	-46.4513
2474.432759	68.536	-46.3391
2492.363519	68.417	-46.0898
2510.424213	68.340	-45.7950
2528.615781	68.301	-45.5410
2546.939174	68.294	-45.3987
2565.395345	68.306	-45.4105
2583.985257	68.327	-45.5828
2602.709879	68.346	-45.8883
2621.570188	68.358	-46.2753
2640.567166	68.359	-46.6840
2659.701804	68.352	-47.0596
2678.975100	68.341	-47.3635
2698.388058	68.334	-47.5787
2717.941690	68.336	-47.7103
2737.637016	68.354	-47.7812
2757.475062	68.390	-47.8241
2777.456863	68.445	-47.8721
2797.583461	68.519	-47.9528
2817.855904	68.611	-48.0880
2838.275249	68.720	-48.2949
2858.842562	68.845	-48.5879
2879.558913	68.986	-48.9829
2900.425384	69.143	-49.5002
2921.443062	69.313	-50.1660
2942.613043	69.494	-51.0125
2963.936430	69.684	-52.0753
2985.414335	69.875	-53.3888
3007.047878	70.061	-54.9806
3028.838187	70.229	-56.8638
3050.786397	70.369	-59.0312
3072.893653	70.468	-61.4525
3095.161107	70.516	-64.0737
3117.589920	70.503	-66.8190
3140.181262	70.421	-69.5900
3162.936310	70.266	-72.2668
3185.856250	70.038	-74.7081
3208.942278	69.742	-76.7549
3232.195596	69.395	-78.2426
3255.617418	69.021	-79.0229
3279.208964	68.657	-79.0060
3302.971464	68.348	-78.2134
3326.906156	68.136	-76.8186
3351.014290	68.050	-75.1351
3375.297121	68.095	-73.5359
3399.755915	68.248	-72.3417
3424.391948	68.473	-71.7446
3449.206504	68.731	-71.8010
3474.200876	68.991	-72.4714
3499.376367	69.225	-73.6670
3524.734291	69.418	-75.2804
3550.275969	69.559	-77.2014
3576.002732	69.638	-79.3215
3601.915922	69.654	-81.5325
3628.016889	69.603	-83.7230
3654.306995	69.488	-85.7770
3680.787610	69.312	-87.5719
3707.460115	69.085	-88.9807
3734.325899	68.823	-89.8796
3761.386364	68.552	-90.1669
3788.642920	68.303	-89.7965
3816.096988	68.112	-88.8179
3843.750000	68.013	-87.4037
3871.603397	68.025	-85.8315
3899.658631	68.147	-84.4131
3927.917165	68.358	-83.4054
3956.380472	68.624	-82.9523
3985.050036	68.913	-83.0829
4013.927351	69.196	-83.7418
4043.013923	69.454	-84.8279
4072.311269	69.676	-86.2280
4101.820915	69.857	-87.8368
4131.544400	69.997	-89.5668
4161.483274	70.098	-91.3500
4191.639097	70.164	-93.1360
4222.013442	70.198	-94.8867
4252.607892	70.203	-96.5717
4283.424042	70.185	-98.1641
4314.463498	70.146	-99.6409
4345.727879	70.092	-100.9828
4377.218815	70.028	-102.1781
4408.937947	69.962	-103.2289
4440.886929	69.897	-104.1536
4473.067426	69.840	-104.9854
4505.481116	69.790	-105.7653
4538.129690	69.747	-106.5316
4571.014848	69.707	-107.3087
4604.138306	69.665	-108.1023
4637.501790	69.616	-108.9001
4671.107040	69.558	-109.6765
4704.955807	69.490	-110.4010
4739.049856	69.414	-111.0433
4773.390965	69.331	-111.5782
4807.980924	69.245	-111.9884
4842.821536	69.162	-112.2617
4877.914617	69.087	-112.3934
4913.261997	69.027	-112.3921
4948.865519	68.989	-112.2875
4984.727038	68.979	-112.1355
5020.848425	68.998	-112.0164
5057.231563	69.042	-112.0175
5093.878347	69.102	-112.2119
5130.790689	69.163	-112.6376
5167.970514	69.209	-113.2850
5205.419759	69.227	-114.0992
5243.140376	69.207	-114.9889
5281.134332	69.144	-115.8386
5319.403609	69.041	-116.5242
5357.950200	68.908	-116.9308
5396.776116	68.760	-116.9753
5435.883380	68.619	-116.6278
5475.274032	68.506	-115.9261
5514.950125	68.440	-114.9739
5554.913727	68.429	-113.9160
5595.166922	68.470	-112.9012
5635.711808	68.553	-112.0427
5676.550498	68.665	-111.3986
5717.685123	68.790	-110.9701
5759.117827	68.916	-110.7170
5800.850769	69.041	-110.5790
5842.886124	69.164	-110.5024
5885.226086	69.289	-110.4614
5927.872860	69.424	-110.4711
5970.828671	69.571	-110.5824
6014.095756	69.727	-110.8663
6057.676373	69.883	-111.3831
6101.572794	70.026	-112.1567
6145.787305	70.141	-113.1628
6190.322213	70.215	-114.3302
6235.179840	70.243	-115.5543
6280.362523	70.224	-116.7201
6325.872619	70.165	-117.7235
6371.712500	70.077	-118.4934
6417.884555	69.974	-119.0055
6464.391192	69.869	-119.2827
6511.234836	69.772	-119.3831
6558.417927	69.683	-119.3744
6605.942927	69.601	-119.3068
6653.812313	69.518	-119.1914
6702.028580	69.429	-118.9957
6750.594241	69.335	-118.6565
6799.511830	69.242	-118.1063
6848.783896	69.162	-117.3094
6898.413007	69.112	-116.2889
6948.401751	69.104	-115.1335
6998.752735	69.143	-113.9730
7049.468582	69.225	-112.9346
7100.551937	69.337	-112.1027
7152.005464	69.465	-111.5043
7203.831844	69.595	-111.1194
7256.033779	69.722	-110.9055
7308.613991	69.840	-110.8225
7361.575220	69.949	-110.8448
7414.920229	70.047	-110.9625
7468.651798	70.133	-111.1737
7522.772727	70.202	-111.4725
7577.285840	70.251	-111.8372
7632.193976	70.276	-112.2258
7687.500000	70.275	-112.5814
7743.206794	70.253	-112.8436
7799.317262	70.215	-112.9670
7855.834330	70.171	-112.9351
7912.760944	70.130	-112.7662
7970.100072	70.096	-112.5056
8027.854702	70.071	-112.2046
8086.027847	70.051	-111.8975
8144.622538	70.030	-111.5903
8203.641830	70.007	-111.2607
8263.088801	69.981	-110.8704
8322.966548	69.956	-110.3866
8383.278195	69.939	-109.8033
8444.026884	69.937	-109.1493
8505.215784	69.953	-108.4806
8566.848084	69.985	-107.8600
8628.926996	70.029	-107.3314
8691.455758	70.077	-106.9050
8754.437630	70.121	-106.5607
8817.875894	70.160	-106.2632
8881.773857	70.194	-105.9816
8946.134852	70.224	-105.7019
9010.962233	70.254	-105.4299
9076.259380	70.283	-105.1819
9142.029697	70.311	-104.9703
9208.276612	70.334	-104.7952
9275.003581	70.351	-104.6423
9342.214080	70.362	-104.4958
9409.911614	70.370	-104.3502
9478.099713	70.375	-104.2175
9546.781930	70.377	-104.1234
9615.961848	70.371	-104.0895
9685.643071	70.352	-104.1151
9755.829233	70.314	-104.1683
9826.523994	70.254	-104.1902
9897.731037	70.174	-104.1140
9969.454076	70.082	-103.8909
10041.696850	69.987	-103.5063
10114.463125	69.896	-102.9834
10187.756694	69.816	-102.3673
10261.581379	69.748	-101.7029
10335.941028	69.690	-101.0197
10410.839517	69.639	-100.3308
10486.280752	69.596	-99.6431
10562.268665	69.559	-98.9648
10638.807218	69.527	-98.3096
10715.900400	69.499	-97.6897
10793.552232	69.471	-97.1099
10871.766761	69.442	-96.5664
10950.548064	69.410	-96.0505
11029.900250	69.373	-95.5533
11109.827454	69.332	-95.0690
11190.333843	69.285	-94.5908
11271.423615	69.232	-94.1096
11353.100997	69.174	-93.6117
11435.370247	69.110	-93.0820
11518.235653	69.044	-92.5127
11601.701537	68.979	-91.9083
11685.772249	68.916	-91.2853
11770.452172	68.854	-90.6631
11855.745720	68.793	-90.0549
11941.657341	68.730	-89.4624
12028.191513	68.664	-88.8793
12115.352747	68.594	-88.2974
12203.145587	68.519	-87.7128
12291.574610	68.439	-87.1245
12380.644427	68.355	-86.5282
12470.359680	68.263	-85.9104
12560.725047	68.167	-85.2512
12651.745238	68.067	-84.5326
12743.425000	67.968	-83.7476
12835.769110	67.873	-82.9058
12928.782385	67.787	-82.0288
13022.469671	67.711	-81.1470
13116.835855	67.643	-80.2944
13211.885854	67.582	-79.5027
13307.624625	67.522	-78.7932
13404.057159	67.457	-78.1691
13501.188483	67.382	-77.6105
13599.023660	67.293	-77.0802
13697.567791	67.191	-76.5382
13796.826014	67.077	-75.9531
13896.803503	66.954	-75.3079
13997.505470	66.826	-74.5979
14098.937164	66.696	-73.8269
14201.103875	66.566	-73.0029
14304.010928	66.438	-72.1351
14407.663687	66.312	-71.2324
14512.067557	66.189	-70.2998
14617.227981	66.069	-69.3383
14723.150441	65.954	-68.3455
14829.840458	65.845	-67.3202
14937.303595	65.745	-66.2689
15045.545455	65.657	-65.2096
15154.571679	65.583	-64.1699
15264.387953	65.521	-63.1841
15375.000000	65.470	-62.2849
15486.413588	65.424	-61.4941
15598.634525	65.380	-60.8164
15711.668661	65.331	-60.2396
15825.521888	65.277	-59.7423
15940.200144	65.215	-59.3013
16055.709405	65.146	-58.8989
16172.055694	65.074	-58.5273
16289.245076	64.997	-58.1895
16407.283660	64.918	-57.8959
16526.177601	64.836	-57.6578
16645.933097	64.750	-57.4818
16766.556390	64.657	-57.3655
16888.053769	64.555	-57.2969
17010.431568	64.445	-57.2577
17133.696167	64.327	-57.2297
17257.853993	64.203	-57.1997
17382.911517	64.076	-57.1583
17508.875259	63.951	-57.1069
17635.751787	63.828	-57.0759
17763.547714	63.708	-57.0839
17892.269704	63.592	-57.1049
18021.924466	63.483	-57.1691
18152.518759	63.383	-57.3126
18284.059393	63.289	-57.5510
18416.553225	63.200	-57.8981
18550.007161	63.116	-58.3673
18684.428160	63.035	-58.9725
18819.823228	62.956	-59.7267
18956.199425	62.878	-60.6417
19093.563861	62.797	-61.7241
19231.923695	62.712	-62.9744
19371.286142	62.623	-64.3899
19511.658467	62.528	-65.9701
19653.047987	62.429	-67.7198
19795.462074	62.325	-69.6532
19938.908153	62.218	-71.7996
20083.393701	62.098	-74.0568
20228.926250	61.966	-76.4037
20375.513389	61.825	-78.9999
20523.162758	61.670	-81.8604
20671.882055	61.499	-84.9944
20821.679034	61.303	-88.4054
20972.561504	61.078	-92.0887
21124.537330	60.813	-96.0308
21277.614435	60.496	-100.2072
21431.800801	60.114	-104.5829
21587.104464	59.646	-109.1117
21743.533521	59.067	-113.7380
21901.096129	58.344	-118.3992
22059.800499	57.434	-123.0304
22219.654907	56.285	-127.5701
22380.667686	54.829	-131.9636
22542.847230	52.981	-136.1677
22706.201994	50.638	-140.1514
22870.740494	47.670	-143.8965
23036.471307	43.923	-147.3954
23203.403074	39.217	-150.6510
23371.544498	33.380	-153.6732
23540.904344	26.330	-156.4779
23711.491441	18.197	-159.0846
23883.314682	9.706	-161.5149
