* Measurement data measured by REW V5.40 beta 133
* Source: EQ window target shape
* Format: 
* Dated: Sep 10, 2026, 1:39:29 PM
* REW Settings:
*  C-weighting compensation: Off
*  Target level: 75.0 dB
* Note: ; 
* Measurement: Target LR.RMS
* Smoothing: 1/48 octave
* Frequency Step: 96 ppo
* Start Frequency: 2.5 Hz
*
* Freq(Hz)	SPL(dB)
2.500000	28.211
2.518116	28.414
2.536363	28.658
2.554743	28.908
2.573256	29.159
2.591902	29.410
2.610684	29.661
2.629603	29.912
2.648658	30.162
2.667851	30.413
2.687183	30.664
2.706656	30.915
2.726269	31.166
2.746025	31.417
2.765924	31.667
2.785967	31.918
2.806155	32.169
2.826490	32.420
2.846972	32.671
2.867602	32.922
2.888382	33.173
2.909312	33.423
2.930394	33.674
2.951629	33.925
2.973018	34.176
2.994561	34.427
3.016261	34.678
3.038118	34.928
3.060134	35.179
3.082309	35.430
3.104645	35.681
3.127142	35.932
3.149803	36.183
3.172627	36.433
3.195618	36.684
3.218774	36.935
3.242099	37.186
3.265592	37.437
3.289256	37.688
3.313092	37.938
3.337100	38.189
3.361282	38.440
3.385639	38.691
3.410173	38.942
3.434884	39.193
3.459775	39.443
3.484846	39.694
3.510098	39.945
3.535534	40.196
3.561154	40.447
3.586959	40.697
3.612952	40.948
3.639133	41.199
3.665504	41.450
3.692065	41.700
3.718820	41.951
3.745768	42.202
3.772911	42.453
3.800251	42.703
3.827789	42.954
3.855527	43.205
3.883466	43.456
3.911607	43.706
3.939952	43.957
3.968503	44.208
3.997260	44.459
4.026226	44.709
4.055402	44.960
4.084789	45.211
4.114389	45.461
4.144203	45.712
4.174234	45.963
4.204482	46.213
4.234949	46.464
4.265638	46.714
4.296548	46.965
4.327683	47.215
4.359043	47.466
4.390630	47.717
4.422447	47.967
4.454494	48.218
4.486773	48.468
4.519286	48.718
4.552034	48.969
4.585020	49.219
4.618245	49.470
4.651711	49.720
4.685419	49.970
4.719372	50.220
4.753570	50.471
4.788016	50.721
4.822712	50.971
4.857660	51.221
4.892860	51.471
4.928316	51.721
4.964029	51.971
5.000000	52.221
5.036232	52.471
5.072727	52.721
5.109486	52.970
5.146511	53.220
5.183805	53.470
5.221369	53.719
5.259205	53.969
5.297315	54.218
5.335702	54.467
5.374367	54.716
5.413312	54.965
5.452539	55.214
5.492050	55.463
5.531848	55.712
5.571934	55.961
5.612310	56.209
5.652979	56.457
5.693943	56.706
5.735204	56.954
5.776763	57.201
5.818624	57.449
5.860788	57.697
5.903258	57.944
5.946036	58.191
5.989123	58.438
6.032523	58.685
6.076237	58.931
6.120268	59.177
6.164618	59.423
6.209289	59.669
6.254284	59.914
6.299605	60.159
6.345255	60.403
6.391235	60.648
6.437549	60.891
6.484198	61.135
6.531185	61.378
6.578513	61.620
6.626183	61.863
6.674199	62.104
6.722563	62.345
6.771278	62.586
6.820345	62.826
6.869768	63.065
6.919549	63.304
6.969691	63.542
7.020197	63.779
7.071068	64.015
7.122308	64.251
7.173919	64.486
7.225904	64.720
7.278266	64.953
7.331007	65.185
7.384131	65.416
7.437639	65.645
7.491535	65.874
7.545822	66.102
7.600502	66.328
7.655579	66.553
7.711054	66.777
7.766932	66.999
7.823214	67.220
7.879904	67.439
7.937005	67.656
7.994520	67.872
8.052452	68.086
8.110803	68.298
8.169577	68.508
8.228777	68.717
8.288407	68.923
8.348468	69.127
8.408964	69.329
8.469899	69.528
8.531275	69.725
8.593096	69.920
8.655366	70.112
8.718086	70.301
8.781261	70.488
8.844893	70.671
8.908987	70.852
8.973545	71.030
9.038571	71.205
9.104069	71.377
9.170040	71.546
9.236490	71.712
9.303422	71.874
9.370838	72.033
9.438743	72.188
9.507140	72.340
9.576033	72.489
9.645425	72.634
9.715319	72.776
9.785721	72.914
9.856632	73.048
9.928057	73.179
10.000000	73.306
10.072464	73.429
10.145453	73.549
10.218971	73.665
10.293022	73.778
10.367610	73.887
10.442738	73.992
10.518410	74.095
10.594631	74.193
10.671404	74.288
10.748733	74.380
10.826623	74.469
10.905077	74.554
10.984100	74.636
11.063695	74.715
11.143867	74.791
11.224620	74.863
11.305959	74.933
11.387886	75.000
11.470408	75.064
11.553527	75.126
11.637249	75.184
11.721577	75.240
11.806516	75.294
11.892071	75.345
11.978246	75.394
12.065045	75.441
12.152474	75.485
12.240535	75.528
12.329235	75.568
12.418578	75.607
12.508568	75.644
12.599210	75.679
12.690510	75.712
12.782470	75.743
12.875097	75.773
12.968396	75.801
13.062370	75.829
13.157025	75.854
13.252366	75.879
13.348399	75.902
13.445127	75.924
13.542555	75.945
13.640690	75.965
13.739536	75.984
13.839099	76.001
13.939383	76.018
14.040393	76.034
14.142136	76.049
14.244615	76.063
14.347838	76.077
14.451808	76.090
14.556532	76.102
14.662014	76.113
14.768261	76.124
14.875278	76.134
14.983071	76.144
15.091644	76.153
15.201005	76.161
15.311157	76.170
15.422108	76.177
15.533863	76.185
15.646428	76.191
15.759808	76.198
15.874011	76.204
15.989040	76.209
16.104903	76.215
16.221606	76.220
16.339155	76.225
16.457555	76.229
16.576813	76.234
16.696935	76.238
16.817928	76.242
16.939798	76.245
17.062551	76.249
17.186193	76.252
17.310731	76.255
17.436172	76.257
17.562522	76.260
17.689787	76.262
17.817974	76.265
17.947091	76.267
18.077143	76.269
18.208137	76.271
18.340081	76.272
18.472981	76.274
18.606843	76.276
18.741676	76.277
18.877486	76.278
19.014280	76.279
19.152066	76.280
19.290849	76.281
19.430639	76.282
19.571441	76.283
19.713264	76.284
19.856114	76.285
20.000000	76.285
20.144928	76.286
20.290907	76.287
20.437943	76.287
20.586045	76.288
20.735220	76.288
20.885476	76.288
21.036820	76.288
21.189262	76.288
21.342808	76.289
21.497467	76.289
21.653246	76.289
21.810155	76.289
21.968200	76.289
22.127391	76.289
22.287735	76.289
22.449241	76.288
22.611917	76.288
22.775773	76.288
22.940815	76.288
23.107054	76.288
23.274497	76.288
23.443154	76.287
23.613033	76.287
23.784142	76.287
23.956492	76.286
24.130091	76.286
24.304947	76.285
24.481071	76.285
24.658471	76.284
24.837156	76.284
25.017137	76.283
25.198421	76.282
25.381019	76.282
25.564940	76.281
25.750195	76.281
25.936791	76.280
26.124740	76.279
26.314050	76.278
26.504733	76.277
26.696797	76.276
26.890253	76.275
27.085111	76.274
27.281381	76.273
27.479073	76.273
27.678198	76.272
27.878765	76.271
28.080786	76.270
28.284271	76.269
28.489231	76.268
28.695675	76.266
28.903616	76.265
29.113064	76.264
29.324029	76.263
29.536523	76.262
29.750557	76.260
29.966142	76.259
30.183289	76.258
30.402009	76.257
30.622315	76.255
30.844217	76.254
31.067726	76.252
31.292856	76.251
31.519617	76.249
31.748021	76.247
31.978080	76.246
32.209807	76.244
32.443212	76.243
32.678309	76.241
32.915110	76.239
33.153626	76.237
33.393871	76.235
33.635857	76.233
33.879596	76.231
34.125101	76.229
34.372386	76.227
34.621462	76.225
34.872344	76.223
35.125043	76.220
35.379574	76.218
35.635949	76.216
35.894182	76.213
36.154286	76.211
36.416274	76.208
36.680162	76.206
36.945961	76.203
37.213687	76.200
37.483353	76.197
37.754973	76.194
38.028561	76.192
38.304131	76.189
38.581699	76.185
38.861278	76.182
39.142882	76.179
39.426528	76.176
39.712229	76.173
40.000000	76.169
40.289856	76.166
40.581813	76.162
40.875886	76.159
41.172089	76.155
41.470439	76.151
41.770951	76.147
42.073641	76.143
42.378524	76.139
42.685616	76.134
42.994934	76.130
43.306493	76.126
43.620309	76.121
43.936400	76.117
44.254781	76.112
44.575470	76.107
44.898482	76.102
45.223835	76.097
45.551545	76.092
45.881631	76.087
46.214108	76.081
46.548994	76.076
46.886308	76.070
47.226065	76.064
47.568285	76.058
47.912984	76.052
48.260181	76.046
48.609894	76.040
48.962142	76.034
49.316942	76.027
49.674312	76.020
50.034273	76.013
50.396842	76.006
50.762038	75.999
51.129881	75.992
51.500389	75.984
51.873582	75.977
52.249480	75.969
52.628101	75.961
53.009466	75.953
53.393594	75.945
53.780506	75.936
54.170222	75.928
54.562762	75.919
54.958146	75.910
55.356395	75.900
55.757531	75.891
56.161573	75.882
56.568542	75.872
56.978461	75.861
57.391351	75.851
57.807232	75.841
58.226127	75.830
58.648058	75.819
59.073046	75.808
59.501113	75.797
59.932283	75.785
60.366577	75.774
60.804018	75.762
61.244629	75.750
61.688433	75.737
62.135453	75.724
62.585712	75.711
63.039234	75.698
63.496042	75.684
63.956161	75.671
64.419613	75.657
64.886424	75.643
65.356618	75.628
65.830219	75.613
66.307252	75.598
66.787742	75.583
67.271713	75.567
67.759192	75.551
68.250203	75.535
68.744772	75.519
69.242925	75.502
69.744688	75.485
70.250086	75.467
70.759147	75.450
71.271897	75.432
71.788363	75.413
72.308571	75.395
72.832549	75.376
73.360323	75.357
73.891923	75.337
74.427374	75.318
74.966705	75.298
75.509945	75.277
76.057121	75.256
76.608262	75.235
77.163398	75.214
77.722555	75.192
78.285765	75.170
78.853056	75.147
79.424458	75.125
80.000000	75.101
80.579713	75.078
81.163627	75.054
81.751772	75.030
82.344179	75.006
82.940879	74.981
83.541903	74.956
84.147282	74.931
84.757048	74.905
85.371232	74.879
85.989867	74.853
86.612985	74.826
87.240619	74.799
87.872800	74.772
88.509563	74.744
89.150939	74.717
89.796964	74.688
90.447670	74.660
91.103091	74.631
91.763261	74.602
92.428216	74.572
93.097989	74.542
93.772615	74.512
94.452130	74.482
95.136569	74.451
95.825968	74.420
96.520362	74.389
97.219789	74.358
97.924283	74.326
98.633883	74.295
99.348625	74.263
100.068546	74.230
100.793684	74.198
101.524077	74.165
102.259762	74.132
103.000778	74.098
103.747164	74.065
104.498959	74.031
105.256202	73.998
106.018931	73.964
106.787188	73.930
107.561012	73.895
108.340444	73.861
109.125523	73.826
109.916292	73.791
110.712791	73.756
111.515061	73.721
112.323145	73.686
113.137085	73.651
113.956923	73.616
114.782702	73.581
115.614465	73.545
116.452255	73.510
117.296116	73.475
118.146092	73.439
119.002227	73.403
119.864566	73.368
120.733154	73.332
121.608036	73.296
122.489258	73.261
123.376866	73.225
124.270906	73.190
125.171424	73.155
126.078468	73.119
126.992084	73.084
127.912321	73.049
128.839227	73.014
129.772849	72.979
130.713236	72.944
131.660438	72.909
132.614504	72.874
133.575483	72.840
134.543426	72.806
135.518384	72.772
136.500406	72.737
137.489544	72.703
138.485850	72.670
139.489375	72.637
140.500173	72.603
141.518295	72.570
142.543795	72.537
143.576726	72.505
144.617142	72.472
145.665098	72.440
146.720647	72.408
147.783845	72.377
148.854748	72.345
149.933411	72.314
151.019890	72.283
152.114242	72.252
153.216525	72.222
154.326795	72.191
155.445111	72.162
156.571530	72.132
157.706112	72.103
158.848915	72.073
160.000000	72.045
161.159426	72.017
162.327254	71.989
163.503544	71.961
164.688358	71.934
165.881758	71.907
167.083805	71.880
168.294563	71.853
169.514095	71.827
170.742464	71.801
171.979734	71.776
173.225970	71.750
174.481237	71.726
175.745600	71.701
177.019125	71.677
178.301879	71.653
179.593928	71.630
180.895339	71.607
182.206182	71.584
183.526523	71.561
184.856431	71.539
186.195977	71.517
187.545230	71.496
188.904260	71.474
190.273138	71.454
191.651936	71.433
193.040725	71.412
194.439578	71.392
195.848567	71.373
197.267766	71.354
198.697250	71.335
200.137092	71.316
201.587368	71.298
203.048153	71.280
204.519524	71.262
206.001557	71.244
207.494329	71.228
208.997918	71.211
210.512403	71.194
212.037863	71.178
213.574377	71.162
215.122025	71.146
216.680888	71.131
218.251047	71.116
219.832584	71.101
221.425581	71.086
223.030122	71.071
224.646290	71.057
226.274170	71.044
227.913846	71.030
229.565404	71.017
231.228929	71.004
232.904509	70.991
234.592231	70.979
236.292183	70.966
238.004454	70.954
239.729132	70.943
241.466308	70.931
243.216073	70.920
244.978517	70.908
246.753732	70.898
248.541811	70.887
250.342848	70.876
252.156935	70.866
253.984168	70.856
255.824642	70.846
257.678453	70.836
259.545697	70.827
261.426473	70.817
263.320877	70.808
265.229008	70.799
267.150967	70.790
269.086853	70.782
271.036767	70.773
273.000811	70.765
274.979088	70.757
276.971700	70.749
278.978751	70.742
281.000346	70.734
283.036590	70.726
285.087590	70.719
287.153452	70.712
289.234284	70.705
291.330195	70.699
293.441294	70.692
295.567690	70.686
297.709496	70.680
299.866821	70.674
302.039780	70.668
304.228485	70.662
306.433050	70.656
308.653590	70.650
310.890221	70.644
313.143060	70.639
315.412224	70.633
317.697831	70.628
320.000000	70.623
322.318852	70.618
324.654507	70.613
327.007088	70.608
329.376716	70.604
331.763515	70.599
334.167610	70.595
336.589127	70.590
339.028190	70.586
341.484928	70.582
343.959469	70.578
346.451941	70.574
348.962474	70.571
351.491200	70.567
354.038251	70.563
356.603758	70.559
359.187855	70.556
361.790679	70.552
364.412363	70.549
367.053045	70.546
369.712863	70.542
372.391955	70.539
375.090460	70.536
377.808521	70.533
380.546277	70.530
383.303872	70.527
386.081450	70.525
388.879155	70.522
391.697134	70.519
394.535533	70.516
397.394500	70.514
400.274184	70.511
403.174736	70.509
406.096306	70.507
409.039048	70.504
412.003113	70.502
414.988657	70.500
417.995836	70.497
421.024807	70.495
424.075726	70.493
427.148753	70.491
430.244049	70.489
433.361775	70.487
436.502093	70.485
439.665167	70.483
442.851162	70.482
446.060244	70.480
449.292581	70.478
452.548340	70.476
455.827692	70.475
459.130807	70.473
462.457858	70.471
465.809019	70.470
469.184463	70.468
472.584367	70.467
476.008908	70.466
479.458265	70.464
482.932617	70.463
486.432146	70.462
489.957033	70.460
493.507464	70.459
497.083623	70.458
500.685695	70.457
504.313870	70.455
507.968337	70.454
511.649285	70.453
515.356906	70.452
519.091395	70.451
522.852945	70.450
526.641753	70.449
530.458016	70.448
534.301934	70.447
538.173706	70.446
542.073534	70.445
546.001623	70.444
549.958175	70.443
553.943399	70.442
557.957501	70.441
562.000691	70.441
566.073180	70.440
570.175180	70.439
574.306904	70.438
578.468569	70.438
582.660390	70.437
586.882588	70.436
591.135381	70.435
595.418991	70.435
599.733643	70.434
604.079560	70.433
608.456970	70.433
612.866100	70.432
617.307180	70.432
621.780442	70.431
626.286120	70.430
630.824447	70.430
635.395661	70.429
640.000000	70.428
644.637704	70.428
649.309014	70.427
654.014175	70.427
658.753431	70.426
663.527030	70.426
668.335221	70.425
673.178253	70.425
678.056380	70.425
682.969856	70.425
687.918938	70.424
692.903882	70.424
697.924949	70.423
702.982401	70.423
708.076501	70.422
713.207515	70.422
718.375711	70.421
723.581357	70.421
728.824726	70.420
734.106091	70.420
739.425726	70.420
744.783910	70.420
750.180921	70.419
755.617041	70.419
761.092554	70.419
766.607744	70.419
772.162900	70.418
777.758310	70.418
783.394268	70.418
789.071066	70.418
794.789000	70.417
800.548368	70.417
806.349472	70.417
812.192613	70.417
818.078095	70.416
824.006226	70.416
829.977315	70.416
835.991673	70.416
842.049613	70.415
848.151452	70.415
854.297507	70.415
860.488099	70.415
866.723550	70.414
873.004186	70.414
879.330334	70.414
885.702324	70.414
892.120489	70.413
898.585161	70.413
905.096680	70.413
911.655384	70.413
918.261614	70.413
924.915716	70.413
931.618037	70.413
938.368925	70.413
945.168733	70.412
952.017816	70.412
958.916529	70.412
965.865234	70.412
972.864291	70.412
979.914067	70.412
987.014928	70.411
994.167245	70.410
1001.371391	70.407
1008.627741	70.399
1015.936673	70.388
1023.298569	70.378
1030.713812	70.367
1038.182790	70.357
1045.705890	70.346
1053.283506	70.336
1060.916032	70.325
1068.603867	70.315
1076.347412	70.304
1084.147069	70.294
1092.003245	70.283
1099.916351	70.273
1107.886798	70.262
1115.915003	70.252
1124.001383	70.241
1132.146360	70.230
1140.350359	70.220
1148.613808	70.209
1156.937137	70.199
1165.320781	70.189
1173.765175	70.178
1182.270762	70.168
1190.837983	70.158
1199.467286	70.147
1208.159120	70.137
1216.913939	70.126
1225.732199	70.116
1234.614360	70.105
1243.560885	70.095
1252.572239	70.084
1261.648894	70.073
1270.791322	70.063
1280.000000	70.052
1289.275408	70.042
1298.618029	70.031
1308.028350	70.021
1317.506863	70.011
1327.054061	70.001
1336.670442	69.990
1346.356507	69.980
1356.112761	69.969
1365.939713	69.959
1375.837875	69.948
1385.807763	69.938
1395.849898	69.927
1405.964802	69.916
1416.153002	69.906
1426.415031	69.895
1436.751422	69.885
1447.162715	69.874
1457.649452	69.864
1468.212181	69.854
1478.851452	69.843
1489.567819	69.833
1500.361842	69.823
1511.234082	69.812
1522.185107	69.802
1533.215488	69.791
1544.325799	69.781
1555.516621	69.770
1566.788535	69.760
1578.142131	69.750
1589.577999	69.739
1601.096737	69.729
1612.698944	69.718
1624.385225	69.708
1636.156190	69.697
1648.012452	69.687
1659.954630	69.676
1671.983345	69.666
1684.099226	69.655
1696.302903	69.645
1708.595013	69.635
1720.976197	69.624
1733.447100	69.614
1746.008372	69.604
1758.660669	69.593
1771.404649	69.582
1784.240977	69.572
1797.170323	69.561
1810.193360	69.551
1823.310767	69.540
1836.523229	69.530
1849.831433	69.520
1863.236074	69.509
1876.737851	69.499
1890.337467	69.489
1904.035631	69.478
1917.833058	69.468
1931.730467	69.457
1945.728583	69.447
1959.828134	69.436
1974.029857	69.426
1988.334491	69.416
2002.742782	69.405
2017.255482	69.395
2031.873347	69.384
2046.597138	69.374
2061.427625	69.363
2076.365579	69.353
2091.411780	69.342
2106.567012	69.332
2121.832065	69.321
2137.207735	69.311
2152.694823	69.301
2168.294137	69.290
2184.006490	69.280
2199.832702	69.269
2215.773596	69.259
2231.830005	69.248
2248.002765	69.238
2264.292720	69.228
2280.700718	69.217
2297.227616	69.207
2313.874274	69.197
2330.641561	69.186
2347.530351	69.176
2364.541523	69.165
2381.675966	69.155
2398.934572	69.144
2416.318240	69.134
2433.827878	69.124
2451.464399	69.113
2469.228720	69.103
2487.121769	69.092
2505.144479	69.082
2523.297789	69.071
2541.582644	69.061
2560.000000	69.051
2578.550815	69.041
2597.236057	69.030
2616.056701	69.020
2635.013726	69.009
2654.108121	68.999
2673.340883	68.988
2692.713013	68.978
2712.225522	68.967
2731.879426	68.956
2751.675750	68.946
2771.615527	68.936
2791.699796	68.926
2811.929603	68.915
2832.306004	68.905
2852.830061	68.894
2873.502844	68.884
2894.325430	68.873
2915.298905	68.863
2936.424363	68.853
2957.702904	68.842
2979.135638	68.832
3000.723683	68.821
3022.468164	68.811
3044.370214	68.801
3066.430976	68.790
3088.651599	68.780
3111.033242	68.769
3133.577071	68.759
3156.284262	68.749
3179.155999	68.738
3202.193474	68.728
3225.397888	68.717
3248.770450	68.707
3272.312380	68.696
3296.024905	68.686
3319.909260	68.676
3343.966691	68.665
3368.198452	68.655
3392.605806	68.645
3417.190027	68.634
3441.952394	68.623
3466.894200	68.613
3492.016745	68.602
3517.321337	68.592
3542.809298	68.581
3568.481954	68.571
3594.340646	68.561
3620.386720	68.550
3646.621534	68.540
3673.046457	68.530
3699.662866	68.519
3726.472148	68.509
3753.475701	68.498
3780.674934	68.488
3808.071263	68.477
3835.666117	68.467
3863.460935	68.457
3891.457165	68.446
3919.656268	68.436
3948.059713	68.425
3976.668981	68.415
4005.485564	68.404
4034.510963	68.394
4063.746693	68.384
4093.194277	68.373
4122.855250	68.363
4152.731158	68.353
4182.823560	68.342
4213.134024	68.332
4243.664130	68.321
4274.415470	68.311
4305.389646	68.301
4336.588274	68.290
4368.012981	68.280
4399.665403	68.269
4431.547192	68.259
4463.660010	68.248
4496.005531	68.238
4528.585440	68.228
4561.401437	68.217
4594.455232	68.207
4627.748549	68.197
4661.283122	68.186
4695.060701	68.176
4729.083046	68.165
4763.351932	68.155
4797.869143	68.144
4832.636481	68.134
4867.655757	68.124
4902.928797	68.113
4938.457440	68.103
4974.243539	68.092
5010.288958	68.082
5046.595577	68.071
5083.165289	68.061
5120.000000	68.050
5157.101631	68.040
5194.472115	68.029
5232.113401	68.019
5270.027452	68.009
5308.216243	67.998
5346.681766	67.988
5385.426026	67.977
5424.451043	67.967
5463.758851	67.956
5503.351500	67.946
5543.231054	67.936
5583.399591	67.925
5623.859206	67.915
5664.612008	67.905
5705.660122	67.894
5747.005687	67.884
5788.650860	67.873
5830.597810	67.863
5872.848725	67.852
5915.405808	67.842
5958.271277	67.832
6001.447367	67.821
6044.936328	67.811
6088.740429	67.800
6132.861952	67.790
6177.303198	67.779
6222.066483	67.769
6267.154142	67.759
6312.568524	67.749
6358.311998	67.738
6404.386948	67.728
6450.795775	67.717
6497.540901	67.707
6544.624761	67.696
6592.049809	67.686
6639.818520	67.676
6687.933382	67.665
6736.396904	67.655
6785.211613	67.644
6834.380053	67.634
6883.904789	67.623
6933.788400	67.613
6984.033489	67.603
7034.642675	67.592
7085.618596	67.582
7136.963909	67.572
7188.681291	67.561
7240.773439	67.551
7293.243069	67.540
7346.092914	67.529
7399.325732	67.519
7452.944296	67.508
7506.951403	67.498
7561.349867	67.488
7616.142525	67.477
7671.332234	67.467
7726.921869	67.457
7782.914330	67.446
7839.312536	67.436
7896.119426	67.425
7953.337962	67.415
8010.971128	67.404
8069.021927	67.394
8127.493386	67.384
8186.388553	67.373
8245.710500	67.363
8305.462317	67.352
8365.647121	67.342
8426.268048	67.331
8487.328260	67.321
8548.830939	67.311
8610.779292	67.300
8673.176549	67.290
8736.025961	67.280
8799.330806	67.269
8863.094385	67.259
8927.320020	67.248
8992.011061	67.238
9057.170880	67.228
9122.802874	67.217
9188.910464	67.207
9255.497097	67.196
9322.566244	67.186
9390.121402	67.175
9458.166093	67.165
9526.703863	67.155
9595.738287	67.144
9665.272962	67.134
9735.311514	67.124
9805.857594	67.113
9876.914881	67.103
9948.487077	67.092
10020.577916	67.082
10093.191154	67.071
10166.330578	67.061
10240.000000	67.051
10314.203261	67.040
10388.944230	67.030
10464.226802	67.019
10540.054903	67.009
10616.432486	66.998
10693.363532	66.988
10770.852052	66.977
10848.902086	66.967
10927.517703	66.956
11006.703001	66.946
11086.462108	66.936
11166.799182	66.925
11247.718413	66.915
11329.224017	66.905
11411.320244	66.894
11494.011375	66.883
11577.301719	66.873
11661.195620	66.863
11745.697450	66.852
11830.811616	66.842
11916.542554	66.832
12002.894734	66.821
12089.872657	66.811
12177.480858	66.800
12265.723904	66.790
12354.606395	66.779
12444.132966	66.769
12534.308283	66.759
12625.137048	66.748
12716.623996	66.738
12808.773895	66.727
12901.591551	66.717
12995.081802	66.706
13089.249521	66.696
13184.099619	66.686
13279.637040	66.676
13375.866764	66.665
13472.793808	66.655
13570.423226	66.644
13668.760107	66.634
13767.809577	66.623
13867.576801	66.613
13968.066979	66.603
14069.285350	66.592
14171.237191	66.582
14273.927818	66.571
14377.362583	66.561
14481.546879	66.550
14586.486137	66.540
14692.185828	66.530
14798.651463	66.519
14905.888592	66.509
15013.902806	66.499
15122.699734	66.488
15232.285051	66.478
15342.664467	66.467
15453.843739	66.457
15565.828661	66.446
15678.625072	66.436
15792.238852	66.425
15906.675925	66.415
16021.942256	66.404
16138.043854	66.394
16254.986772	66.384
16372.777107	66.373
16491.420999	66.363
16610.924634	66.352
16731.294241	66.342
16852.536096	66.331
16974.656520	66.321
17097.661878	66.311
17221.558584	66.300
17346.353097	66.290
17472.051922	66.280
17598.661613	66.269
17726.188769	66.258
17854.640040	66.248
17984.022122	66.238
18114.341760	66.227
18245.605748	66.217
18377.820928	66.207
18510.994194	66.196
18645.132489	66.186
18780.242805	66.175
18916.332186	66.165
19053.407727	66.154
19191.476573	66.144
19330.545924	66.134
19470.623028	66.123
19611.715189	66.113
19753.829761	66.103
19896.974155	66.093
20041.155832	66.086
20186.382308	66.085
20332.661156	66.084
20480.000000	66.084
20628.406522	66.084
20777.888460	66.084
20928.453604	66.084
21080.109806	66.084
21232.864972	66.084
21386.727064	66.084
21541.704105	66.084
21697.804172	66.084
21855.035406	66.084
22013.406002	66.084
22172.924216	66.084
22333.598365	66.084
22495.436825	66.084
22658.448034	66.084
22822.640488	66.084
22988.022749	66.084
23154.603438	66.084
23322.391240	66.084
23491.394901	66.084
23661.623232	66.084
23833.085108	66.084
24005.789467	66.084
