* Measurement data measured by REW V5.40 beta 133
* Source: U18dB [plughw:3,0], Mic (Mic), R, Volume: 1.000. Timing signal peak level -25.2 dBFS, measurement signal peak level -14.1 dBFS
* Format: 512k Log Swept Sine, 1 sweep at -12.0 dBFS using an acoustic timing reference
* Dated: Sep 10, 2026, 11:24:19 AM
* REW Settings:
*  C-weighting compensation: Off
*  Target level: 75.0 dB
* Note: ; 10 sept 2026  Position MLP+20cm TO THE LEFT 4.186m from front wall  2 screen panels prolongation - new setup DAC level -29dB MIC HEIGHT: 1.000m mic boom arm height: 1.040 -12dBFS OKTO -28dB DELAY -0.0095 ms (-3.3 mm, -0.13 in) using estimated IR delay relative to Acoustic reference played from DAC8STEREO L with no timing offset Clock adjustment: -17.0 ppm
* Measurement: L 120.green.3
* Smoothing: 1/48 octave
* Frequency Step: 96 ppo
* Start Frequency: 15.014648 Hz
*
* Freq(Hz) SPL(dB) Phase(degrees)
15.014648 68.175 -155.1350
15.123451 68.383 -156.0383
15.233042 68.636 -156.9305
15.343426 68.895 -157.8529
15.454611 69.152 -158.8231
15.566602 69.408 -159.8133
15.679404 69.658 -160.8558
15.793023 69.898 -161.9809
15.907466 70.130 -163.1708
16.022738 70.354 -164.4309
16.138845 70.565 -165.7756
16.255794 70.768 -167.2088
16.373590 70.962 -168.7207
16.492240 71.146 -170.3001
16.611750 71.322 -171.9583
16.732125 71.491 -173.6878
16.853373 71.652 -175.4610
16.975500 71.809 -177.2863
17.098511 71.960 -179.1626
17.222414 72.107 178.9392
17.347215 72.250 177.0127
17.472920 72.390 175.0560
17.599536 72.525 173.0913
17.727069 72.657 171.1079
17.855527 72.786 169.1084
17.984915 72.912 167.1088
18.115241 73.035 165.0938
18.246512 73.155 163.0744
18.378734 73.271 161.0644
18.511914 73.385 159.0461
18.646058 73.495 157.0423
18.781175 73.602 155.0608
18.917272 73.706 153.0887
19.054354 73.806 151.1579
19.192430 73.902 149.2610
19.331506 73.994 147.4003
19.471590 74.080 145.5994
19.612689 74.161 143.8423
19.754811 74.238 142.1397
19.897962 74.310 140.4969
20.042151 74.377 138.9036
20.187385 74.441 137.3617
20.333671 74.502 135.8691
20.481017 74.560 134.4147
20.629431 74.618 132.9923
20.778920 74.676 131.5995
20.929493 74.735 130.2152
21.081157 74.796 128.8431
21.233919 74.858 127.4659
21.387789 74.923 126.0731
21.542774 74.990 124.6643
21.698882 75.057 123.2197
21.856121 75.127 121.7426
22.014499 75.195 120.2224
22.174025 75.264 118.6536
22.334708 75.330 117.0391
22.496554 75.393 115.3687
22.659573 75.452 113.6487
22.823774 75.506 111.8802
22.989164 75.555 110.0594
23.155753 75.597 108.2009
23.323549 75.632 106.2931
23.492562 75.659 104.3595
23.662798 75.677 102.3862
23.834269 75.685 100.3983
24.006982 75.682 98.3855
24.180946 75.668 96.3687
24.356171 75.640 94.3445
24.532666 75.598 92.3275
24.710440 75.541 90.3224
24.889502 75.467 88.3377
25.069862 75.375 86.3856
25.251528 75.264 84.4709
25.434511 75.133 82.6110
25.618820 74.980 80.8110
25.804465 74.806 79.0922
25.991454 74.610 77.4636
26.179799 74.391 75.9492
26.369509 74.151 74.5657
26.560593 73.889 73.3398
26.753062 73.609 72.2979
26.946926 73.312 71.4732
27.142194 73.002 70.8980
27.338878 72.685 70.6140
27.536987 72.369 70.6490
27.736531 72.061 71.0482
27.937521 71.776 71.8136
28.139968 71.526 72.9723
28.343882 71.328 74.4719
28.549273 71.195 76.2791
28.756153 71.140 78.2804
28.964532 71.172 80.3529
29.174421 71.290 82.3780
29.385831 71.489 84.1849
29.598773 71.758 85.7070
29.813258 72.079 86.8252
30.029297 72.439 87.5341
30.246902 72.819 87.8070
30.466083 73.207 87.6702
30.686853 73.594 87.1523
30.909222 73.969 86.2940
31.133203 74.327 85.1390
31.358807 74.664 83.7217
31.586046 74.977 82.0911
31.814932 75.266 80.2672
32.045476 75.528 78.2901
32.277691 75.764 76.1812
32.511588 75.974 73.9528
32.747180 76.159 71.6356
32.984480 76.318 69.2345
33.223499 76.452 66.7588
33.464250 76.561 64.2288
33.706746 76.645 61.6437
33.950999 76.703 59.0117
34.197022 76.737 56.3492
34.444828 76.744 53.6553
34.694429 76.725 50.9373
34.945839 76.678 48.2120
35.199071 76.604 45.4864
35.454138 76.501 42.7797
35.711054 76.370 40.1181
35.969831 76.211 37.5088
36.230483 76.024 34.9651
36.493024 75.810 32.5156
36.757467 75.567 30.1809
37.023827 75.297 27.9818
37.292117 75.001 25.9456
37.562351 74.679 24.1010
37.834543 74.334 22.4736
38.108708 73.968 21.0934
38.384859 73.584 19.9892
38.663012 73.188 19.1866
38.943180 72.783 18.7134
39.225378 72.376 18.5968
39.509622 71.975 18.8571
39.795925 71.588 19.5018
40.084302 71.225 20.5369
40.374770 70.897 21.9547
40.667342 70.614 23.7308
40.962034 70.386 25.8193
41.258862 70.223 28.1583
41.557841 70.129 30.6743
41.858986 70.108 33.2835
42.162313 70.162 35.8982
42.467839 70.286 38.4344
42.775578 70.477 40.8164
43.085548 70.727 42.9807
43.397763 71.029 44.8764
43.712242 71.375 46.4644
44.028998 71.758 47.7152
44.348051 72.171 48.6076
44.669415 72.607 49.1268
44.993108 73.060 49.2625
45.319147 73.523 49.0091
45.647548 73.990 48.3677
45.978329 74.454 47.3446
46.311507 74.911 45.9512
46.647099 75.355 44.2030
46.985123 75.781 42.1188
47.325597 76.184 39.7201
47.668537 76.561 37.0305
48.013963 76.907 34.0748
48.361892 77.220 30.8787
48.712342 77.496 27.4670
49.065332 77.734 23.8634
49.420880 77.931 20.0919
49.779004 78.087 16.1750
50.139723 78.199 12.1329
50.503056 78.269 7.9863
50.869022 78.295 3.7543
51.237640 78.279 -0.5444
51.608929 78.221 -4.8921
51.982909 78.122 -9.2723
52.359598 77.983 -13.6704
52.739018 77.806 -18.0737
53.121186 77.594 -22.4724
53.506124 77.347 -26.8594
53.893852 77.067 -31.2319
54.284389 76.757 -35.5912
54.677756 76.418 -39.9424
55.073973 76.051 -44.2961
55.473062 75.657 -48.6687
55.875043 75.236 -53.0808
56.279936 74.790 -57.5587
56.687764 74.317 -62.1337
57.098547 73.816 -66.8431
57.512306 73.285 -71.7301
57.929064 72.723 -76.8452
58.348842 72.126 -82.2473
58.771662 71.493 -88.0032
59.197546 70.821 -94.1917
59.626515 70.110 -100.9052
60.058594 69.362 -108.2520
60.493803 68.585 -116.3574
60.932166 67.792 -125.3597
61.373706 67.008 -135.3873
61.818445 66.274 -146.5217
62.266407 65.640 -158.7300
62.717615 65.164 -171.7986
63.172093 64.890 174.7000
63.629864 64.828 161.3390
64.090952 64.953 148.6643
64.555381 65.210 137.0378
65.023176 65.536 126.6111
65.494361 65.882 117.3900
65.968960 66.207 109.2990
66.446998 66.490 102.2274
66.928501 66.715 96.0873
67.413492 66.876 90.8163
67.901998 66.972 86.3711
68.394044 67.008 82.7425
68.889655 66.991 79.9482
69.388858 66.934 78.0209
69.891679 66.855 77.0067
70.398142 66.780 76.9443
70.908276 66.744 77.8412
71.422107 66.785 79.6300
71.939661 66.945 82.1406
72.460965 67.254 85.0857
72.986047 67.726 88.0905
73.514934 68.347 90.7923
74.047654 69.090 92.8924
74.584234 69.915 94.2314
75.124702 70.785 94.7499
75.669086 71.666 94.4812
76.217416 72.536 93.4936
76.769719 73.378 91.8784
77.326024 74.181 89.7240
77.886360 74.937 87.1147
78.450757 75.643 84.1243
79.019243 76.297 80.8175
79.591849 76.896 77.2520
80.168605 77.441 73.4768
80.749539 77.932 69.5378
81.334684 78.369 65.4750
81.924068 78.755 61.3231
82.517724 79.089 57.1170
83.115681 79.375 52.8834
83.717972 79.614 48.6497
84.324627 79.807 44.4393
84.935678 79.957 40.2708
85.551157 80.066 36.1637
86.171096 80.135 32.1341
86.795527 80.167 28.1960
87.424483 80.163 24.3643
88.057997 80.125 20.6530
88.696102 80.054 17.0762
89.338830 79.952 13.6487
89.986216 79.822 10.3875
90.638293 79.665 7.3093
91.295096 79.485 4.4310
91.956658 79.284 1.7692
92.623013 79.068 -0.6607
93.294198 78.841 -2.8469
93.970246 78.609 -4.7836
94.651193 78.378 -6.4726
95.337075 78.155 -7.9254
96.027927 77.946 -9.1644
96.723785 77.756 -10.2231
97.424685 77.588 -11.1456
98.130664 77.446 -11.9823
98.841760 77.329 -12.7849
99.558008 77.234 -13.6016
100.279446 77.156 -14.4716
101.006112 77.090 -15.4222
101.738044 77.029 -16.4666
102.475280 76.965 -17.6021
103.217858 76.894 -18.8130
103.965817 76.811 -20.0720
104.719197 76.712 -21.3436
105.478035 76.596 -22.5877
106.242372 76.462 -23.7631
107.012248 76.315 -24.8306
107.787703 76.157 -25.7581
108.568777 75.995 -26.5233
109.355511 75.834 -27.1155
110.147947 75.683 -27.5393
110.946124 75.548 -27.8129
111.750085 75.433 -27.9667
112.559873 75.342 -28.0394
113.375528 75.278 -28.0751
114.197094 75.240 -28.1178
115.024613 75.227 -28.2075
115.858129 75.236 -28.3782
116.697684 75.262 -28.6565
117.543324 75.300 -29.0606
118.395091 75.345 -29.5999
119.253031 75.393 -30.2745
120.117188 75.438 -31.0764
120.987606 75.475 -31.9888
121.864332 75.500 -32.9891
122.747411 75.510 -34.0473
123.636890 75.505 -35.1305
124.532814 75.484 -36.2030
125.435230 75.448 -37.2308
126.344185 75.400 -38.1838
127.259727 75.345 -39.0397
128.181904 75.288 -39.7860
129.110763 75.236 -40.4238
130.046352 75.193 -40.9683
130.988722 75.165 -41.4479
131.937920 75.156 -41.9019
132.893997 75.166 -42.3746
133.857001 75.195 -42.9110
134.826984 75.239 -43.5500
135.803996 75.293 -44.3202
136.788088 75.351 -45.2370
137.779311 75.408 -46.3021
138.777717 75.457 -47.5045
139.783357 75.494 -48.8234
140.796285 75.515 -50.2307
141.816553 75.518 -51.6944
142.844214 75.503 -53.1816
143.879322 75.470 -54.6619
144.921931 75.422 -56.1099
145.972095 75.362 -57.5070
147.029869 75.292 -58.8426
148.095308 75.217 -60.1155
149.168468 75.141 -61.3330
150.249404 75.066 -62.5109
151.338173 74.994 -63.6703
152.434832 74.926 -64.8356
153.539437 74.859 -66.0313
154.652047 74.793 -67.2795
155.772720 74.723 -68.5968
156.901513 74.646 -69.9920
158.038486 74.556 -71.4648
159.183698 74.448 -73.0049
160.337209 74.317 -74.5927
161.499079 74.159 -76.1983
162.669367 73.970 -77.7825
163.848137 73.747 -79.2971
165.035448 73.489 -80.6858
166.231363 73.195 -81.8850
167.435944 72.870 -82.8248
168.649254 72.517 -83.4310
169.871356 72.145 -83.6285
171.102314 71.767 -83.3477
172.342191 71.398 -82.5314
173.591054 71.061 -81.1503
174.848966 70.779 -79.2184
176.115994 70.579 -76.8087
177.392203 70.484 -74.0604
178.677660 70.507 -71.1727
179.972432 70.655 -68.3768
181.276587 70.917 -65.8949
182.590191 71.274 -63.9055
183.913315 71.701 -62.5222
185.246027 72.172 -61.7943
186.588396 72.663 -61.7200
187.940492 73.156 -62.2625
189.302387 73.634 -63.3651
190.674150 74.086 -64.9630
192.055853 74.504 -66.9895
193.447569 74.883 -69.3802
194.849370 75.219 -72.0762
196.261329 75.509 -75.0232
197.683519 75.753 -78.1721
199.116016 75.950 -81.4777
200.558892 76.100 -84.8987
202.012225 76.205 -88.3975
203.476089 76.264 -91.9395
204.950560 76.281 -95.4919
206.435716 76.255 -99.0250
207.931635 76.189 -102.5115
209.438393 76.087 -105.9267
210.956070 75.951 -109.2484
212.484745 75.783 -112.4574
214.024497 75.587 -115.5375
215.575406 75.366 -118.4756
217.137555 75.124 -121.2611
218.711023 74.864 -123.8862
220.295893 74.589 -126.3461
221.892248 74.303 -128.6394
223.500171 74.010 -130.7687
225.119745 73.714 -132.7399
226.751056 73.418 -134.5627
228.394187 73.124 -136.2520
230.049226 72.835 -137.8274
231.716257 72.553 -139.3129
233.395369 72.279 -140.7349
235.086648 72.011 -142.1210
236.790182 71.748 -143.4961
238.506062 71.487 -144.8782
240.234375 71.222 -146.2759
241.975212 70.950 -147.6862
243.728664 70.665 -149.0928
245.494823 70.363 -150.4658
247.273780 70.042 -151.7638
249.065627 69.700 -152.9348
250.870459 69.340 -153.9200
252.688370 68.966 -154.6586
254.519454 68.587 -155.0940
256.363807 68.216 -155.1829
258.221525 67.868 -154.9071
260.092705 67.563 -154.2896
261.977444 67.318 -153.4038
263.875840 67.148 -152.3782
265.787993 67.062 -151.3827
267.714003 67.057 -150.6029
269.653969 67.120 -150.2056
271.607992 67.231 -150.3124
273.576176 67.367 -150.9890
275.558622 67.504 -152.2478
277.555433 67.622 -154.0615
279.566714 67.705 -156.3792
281.592570 67.737 -159.1379
283.633106 67.708 -162.2722
285.688428 67.610 -165.7188
287.758644 67.433 -169.4211
289.843862 67.172 -173.3280
291.944190 66.816 -177.3949
294.059738 66.356 178.4170
296.190616 65.778 174.1433
298.336935 65.065 169.8190
300.498808 64.190 165.4806
302.676346 63.117 161.1742
304.869664 61.789 156.9695
307.078875 60.113 152.9928
309.304095 57.928 149.5250
311.545440 54.932 147.3757
313.803027 50.608 150.2593
316.076973 46.529 -148.8354
318.367397 50.451 -73.9582
320.674418 55.033 -70.2178
322.998157 58.255 -72.3597
325.338735 60.639 -76.0100
327.696273 62.499 -80.2621
330.070896 64.002 -84.8039
332.462726 65.247 -89.4939
334.871888 66.291 -94.2542
337.298507 67.177 -99.0351
339.742711 67.931 -103.8010
342.204627 68.575 -108.5240
344.684383 69.125 -113.1814
347.182108 69.592 -117.7531
349.697933 69.987 -122.2218
352.231988 70.320 -126.5715
354.784406 70.598 -130.7874
357.355320 70.827 -134.8569
359.944864 71.015 -138.7703
362.553173 71.168 -142.5188
365.180383 71.291 -146.0978
367.826630 71.392 -149.5063
370.492054 71.476 -152.7496
373.176792 71.548 -155.8384
375.880985 71.614 -158.7903
378.604773 71.677 -161.6289
381.348300 71.741 -164.3835
384.111707 71.808 -167.0867
386.895138 71.877 -169.7715
389.698740 71.948 -172.4690
392.522658 72.017 -175.2043
395.367039 72.081 -177.9956
398.232031 72.135 179.1495
401.117785 72.175 176.2334
404.024450 72.197 173.2672
406.952177 72.196 170.2701
409.901120 72.170 167.2673
412.871433 72.115 164.2896
415.863270 72.031 161.3727
418.876786 71.916 158.5557
421.912140 71.773 155.8801
424.969489 71.601 153.3884
428.048993 71.404 151.1245
431.150813 71.186 149.1339
434.275109 70.953 147.4614
437.422046 70.713 146.1487
440.591786 70.477 145.2339
443.784496 70.257 144.7427
447.000341 70.070 144.6796
450.239490 69.934 145.0156
453.502111 69.865 145.6797
456.788374 69.879 146.5535
460.098451 69.985 147.4816
463.432514 70.182 148.2920
466.790737 70.461 148.8242
470.173295 70.806 148.9546
473.580365 71.197 148.6064
477.012124 71.614 147.7507
480.468750 72.041 146.3950
483.950425 72.460 144.5723
487.457329 72.861 142.3303
490.989646 73.234 139.7242
494.547559 73.573 136.8112
498.131254 73.874 133.6477
501.740919 74.133 130.2881
505.376740 74.348 126.7844
509.038909 74.519 123.1851
512.727614 74.646 119.5363
516.443050 74.731 115.8810
520.185409 74.774 112.2600
523.954887 74.780 108.7114
527.751680 74.750 105.2700
531.575987 74.690 101.9684
535.428005 74.604 98.8333
539.307937 74.499 95.8850
543.215985 74.381 93.1348
547.152352 74.258 90.5823
551.117243 74.139 88.2119
555.110866 74.028 85.9924
559.133428 73.932 83.8777
563.185140 73.853 81.8103
567.266211 73.791 79.7283
571.376856 73.742 77.5737
575.517288 73.699 75.2992
579.687724 73.656 72.8744
583.888380 73.601 70.2880
588.119476 73.526 67.5476
592.381232 73.422 64.6792
596.673871 73.281 61.7234
600.997615 73.099 58.7314
605.352692 72.870 55.7633
609.739327 72.594 52.8844
614.157750 72.269 50.1636
618.608190 71.900 47.6711
623.090880 71.491 45.4746
627.606053 71.049 43.6354
632.153945 70.584 42.2043
636.734793 70.110 41.2140
641.348836 69.640 40.6731
645.996314 69.189 40.5614
650.677470 68.768 40.8282
655.392547 68.388 41.3969
660.141792 68.053 42.1790
664.925451 67.762 43.0901
669.743775 67.512 44.0668
674.597014 67.296 45.0724
679.485423 67.107 46.1017
684.409254 66.942 47.1703
689.368766 66.800 48.3013
694.364216 66.683 49.5127
699.395865 66.597 50.8043
704.463976 66.545 52.1533
709.568812 66.533 53.5145
714.710640 66.561 54.8291
719.889728 66.626 56.0374
725.106346 66.721 57.0930
730.360766 66.839 57.9702
735.653261 66.972 58.6658
740.984108 67.113 59.1967
746.353584 67.256 59.5924
751.761970 67.400 59.8882
757.209547 67.545 60.1163
762.696599 67.692 60.3011
768.223413 67.845 60.4557
773.790277 68.008 60.5806
779.397480 68.183 60.6633
785.045315 68.373 60.6814
790.734077 68.580 60.6040
796.464062 68.803 60.3958
802.235569 69.039 60.0215
808.048899 69.283 59.4502
813.904354 69.531 58.6589
819.802241 69.775 57.6370
825.742866 70.008 56.3861
831.726539 70.224 54.9221
837.753572 70.417 53.2725
843.824280 70.582 51.4733
849.938979 70.717 49.5658
856.097987 70.820 47.5929
862.301626 70.892 45.5950
868.550219 70.933 43.6083
874.844092 70.948 41.6632
881.183573 70.939 39.7816
887.568992 70.909 37.9772
894.000683 70.863 36.2570
900.478980 70.802 34.6212
907.004222 70.730 33.0653
913.576749 70.646 31.5828
920.196903 70.553 30.1677
926.865029 70.450 28.8188
933.581475 70.335 27.5398
940.346591 70.209 26.3409
947.160730 70.072 25.2380
954.024247 69.924 24.2520
960.937500 69.767 23.4039
967.900849 69.606 22.7137
974.914658 69.445 22.1942
981.979291 69.289 21.8488
989.095118 69.145 21.6688
996.262509 69.018 21.6306
1003.481838 68.913 21.6965
1010.753481 68.834 21.8179
1018.077817 68.779 21.9403
1025.455229 68.747 22.0111
1032.886100 68.732 21.9861
1040.370819 68.726 21.8339
1047.909774 68.721 21.5437
1055.503361 68.707 21.1252
1063.151973 68.675 20.6102
1070.856010 68.620 20.0503
1078.615875 68.535 19.5149
1086.431970 68.419 19.0891
1094.304704 68.276 18.8678
1102.234487 68.115 18.9454
1110.221732 67.948 19.4047
1118.266856 67.796 20.2986
1126.370279 67.683 21.6271
1134.532422 67.636 23.3169
1142.753712 67.674 25.2156
1151.034577 67.807 27.1125
1159.375448 68.031 28.7839
1167.776760 68.329 30.0420
1176.238952 68.675 30.7703
1184.762464 69.045 30.9331
1193.347741 69.412 30.5599
1201.995231 69.759 29.7220
1210.705384 70.073 28.5104
1219.478654 70.348 27.0201
1228.315499 70.582 25.3381
1237.216380 70.775 23.5378
1246.181760 70.930 21.6775
1255.212106 71.052 19.7994
1264.307891 71.146 17.9313
1273.469587 71.214 16.0883
1282.697672 71.261 14.2764
1291.992628 71.290 12.4955
1301.354940 71.303 10.7422
1310.785094 71.300 9.0116
1320.283583 71.283 7.2992
1329.850902 71.251 5.6027
1339.487550 71.204 3.9207
1349.194029 71.140 2.2535
1358.970845 71.057 0.6050
1368.818508 70.955 -1.0176
1378.737531 70.830 -2.6001
1388.728432 70.681 -4.1224
1398.791730 70.507 -5.5573
1408.927952 70.305 -6.8682
1419.137625 70.077 -8.0104
1429.421281 69.822 -8.9319
1439.779457 69.547 -9.5752
1450.212692 69.256 -9.8832
1460.721531 68.961 -9.8031
1471.306521 68.673 -9.2961
1481.968215 68.411 -8.3473
1492.707168 68.192 -6.9771
1503.523939 68.034 -5.2487
1514.419093 67.952 -3.2698
1525.393198 67.955 -1.1816
1536.446826 68.046 0.8593
1547.580553 68.218 2.7048
1558.794960 68.459 4.2352
1570.090631 68.752 5.3696
1581.468155 69.082 6.0675
1592.928125 69.432 6.3212
1604.471139 69.788 6.1470
1616.097798 70.139 5.5756
1627.808709 70.478 4.6448
1639.604482 70.797 3.3948
1651.485732 71.091 1.8636
1663.453078 71.358 0.0872
1675.507145 71.594 -1.9017
1687.648560 71.798 -4.0729
1699.877958 71.967 -6.3972
1712.195974 72.099 -8.8468
1724.603252 72.194 -11.3927
1737.100438 72.250 -14.0045
1749.688184 72.266 -16.6510
1762.367146 72.242 -19.2997
1775.137984 72.178 -21.9169
1788.001366 72.075 -24.4681
1800.957961 71.934 -26.9188
1814.008445 71.758 -29.2352
1827.153498 71.549 -31.3851
1840.393805 71.311 -33.3387
1853.730057 71.049 -35.0701
1867.162949 70.767 -36.5571
1880.693182 70.471 -37.7845
1894.321460 70.166 -38.7419
1908.048494 69.858 -39.4255
1921.875000 69.554 -39.8373
1935.801698 69.259 -39.9836
1949.829316 68.978 -39.8738
1963.958583 68.716 -39.5197
1978.190236 68.480 -38.9364
1992.525018 68.273 -38.1443
2006.963676 68.103 -37.1710
2021.506962 67.976 -36.0554
2036.155634 67.895 -34.8483
2050.910458 67.864 -33.6135
2065.772200 67.883 -32.4215
2080.741637 67.950 -31.3435
2095.819549 68.058 -30.4443
2111.006721 68.202 -29.7756
2126.303946 68.370 -29.3728
2141.712021 68.555 -29.2533
2157.231749 68.745 -29.4183
2172.863940 68.933 -29.8553
2188.609407 69.110 -30.5404
2204.468973 69.270 -31.4419
2220.443464 69.409 -32.5212
2236.533713 69.522 -33.7356
2252.740558 69.607 -35.0396
2269.064845 69.665 -36.3872
2285.507424 69.697 -37.7340
2302.069153 69.703 -39.0389
2318.750895 69.689 -40.2672
2335.553520 69.660 -41.3925
2352.477904 69.621 -42.4003
2369.524928 69.578 -43.2874
2386.695483 69.537 -44.0626
2403.990462 69.502 -44.7449
2421.410768 69.477 -45.3610
2438.957308 69.463 -45.9421
2456.630998 69.461 -46.5192
2474.432759 69.469 -47.1196
2492.363519 69.485 -47.7644
2510.424213 69.507 -48.4674
2528.615781 69.529 -49.2341
2546.939174 69.549 -50.0623
2565.395345 69.564 -50.9425
2583.985257 69.572 -51.8588
2602.709879 69.570 -52.7906
2621.570188 69.558 -53.7146
2640.567166 69.537 -54.6053
2659.701804 69.508 -55.4385
2678.975100 69.475 -56.1929
2698.388058 69.440 -56.8531
2717.941690 69.410 -57.4132
2737.637016 69.390 -57.8777
2757.475062 69.384 -58.2634
2777.456863 69.397 -58.5986
2797.583461 69.431 -58.9203
2817.855904 69.487 -59.2709
2838.275249 69.564 -59.6942
2858.842562 69.660 -60.2289
2879.558913 69.770 -60.9062
2900.425384 69.888 -61.7474
2921.443062 70.007 -62.7629
2942.613043 70.123 -63.9532
2963.936430 70.230 -65.3090
2985.414335 70.322 -66.8125
3007.047878 70.394 -68.4401
3028.838187 70.444 -70.1630
3050.786397 70.469 -71.9481
3072.893653 70.466 -73.7592
3095.161107 70.436 -75.5575
3117.589920 70.380 -77.3042
3140.181262 70.299 -78.9607
3162.936310 70.196 -80.4908
3185.856250 70.076 -81.8632
3208.942278 69.944 -83.0526
3232.195596 69.807 -84.0450
3255.617418 69.673 -84.8375
3279.208964 69.548 -85.4396
3302.971464 69.439 -85.8743
3326.906156 69.352 -86.1766
3351.014290 69.289 -86.3887
3375.297121 69.252 -86.5563
3399.755915 69.241 -86.7249
3424.391948 69.254 -86.9346
3449.206504 69.287 -87.2172
3474.200876 69.336 -87.5958
3499.376367 69.396 -88.0851
3524.734291 69.462 -88.6893
3550.275969 69.530 -89.4052
3576.002732 69.595 -90.2228
3601.915922 69.654 -91.1263
3628.016889 69.704 -92.0955
3654.306995 69.744 -93.1061
3680.787610 69.773 -94.1316
3707.460115 69.791 -95.1453
3734.325899 69.799 -96.1219
3761.386364 69.802 -97.0400
3788.642920 69.801 -97.8838
3816.096988 69.802 -98.6462
3843.750000 69.809 -99.3309
3871.603397 69.827 -99.9529
3899.658631 69.858 -100.5371
3927.917165 69.906 -101.1173
3956.380472 69.970 -101.7308
3985.050036 70.049 -102.4156
4013.927351 70.139 -103.2053
4043.013923 70.236 -104.1232
4072.311269 70.333 -105.1813
4101.820915 70.424 -106.3784
4131.544400 70.503 -107.7007
4161.483274 70.565 -109.1228
4191.639097 70.607 -110.6099
4222.013442 70.625 -112.1196
4252.607892 70.619 -113.6066
4283.424042 70.592 -115.0255
4314.463498 70.547 -116.3361
4345.727879 70.489 -117.5067
4377.218815 70.425 -118.5192
4408.937947 70.363 -119.3712
4440.886929 70.310 -120.0792
4473.067426 70.271 -120.6766
4505.481116 70.251 -121.2094
4538.129690 70.252 -121.7297
4571.014848 70.270 -122.2880
4604.138306 70.301 -122.9243
4637.501790 70.340 -123.6646
4671.107040 70.381 -124.5172
4704.955807 70.415 -125.4758
4739.049856 70.439 -126.5189
4773.390965 70.448 -127.6156
4807.980924 70.440 -128.7308
4842.821536 70.415 -129.8289
4877.914617 70.375 -130.8772
4913.261997 70.321 -131.8502
4948.865519 70.257 -132.7308
4984.727038 70.187 -133.5112
5020.848425 70.113 -134.1913
5057.231563 70.039 -134.7767
5093.878347 69.966 -135.2751
5130.790689 69.894 -135.6923
5167.970514 69.824 -136.0300
5205.419759 69.758 -136.2855
5243.140376 69.696 -136.4534
5281.134332 69.640 -136.5273
5319.403609 69.593 -136.5038
5357.950200 69.559 -136.3856
5396.776116 69.540 -136.1855
5435.883380 69.541 -135.9259
5475.274032 69.565 -135.6389
5514.950125 69.612 -135.3628
5554.913727 69.680 -135.1377
5595.166922 69.768 -135.0006
5635.711808 69.870 -134.9792
5676.550498 69.982 -135.0907
5717.685123 70.098 -135.3401
5759.117827 70.212 -135.7220
5800.850769 70.321 -136.2225
5842.886124 70.421 -136.8229
5885.226086 70.509 -137.5027
5927.872860 70.585 -138.2411
5970.828671 70.648 -139.0192
6014.095756 70.697 -139.8207
6057.676373 70.731 -140.6301
6101.572794 70.752 -141.4331
6145.787305 70.759 -142.2142
6190.322213 70.752 -142.9581
6235.179840 70.733 -143.6481
6280.362523 70.702 -144.2666
6325.872619 70.663 -144.7970
6371.712500 70.617 -145.2252
6417.884555 70.568 -145.5424
6464.391192 70.520 -145.7469
6511.234836 70.478 -145.8468
6558.417927 70.444 -145.8582
6605.942927 70.421 -145.8052
6653.812313 70.410 -145.7144
6702.028580 70.411 -145.6119
6750.594241 70.421 -145.5179
6799.511830 70.439 -145.4440
6848.783896 70.461 -145.3928
6898.413007 70.486 -145.3605
6948.401751 70.513 -145.3397
6998.752735 70.542 -145.3228
7049.468582 70.572 -145.3042
7100.551937 70.605 -145.2834
7152.005464 70.642 -145.2659
7203.831844 70.682 -145.2589
7256.033779 70.725 -145.2705
7308.613991 70.770 -145.3068
7361.575220 70.816 -145.3706
7414.920229 70.860 -145.4615
7468.651798 70.904 -145.5769
7522.772727 70.944 -145.7123
7577.285840 70.982 -145.8627
7632.193976 71.016 -146.0226
7687.500000 71.046 -146.1873
7743.206794 71.071 -146.3511
7799.317262 71.091 -146.5074
7855.834330 71.107 -146.6482
7912.760944 71.119 -146.7646
7970.100072 71.129 -146.8503
8027.854702 71.137 -146.9011
8086.027847 71.144 -146.9153
8144.622538 71.152 -146.8950
8203.641830 71.162 -146.8462
8263.088801 71.175 -146.7749
8322.966548 71.192 -146.6868
8383.278195 71.211 -146.5864
8444.026884 71.233 -146.4773
8505.215784 71.258 -146.3613
8566.848084 71.287 -146.2416
8628.926996 71.321 -146.1234
8691.455758 71.358 -146.0137
8754.437630 71.398 -145.9208
8817.875894 71.443 -145.8525
8881.773857 71.489 -145.8160
8946.134852 71.537 -145.8156
9010.962233 71.584 -145.8538
9076.259380 71.630 -145.9303
9142.029697 71.673 -146.0430
9208.276612 71.711 -146.1884
9275.003581 71.744 -146.3607
9342.214080 71.771 -146.5529
9409.911614 71.792 -146.7568
9478.099713 71.805 -146.9636
9546.781930 71.813 -147.1646
9615.961848 71.813 -147.3524
9685.643071 71.809 -147.5212
9755.829233 71.801 -147.6681
9826.523994 71.788 -147.7910
9897.731037 71.773 -147.8890
9969.454076 71.755 -147.9620
10041.696850 71.736 -148.0103
10114.463125 71.715 -148.0341
10187.756694 71.694 -148.0349
10261.581379 71.673 -148.0159
10335.941028 71.653 -147.9797
10410.839517 71.633 -147.9307
10486.280752 71.615 -147.8727
10562.268665 71.597 -147.8099
10638.807218 71.579 -147.7465
10715.900400 71.562 -147.6857
10793.552232 71.544 -147.6293
10871.766761 71.526 -147.5787
10950.548064 71.506 -147.5337
11029.900250 71.485 -147.4932
11109.827454 71.461 -147.4542
11190.333843 71.434 -147.4135
11271.423615 71.405 -147.3679
11353.100997 71.374 -147.3153
11435.370247 71.340 -147.2539
11518.235653 71.305 -147.1823
11601.701537 71.267 -147.0999
11685.772249 71.228 -147.0060
11770.452172 71.188 -146.9004
11855.745720 71.146 -146.7822
11941.657341 71.103 -146.6510
12028.191513 71.059 -146.5066
12115.352747 71.015 -146.3483
12203.145587 70.969 -146.1743
12291.574610 70.924 -145.9846
12380.644427 70.879 -145.7787
12470.359680 70.835 -145.5580
12560.725047 70.793 -145.3251
12651.745238 70.753 -145.0844
12743.425000 70.714 -144.8409
12835.769110 70.678 -144.6014
12928.782385 70.645 -144.3712
13022.469671 70.612 -144.1554
13116.835855 70.580 -143.9574
13211.885854 70.548 -143.7784
13307.624625 70.515 -143.6184
13404.057159 70.480 -143.4758
13501.188483 70.444 -143.3474
13599.023660 70.404 -143.2288
13697.567791 70.363 -143.1160
13796.826014 70.320 -143.0056
13896.803503 70.274 -142.8947
13997.505470 70.227 -142.7803
14098.937164 70.178 -142.6611
14201.103875 70.130 -142.5370
14304.010928 70.081 -142.4077
14407.663687 70.033 -142.2744
14512.067557 69.986 -142.1385
14617.227981 69.941 -142.0038
14723.150441 69.898 -141.8744
14829.840458 69.858 -141.7544
14937.303595 69.820 -141.6489
15045.545455 69.786 -141.5636
15154.571679 69.754 -141.5029
15264.387953 69.723 -141.4697
15375.000000 69.695 -141.4664
15486.413588 69.668 -141.4943
15598.634525 69.642 -141.5535
15711.668661 69.617 -141.6437
15825.521888 69.593 -141.7642
15940.200144 69.570 -141.9148
16055.709405 69.547 -142.0953
16172.055694 69.527 -142.3069
16289.245076 69.508 -142.5508
16407.283660 69.491 -142.8292
16526.177601 69.476 -143.1453
16645.933097 69.464 -143.5015
16766.556390 69.455 -143.9027
16888.053769 69.449 -144.3539
17010.431568 69.447 -144.8599
17133.696167 69.448 -145.4276
17257.853993 69.454 -146.0662
17382.911517 69.463 -146.7819
17508.875259 69.476 -147.5814
17635.751787 69.492 -148.4910
17763.547714 69.507 -149.5172
17892.269704 69.522 -150.6194
18021.924466 69.539 -151.8134
18152.518759 69.557 -153.1243
18284.059393 69.577 -154.5593
18416.553225 69.596 -156.1252
18550.007161 69.613 -157.8278
18684.428160 69.627 -159.6710
18819.823228 69.637 -161.6575
18956.199425 69.640 -163.7894
19093.563861 69.636 -166.0681
19231.923695 69.622 -168.4933
19371.286142 69.599 -171.0640
19511.658467 69.562 -173.7798
19653.047987 69.509 -176.6398
19795.462074 69.438 -179.6439
19938.908153 69.345 177.2012
20083.393701 69.219 174.0255
20228.926250 69.056 170.8796
20375.513389 68.855 167.6338
20523.162758 68.609 164.2990
20671.882055 68.311 160.8890
20821.679034 67.948 157.4187
20972.561504 67.510 153.9037
21124.537330 66.980 150.3601
21277.614435 66.342 146.8047
21431.800801 65.576 143.2524
21587.104464 64.657 139.7180
21743.533521 63.558 136.2150
21901.096129 62.248 132.7543
22059.800499 60.686 129.3455
22219.654907 58.828 125.9958
22380.667686 56.619 122.7104
22542.847230 53.994 119.4932
22706.201994 50.874 116.3457
22870.740494 47.164 113.2681
23036.471307 42.754 110.2593
23203.403074 37.520 107.3174
23371.544498 31.343 104.4395
23540.904344 24.159 101.6218
23711.491441 16.030 98.8606
23883.314682 7.588 96.1512
