* Measurement data measured by REW V5.40 beta 133
* Source: U18dB [plughw:3,0], Mic (Mic), R, Volume: 1.000. Timing signal peak level -27.0 dBFS, measurement signal peak level -15.9 dBFS
* Format: 512k Log Swept Sine, 1 sweep at -12.0 dBFS using an acoustic timing reference
* Dated: Sep 10, 2026, 11:18:33 AM
* REW Settings:
*  C-weighting compensation: Off
*  Target level: 75.0 dB
* Note: ; 10 sept 2026  Position MLP+20cm AHEAD 4.387m from front wall 3.49/3.49m from RLand L speaker  2 screen panels prolongation - new setup DAC level -29dB MIC HEIGHT: 1.000m mic boom arm height: 1.040 -12dBFS OKTO -28dB DELAY -0.0097 ms (-3.3 mm, -0.13 in) using estimated IR delay relative to Acoustic reference played from DAC8STEREO L with no timing offset Clock adjustment: -17.1 ppm
* Measurement: L 120.green.2
* Smoothing: 1/48 octave
* Frequency Step: 96 ppo
* Start Frequency: 15.014648 Hz
*
* Freq(Hz) SPL(dB) Phase(degrees)
15.014648 69.074 -158.5777
15.123451 69.237 -159.3451
15.233042 69.438 -160.1323
15.343426 69.649 -160.9578
15.454611 69.867 -161.8243
15.566602 70.091 -162.7130
15.679404 70.317 -163.6475
15.793023 70.542 -164.6472
15.907466 70.768 -165.6898
16.022738 70.992 -166.7895
16.138845 71.210 -167.9686
16.255794 71.425 -169.2171
16.373590 71.636 -170.5349
16.492240 71.840 -171.9331
16.611750 72.039 -173.4132
16.732125 72.233 -174.9685
16.853373 72.421 -176.5932
16.975500 72.607 -178.2928
17.098511 72.789 179.9399
17.222414 72.968 178.1242
17.347215 73.146 176.2544
17.472920 73.321 174.3364
17.599536 73.493 172.3945
17.727069 73.664 170.4182
17.855527 73.831 168.4159
17.984915 73.993 166.4075
18.115241 74.152 164.3772
18.246512 74.305 162.3358
18.378734 74.450 160.2947
18.511914 74.590 158.2352
18.646058 74.721 156.1727
18.781175 74.844 154.1082
18.917272 74.961 152.0270
19.054354 75.069 149.9527
19.192430 75.171 147.8728
19.331506 75.266 145.7892
19.471590 75.356 143.7246
19.612689 75.440 141.6595
19.754811 75.521 139.6129
19.897962 75.599 137.5929
20.042151 75.675 135.5894
20.187385 75.750 133.6204
20.333671 75.823 131.6792
20.481017 75.895 129.7657
20.629431 75.966 127.8815
20.778920 76.036 126.0203
20.929493 76.105 124.1742
21.081157 76.173 122.3402
21.233919 76.238 120.5085
21.387789 76.302 118.6685
21.542774 76.361 116.8176
21.698882 76.418 114.9427
21.856121 76.470 113.0395
22.014499 76.517 111.1061
22.174025 76.559 109.1306
22.334708 76.596 107.1204
22.496554 76.626 105.0661
22.659573 76.650 102.9712
22.823774 76.666 100.8420
22.989164 76.676 98.6694
23.155753 76.677 96.4725
23.323549 76.671 94.2353
23.492562 76.655 91.9822
23.662798 76.630 89.6969
23.834269 76.594 87.4028
24.006982 76.547 85.0878
24.180946 76.487 82.7702
24.356171 76.414 80.4448
24.532666 76.326 78.1240
24.710440 76.223 75.8108
24.889502 76.103 73.5122
25.069862 75.965 71.2399
25.251528 75.809 68.9974
25.434511 75.633 66.8028
25.618820 75.436 64.6603
25.804465 75.218 62.5927
25.991454 74.977 60.6081
26.179799 74.714 58.7317
26.369509 74.426 56.9788
26.560593 74.114 55.3766
26.753062 73.778 53.9500
26.946926 73.418 52.7321
27.142194 73.035 51.7565
27.338878 72.630 51.0685
27.536987 72.208 50.7072
27.736531 71.773 50.7343
27.937521 71.335 51.1863
28.139968 70.903 52.1328
28.343882 70.494 53.5876
28.549273 70.127 55.5840
28.756153 69.824 58.0768
28.964532 69.608 60.9813
29.174421 69.497 64.1764
29.385831 69.503 67.4289
29.598773 69.625 70.5817
29.813258 69.852 73.3921
30.029297 70.164 75.7596
30.246902 70.539 77.5818
30.466083 70.953 78.8400
30.686853 71.388 79.5559
30.909222 71.827 79.7643
31.133203 72.259 79.5283
31.358807 72.677 78.8970
31.586046 73.073 77.9355
31.814932 73.447 76.6834
32.045476 73.794 75.1912
32.277691 74.115 73.4942
32.511588 74.409 71.6151
32.747180 74.677 69.5912
32.984480 74.918 67.4359
33.223499 75.133 65.1634
33.464250 75.321 62.7989
33.706746 75.483 60.3465
33.950999 75.618 57.8167
34.197022 75.726 55.2296
34.444828 75.805 52.5864
34.694429 75.856 49.8953
34.945839 75.877 47.1750
35.199071 75.866 44.4320
35.454138 75.823 41.6836
35.711054 75.747 38.9560
35.969831 75.639 36.2538
36.230483 75.498 33.5862
36.493024 75.324 30.9807
36.757467 75.117 28.4565
37.023827 74.878 26.0317
37.292117 74.606 23.7332
37.562351 74.305 21.5945
37.834543 73.975 19.6440
38.108708 73.619 17.9161
38.384859 73.239 16.4487
38.663012 72.841 15.2795
38.943180 72.428 14.4466
39.225378 72.005 13.9906
39.509622 71.581 13.9478
39.795925 71.165 14.3407
40.084302 70.766 15.1885
40.374770 70.397 16.4949
40.667342 70.072 18.2413
40.962034 69.805 20.3778
41.258862 69.607 22.8253
41.557841 69.489 25.4841
41.858986 69.455 28.2361
42.162313 69.507 30.9577
42.467839 69.639 33.5331
42.775578 69.843 35.8661
43.085548 70.108 37.8877
43.397763 70.422 39.5563
43.712242 70.774 40.8522
44.028998 71.153 41.7722
44.348051 71.552 42.3237
44.669415 71.964 42.5199
44.993108 72.382 42.3760
45.319147 72.802 41.9054
45.647548 73.221 41.1219
45.978329 73.635 40.0377
46.311507 74.039 38.6644
46.647099 74.433 37.0132
46.985123 74.814 35.0953
47.325597 75.178 32.9223
47.668537 75.523 30.5075
48.013963 75.847 27.8651
48.361892 76.146 25.0114
48.712342 76.419 21.9625
49.065332 76.664 18.7354
49.420880 76.877 15.3481
49.779004 77.057 11.8192
50.139723 77.202 8.1652
50.503056 77.311 4.4037
50.869022 77.383 0.5516
51.237640 77.418 -3.3751
51.608929 77.415 -7.3611
51.982909 77.375 -11.3929
52.359598 77.298 -15.4587
52.739018 77.187 -19.5486
53.121186 77.041 -23.6561
53.506124 76.863 -27.7771
53.893852 76.654 -31.9119
54.284389 76.416 -36.0645
54.677756 76.152 -40.2426
55.073973 75.862 -44.4591
55.473062 75.548 -48.7314
55.875043 75.210 -53.0810
56.279936 74.850 -57.5334
56.687764 74.468 -62.1176
57.098547 74.062 -66.8672
57.512306 73.633 -71.8195
57.929064 73.177 -77.0173
58.348842 72.694 -82.5092
58.771662 72.181 -88.3490
59.197546 71.637 -94.5988
59.626515 71.061 -101.3296
60.058594 70.454 -108.6226
60.493803 69.820 -116.5704
60.932166 69.167 -125.2739
61.373706 68.513 -134.8272
61.818445 67.879 -145.2997
62.266407 67.301 -156.7025
62.717615 66.815 -168.9548
63.172093 66.459 178.1548
63.629864 66.257 164.9716
64.090952 66.212 151.9052
64.555381 66.299 139.3177
65.023176 66.480 127.4621
65.494361 66.712 116.4737
65.968960 66.955 106.3825
66.446998 67.177 97.1373
66.928501 67.353 88.6781
67.413492 67.466 80.9462
67.901998 67.504 73.8771
68.394044 67.456 67.4364
68.889655 67.316 61.6182
69.388858 67.073 56.4304
69.891679 66.720 51.9271
70.398142 66.249 48.2139
70.908276 65.652 45.4590
71.422107 64.926 43.9478
71.939661 64.081 44.1168
72.460965 63.162 46.6074
72.986047 62.293 52.1901
73.514934 61.715 61.3025
74.047654 61.737 72.9287
74.584234 62.483 84.3138
75.124702 63.754 92.9102
75.669086 65.243 98.0941
76.217416 66.740 100.4291
76.769719 68.151 100.7059
77.326024 69.441 99.5436
77.886360 70.608 97.3765
78.450757 71.657 94.4950
79.019243 72.596 91.0969
79.591849 73.435 87.3222
80.168605 74.182 83.2700
80.749539 74.844 79.0176
81.334684 75.428 74.6243
81.924068 75.937 70.1364
82.517724 76.377 65.5965
83.115681 76.753 61.0350
83.717972 77.068 56.4825
84.324627 77.324 51.9642
84.935678 77.527 47.4993
85.551157 77.677 43.1094
86.171096 77.779 38.8119
86.795527 77.835 34.6221
87.424483 77.845 30.5573
88.057997 77.814 26.6344
88.696102 77.742 22.8704
89.338830 77.632 19.2840
89.986216 77.486 15.8970
90.638293 77.307 12.7311
91.295096 77.098 9.8092
91.956658 76.862 7.1548
92.623013 76.604 4.7912
93.294198 76.331 2.7386
93.970246 76.047 1.0126
94.651193 75.762 -0.3788
95.337075 75.483 -1.4377
96.027927 75.219 -2.1794
96.723785 74.979 -2.6329
97.424685 74.768 -2.8433
98.130664 74.594 -2.8675
98.841760 74.458 -2.7695
99.558008 74.361 -2.6135
100.279446 74.299 -2.4570
101.006112 74.268 -2.3453
101.738044 74.263 -2.3079
102.475280 74.276 -2.3575
103.217858 74.303 -2.4922
103.965817 74.339 -2.7001
104.719197 74.383 -2.9647
105.478035 74.433 -3.2698
106.242372 74.490 -3.6046
107.012248 74.556 -3.9664
107.787703 74.632 -4.3630
108.568777 74.720 -4.8112
109.355511 74.820 -5.3334
110.147947 74.931 -5.9543
110.946124 75.049 -6.6959
111.750085 75.172 -7.5729
112.559873 75.293 -8.5912
113.375528 75.410 -9.7471
114.197094 75.517 -11.0283
115.024613 75.613 -12.4154
115.858129 75.693 -13.8852
116.697684 75.757 -15.4133
117.543324 75.804 -16.9761
118.395091 75.836 -18.5528
119.253031 75.852 -20.1254
120.117188 75.854 -21.6797
120.987606 75.843 -23.2047
121.864332 75.821 -24.6921
122.747411 75.787 -26.1350
123.636890 75.745 -27.5269
124.532814 75.694 -28.8610
125.435230 75.636 -30.1302
126.344185 75.572 -31.3276
127.259727 75.506 -32.4471
128.181904 75.437 -33.4846
129.110763 75.371 -34.4391
130.046352 75.308 -35.3151
130.988722 75.254 -36.1223
131.937920 75.209 -36.8759
132.893997 75.176 -37.5959
133.857001 75.155 -38.3055
134.826984 75.146 -39.0294
135.803996 75.149 -39.7902
136.788088 75.160 -40.6062
137.779311 75.176 -41.4891
138.777717 75.195 -42.4434
139.783357 75.213 -43.4658
140.796285 75.229 -44.5468
141.816553 75.240 -45.6718
142.844214 75.245 -46.8241
143.879322 75.246 -47.9876
144.921931 75.244 -49.1500
145.972095 75.240 -50.3043
147.029869 75.238 -51.4507
148.095308 75.238 -52.5974
149.168468 75.244 -53.7595
150.249404 75.257 -54.9579
151.338173 75.275 -56.2163
152.434832 75.297 -57.5583
153.539437 75.321 -59.0043
154.652047 75.343 -60.5701
155.772720 75.359 -62.2650
156.901513 75.365 -64.0908
158.038486 75.355 -66.0419
159.183698 75.325 -68.1063
160.337209 75.271 -70.2675
161.499079 75.190 -72.5037
162.669367 75.078 -74.7902
163.848137 74.933 -77.0997
165.035448 74.752 -79.4026
166.231363 74.533 -81.6685
167.435944 74.277 -83.8646
168.649254 73.981 -85.9562
169.871356 73.644 -87.9062
171.102314 73.266 -89.6728
172.342191 72.848 -91.2073
173.591054 72.387 -92.4510
174.848966 71.886 -93.3328
176.115994 71.347 -93.7612
177.392203 70.776 -93.6221
178.677660 70.186 -92.7785
179.972432 69.597 -91.0777
181.276587 69.046 -88.3808
182.590191 68.586 -84.6212
183.913315 68.279 -79.8948
185.246027 68.188 -74.5397
186.588396 68.344 -69.1176
187.940492 68.735 -64.2495
189.302387 69.307 -60.4064
190.674150 69.990 -57.8054
192.055853 70.720 -56.4429
193.447569 71.451 -56.1885
194.849370 72.150 -56.8667
196.261329 72.799 -58.3029
197.683519 73.390 -60.3419
199.116016 73.918 -62.8536
200.558892 74.383 -65.7306
202.012225 74.786 -68.8865
203.476089 75.128 -72.2509
204.950560 75.414 -75.7656
206.435716 75.645 -79.3833
207.931635 75.826 -83.0652
209.438393 75.960 -86.7794
210.956070 76.050 -90.4996
212.484745 76.099 -94.2044
214.024497 76.111 -97.8770
215.575406 76.088 -101.5040
217.137555 76.034 -105.0747
218.711023 75.950 -108.5809
220.295893 75.840 -112.0167
221.892248 75.705 -115.3779
223.500171 75.547 -118.6622
225.119745 75.369 -121.8687
226.751056 75.172 -124.9966
228.394187 74.956 -128.0465
230.049226 74.724 -131.0200
231.716257 74.476 -133.9191
233.395369 74.212 -136.7463
235.086648 73.934 -139.5065
236.790182 73.642 -142.2036
238.506062 73.335 -144.8418
240.234375 73.013 -147.4253
241.975212 72.675 -149.9572
243.728664 72.319 -152.4387
245.494823 71.945 -154.8688
247.273780 71.549 -157.2434
249.065627 71.130 -159.5542
250.870459 70.684 -161.7885
252.688370 70.208 -163.9270
254.519454 69.698 -165.9429
256.363807 69.150 -167.7974
258.221525 68.560 -169.4375
260.092705 67.926 -170.7917
261.977444 67.243 -171.7634
263.875840 66.513 -172.2267
265.787993 65.742 -172.0227
267.714003 64.947 -170.9639
269.653969 64.155 -168.8535
271.607992 63.417 -165.5369
273.576176 62.800 -160.9946
275.558622 62.380 -155.4561
277.555433 62.214 -149.4458
279.566714 62.316 -143.6599
281.592570 62.643 -138.7122
283.633106 63.124 -134.9490
285.688428 63.687 -132.4424
287.758644 64.276 -131.0922
289.843862 64.851 -130.7275
291.944190 65.392 -131.1710
294.059738 65.884 -132.2654
296.190616 66.323 -133.8796
298.336935 66.706 -135.9075
300.498808 67.033 -138.2644
302.676346 67.303 -140.8828
304.869664 67.518 -143.7081
307.078875 67.679 -146.6965
309.304095 67.787 -149.8114
311.545440 67.841 -153.0214
313.803027 67.840 -156.2971
316.076973 67.785 -159.6094
318.367397 67.672 -162.9258
320.674418 67.498 -166.2078
322.998157 67.261 -169.4084
325.338735 66.957 -172.4700
327.696273 66.583 -175.3197
330.070896 66.138 -177.8660
332.462726 65.619 -179.9940
334.871888 65.029 178.4414
337.298507 64.375 177.6210
339.742711 63.675 177.7626
342.204627 62.963 179.1050
344.684383 62.292 -178.1440
347.182108 61.745 -173.9224
349.697933 61.417 -168.4745
352.231988 61.382 -162.4379
354.784406 61.653 -156.6812
357.355320 62.173 -151.9485
359.944864 62.851 -148.6115
362.553173 63.601 -146.6895
365.180383 64.359 -146.0087
367.826630 65.090 -146.3376
370.492054 65.772 -147.4581
373.176792 66.398 -149.1903
375.880985 66.965 -151.3938
378.604773 67.474 -153.9623
381.348300 67.926 -156.8148
384.111707 68.324 -159.8894
386.895138 68.670 -163.1368
389.698740 68.965 -166.5161
392.522658 69.212 -169.9917
395.367039 69.411 -173.5310
398.232031 69.563 -177.1030
401.117785 69.670 179.3230
404.024450 69.733 175.7761
406.952177 69.753 172.2852
409.901120 69.732 168.8771
412.871433 69.671 165.5801
415.863270 69.571 162.4237
418.876786 69.435 159.4395
421.912140 69.265 156.6624
424.969489 69.063 154.1305
428.048993 68.833 151.8862
431.150813 68.582 149.9751
434.275109 68.317 148.4412
437.422046 68.048 147.3214
440.591786 67.789 146.6388
443.784496 67.555 146.3923
447.000341 67.362 146.5471
450.239490 67.224 147.0320
453.502111 67.152 147.7434
456.788374 67.151 148.5601
460.098451 67.220 149.3618
463.432514 67.351 150.0476
466.790737 67.536 150.5474
470.173295 67.763 150.8230
473.580365 68.022 150.8618
477.012124 68.306 150.6656
480.468750 68.611 150.2399
483.950425 68.931 149.5867
487.457329 69.263 148.7026
490.989646 69.605 147.5798
494.547559 69.951 146.2084
498.131254 70.297 144.5826
501.740919 70.637 142.7031
505.376740 70.965 140.5791
509.038909 71.276 138.2277
512.727614 71.567 135.6726
516.443050 71.832 132.9409
520.185409 72.070 130.0615
523.954887 72.280 127.0620
527.751680 72.460 123.9675
531.575987 72.609 120.8018
535.428005 72.727 117.5853
539.307937 72.814 114.3376
543.215985 72.870 111.0779
547.152352 72.894 107.8257
551.117243 72.886 104.6025
555.110866 72.846 101.4319
559.133428 72.774 98.3401
563.185140 72.670 95.3561
567.266211 72.537 92.5111
571.376856 72.376 89.8384
575.517288 72.191 87.3706
579.687724 71.988 85.1384
583.888380 71.772 83.1667
588.119476 71.551 81.4705
592.381232 71.333 80.0518
596.673871 71.128 78.8960
600.997615 70.944 77.9696
605.352692 70.788 77.2203
609.739327 70.664 76.5829
614.157750 70.572 75.9858
618.608190 70.508 75.3628
623.090880 70.468 74.6594
627.606053 70.442 73.8419
632.153945 70.422 72.8999
636.734793 70.399 71.8450
641.348836 70.364 70.7090
645.996314 70.314 69.5378
650.677470 70.245 68.3873
655.392547 70.159 67.3145
660.141792 70.057 66.3738
664.925451 69.947 65.6121
669.743775 69.837 65.0615
674.597014 69.736 64.7336
679.485423 69.655 64.6172
684.409254 69.605 64.6752
689.368766 69.593 64.8464
694.364216 69.622 65.0531
699.395865 69.693 65.2124
704.463976 69.801 65.2493
709.568812 69.939 65.1060
714.710640 70.098 64.7476
719.889728 70.268 64.1626
725.106346 70.441 63.3604
730.360766 70.610 62.3629
735.653261 70.770 61.2000
740.984108 70.920 59.9026
746.353584 71.056 58.5002
751.761970 71.181 57.0166
757.209547 71.295 55.4686
762.696599 71.400 53.8658
768.223413 71.496 52.2115
773.790277 71.584 50.5045
779.397480 71.666 48.7401
785.045315 71.740 46.9121
790.734077 71.806 45.0140
796.464062 71.864 43.0400
802.235569 71.910 40.9874
808.048899 71.943 38.8551
813.904354 71.962 36.6449
819.802241 71.963 34.3616
825.742866 71.944 32.0125
831.726539 71.905 29.6069
837.753572 71.843 27.1561
843.824280 71.757 24.6730
849.938979 71.644 22.1711
856.097987 71.505 19.6649
862.301626 71.338 17.1687
868.550219 71.142 14.6971
874.844092 70.917 12.2651
881.183573 70.662 9.8872
887.568992 70.377 7.5779
894.000683 70.060 5.3531
900.478980 69.710 3.2290
907.004222 69.328 1.2218
913.576749 68.911 -0.6516
920.196903 68.458 -2.3728
926.865029 67.967 -3.9207
933.581475 67.435 -5.2684
940.346591 66.857 -6.3794
947.160730 66.227 -7.2000
954.024247 65.539 -7.6501
960.937500 64.786 -7.6102
967.900849 63.965 -6.9044
974.914658 63.077 -5.2812
981.979291 62.139 -2.3961
989.095118 61.197 2.1763
996.262509 60.344 8.8342
1003.481838 59.731 17.6486
1010.753481 59.526 27.9285
1018.077817 59.807 38.1868
1025.455229 60.495 46.9269
1032.886100 61.422 53.4391
1040.370819 62.434 57.7822
1047.909774 63.435 60.3539
1055.503361 64.377 61.5852
1063.151973 65.240 61.8328
1070.856010 66.021 61.3643
1078.615875 66.722 60.3755
1086.431970 67.348 59.0103
1094.304704 67.905 57.3760
1102.234487 68.402 55.5519
1110.221732 68.842 53.5984
1118.266856 69.234 51.5626
1126.370279 69.582 49.4788
1134.532422 69.891 47.3718
1142.753712 70.167 45.2584
1151.034577 70.413 43.1497
1159.375448 70.633 41.0527
1167.776760 70.829 38.9720
1176.238952 71.005 36.9089
1184.762464 71.161 34.8656
1193.347741 71.301 32.8446
1201.995231 71.425 30.8491
1210.705384 71.534 28.8818
1219.478654 71.631 26.9468
1228.315499 71.718 25.0454
1237.216380 71.797 23.1764
1246.181760 71.870 21.3354
1255.212106 71.940 19.5140
1264.307891 72.007 17.6992
1273.469587 72.073 15.8745
1282.697672 72.138 14.0208
1291.992628 72.201 12.1178
1301.354940 72.262 10.1464
1310.785094 72.318 8.0886
1320.283583 72.365 5.9309
1329.850902 72.402 3.6646
1339.487550 72.422 1.2848
1349.194029 72.424 -1.2083
1358.970845 72.402 -3.8103
1368.818508 72.353 -6.5125
1378.737531 72.271 -9.3008
1388.728432 72.154 -12.1577
1398.791730 71.998 -15.0624
1408.927952 71.797 -17.9885
1419.137625 71.548 -20.9048
1429.421281 71.247 -23.7732
1439.779457 70.890 -26.5485
1450.212692 70.474 -29.1780
1460.721531 69.993 -31.5966
1471.306521 69.446 -33.7247
1481.968215 68.831 -35.4637
1492.707168 68.146 -36.6891
1503.523939 67.395 -37.2444
1514.419093 66.589 -36.9362
1525.393198 65.749 -35.5364
1536.446826 64.914 -32.8088
1547.580553 64.148 -28.5809
1558.794960 63.539 -22.8790
1570.090631 63.179 -16.0774
1581.468155 63.124 -8.9099
1592.928125 63.365 -2.2234
1604.471139 63.831 3.3676
1616.097798 64.434 7.6270
1627.808709 65.097 10.6101
1639.604482 65.770 12.5076
1651.485732 66.424 13.5331
1663.453078 67.044 13.8737
1675.507145 67.627 13.6759
1687.648560 68.171 13.0461
1699.877958 68.679 12.0602
1712.195974 69.151 10.7697
1724.603252 69.588 9.2114
1737.100438 69.992 7.4125
1749.688184 70.363 5.3951
1762.367146 70.700 3.1796
1775.137984 71.002 0.7855
1788.001366 71.267 -1.7661
1800.957961 71.497 -4.4537
1814.008445 71.688 -7.2545
1827.153498 71.841 -10.1459
1840.393805 71.955 -13.1046
1853.730057 72.029 -16.1073
1867.162949 72.065 -19.1301
1880.693182 72.061 -22.1500
1894.321460 72.017 -25.1421
1908.048494 71.935 -28.0818
1921.875000 71.815 -30.9436
1935.801698 71.658 -33.7015
1949.829316 71.466 -36.3281
1963.958583 71.239 -38.7955
1978.190236 70.981 -41.0754
1992.525018 70.694 -43.1399
2006.963676 70.382 -44.9615
2021.506962 70.050 -46.5135
2036.155634 69.703 -47.7717
2050.910458 69.346 -48.7161
2065.772200 68.987 -49.3312
2080.741637 68.635 -49.6093
2095.819549 68.297 -49.5533
2111.006721 67.983 -49.1798
2126.303946 67.702 -48.5203
2141.712021 67.462 -47.6224
2157.231749 67.270 -46.5477
2172.863940 67.128 -45.3676
2188.609407 67.037 -44.1565
2204.468973 66.996 -42.9863
2220.443464 66.997 -41.9188
2236.533713 67.036 -41.0023
2252.740558 67.105 -40.2679
2269.064845 67.193 -39.7307
2285.507424 67.295 -39.3906
2302.069153 67.403 -39.2344
2318.750895 67.511 -39.2389
2335.553520 67.616 -39.3754
2352.477904 67.715 -39.6123
2369.524928 67.809 -39.9186
2386.695483 67.897 -40.2665
2403.990462 67.983 -40.6353
2421.410768 68.070 -41.0132
2438.957308 68.161 -41.3998
2456.630998 68.259 -41.8060
2474.432759 68.367 -42.2526
2492.363519 68.486 -42.7673
2510.424213 68.615 -43.3820
2528.615781 68.751 -44.1255
2546.939174 68.891 -45.0210
2565.395345 69.028 -46.0814
2583.985257 69.158 -47.3083
2602.709879 69.274 -48.6915
2621.570188 69.372 -50.2107
2640.567166 69.447 -51.8372
2659.701804 69.495 -53.5354
2678.975100 69.516 -55.2660
2698.388058 69.508 -56.9866
2717.941690 69.473 -58.6556
2737.637016 69.414 -60.2328
2757.475062 69.332 -61.6820
2777.456863 69.234 -62.9722
2797.583461 69.125 -64.0791
2817.855904 69.012 -64.9889
2838.275249 68.903 -65.6990
2858.842562 68.805 -66.2195
2879.558913 68.726 -66.5741
2900.425384 68.672 -66.8000
2921.443062 68.647 -66.9464
2942.613043 68.655 -67.0701
2963.936430 68.694 -67.2299
2985.414335 68.763 -67.4816
3007.047878 68.857 -67.8733
3028.838187 68.969 -68.4412
3050.786397 69.091 -69.2079
3072.893653 69.217 -70.1820
3095.161107 69.339 -71.3595
3117.589920 69.450 -72.7258
3140.181262 69.545 -74.2577
3162.936310 69.617 -75.9253
3185.856250 69.665 -77.6932
3208.942278 69.683 -79.5221
3232.195596 69.673 -81.3710
3255.617418 69.633 -83.1968
3279.208964 69.564 -84.9561
3302.971464 69.469 -86.6074
3326.906156 69.352 -88.1134
3351.014290 69.216 -89.4413
3375.297121 69.070 -90.5659
3399.755915 68.920 -91.4731
3424.391948 68.772 -92.1597
3449.206504 68.634 -92.6337
3474.200876 68.515 -92.9174
3499.376367 68.419 -93.0442
3524.734291 68.351 -93.0557
3550.275969 68.314 -92.9996
3576.002732 68.309 -92.9255
3601.915922 68.334 -92.8813
3628.016889 68.387 -92.9095
3654.306995 68.463 -93.0457
3680.787610 68.558 -93.3152
3707.460115 68.665 -93.7336
3734.325899 68.779 -94.3073
3761.386364 68.894 -95.0321
3788.642920 69.006 -95.8961
3816.096988 69.110 -96.8800
3843.750000 69.203 -97.9601
3871.603397 69.283 -99.1101
3899.658631 69.349 -100.3029
3927.917165 69.403 -101.5127
3956.380472 69.444 -102.7162
3985.050036 69.475 -103.8965
4013.927351 69.499 -105.0419
4043.013923 69.517 -106.1461
4072.311269 69.533 -107.2086
4101.820915 69.548 -108.2336
4131.544400 69.565 -109.2296
4161.483274 69.584 -110.2076
4191.639097 69.605 -111.1799
4222.013442 69.629 -112.1582
4252.607892 69.655 -113.1533
4283.424042 69.681 -114.1732
4314.463498 69.706 -115.2239
4345.727879 69.728 -116.3058
4377.218815 69.745 -117.4161
4408.937947 69.755 -118.5466
4440.886929 69.756 -119.6848
4473.067426 69.748 -120.8157
4505.481116 69.731 -121.9226
4538.129690 69.707 -122.9897
4571.014848 69.675 -124.0038
4604.138306 69.639 -124.9561
4637.501790 69.601 -125.8441
4671.107040 69.563 -126.6714
4704.955807 69.527 -127.4476
4739.049856 69.494 -128.1842
4773.390965 69.463 -128.8926
4807.980924 69.435 -129.5829
4842.821536 69.408 -130.2606
4877.914617 69.382 -130.9270
4913.261997 69.355 -131.5792
4948.865519 69.327 -132.2129
4984.727038 69.297 -132.8229
5020.848425 69.266 -133.4056
5057.231563 69.234 -133.9598
5093.878347 69.202 -134.4857
5130.790689 69.168 -134.9844
5167.970514 69.133 -135.4548
5205.419759 69.097 -135.8934
5243.140376 69.058 -136.2932
5281.134332 69.016 -136.6426
5319.403609 68.972 -136.9259
5357.950200 68.927 -137.1260
5396.776116 68.884 -137.2279
5435.883380 68.847 -137.2209
5475.274032 68.821 -137.1044
5514.950125 68.811 -136.8896
5554.913727 68.822 -136.6030
5595.166922 68.858 -136.2847
5635.711808 68.919 -135.9830
5676.550498 69.005 -135.7493
5717.685123 69.112 -135.6298
5759.117827 69.234 -135.6600
5800.850769 69.363 -135.8594
5842.886124 69.494 -136.2314
5885.226086 69.618 -136.7651
5927.872860 69.731 -137.4377
5970.828671 69.828 -138.2195
6014.095756 69.906 -139.0774
6057.676373 69.963 -139.9778
6101.572794 70.001 -140.8879
6145.787305 70.019 -141.7789
6190.322213 70.020 -142.6261
6235.179840 70.005 -143.4098
6280.362523 69.977 -144.1144
6325.872619 69.940 -144.7291
6371.712500 69.894 -145.2466
6417.884555 69.844 -145.6633
6464.391192 69.792 -145.9781
6511.234836 69.740 -146.1932
6558.417927 69.692 -146.3126
6605.942927 69.649 -146.3442
6653.812313 69.613 -146.2974
6702.028580 69.587 -146.1843
6750.594241 69.570 -146.0193
6799.511830 69.566 -145.8176
6848.783896 69.573 -145.5958
6898.413007 69.591 -145.3716
6948.401751 69.621 -145.1622
6998.752735 69.660 -144.9834
7049.468582 69.707 -144.8470
7100.551937 69.759 -144.7606
7152.005464 69.814 -144.7275
7203.831844 69.869 -144.7449
7256.033779 69.922 -144.8052
7308.613991 69.973 -144.8981
7361.575220 70.020 -145.0122
7414.920229 70.063 -145.1377
7468.651798 70.103 -145.2681
7522.772727 70.141 -145.4008
7577.285840 70.177 -145.5364
7632.193976 70.211 -145.6765
7687.500000 70.242 -145.8240
7743.206794 70.270 -145.9781
7799.317262 70.293 -146.1351
7855.834330 70.312 -146.2867
7912.760944 70.326 -146.4221
7970.100072 70.335 -146.5303
8027.854702 70.341 -146.6023
8086.027847 70.346 -146.6318
8144.622538 70.350 -146.6180
8203.641830 70.356 -146.5653
8263.088801 70.365 -146.4800
8322.966548 70.379 -146.3710
8383.278195 70.396 -146.2468
8444.026884 70.418 -146.1150
8505.215784 70.444 -145.9807
8566.848084 70.474 -145.8485
8628.926996 70.508 -145.7236
8691.455758 70.546 -145.6115
8754.437630 70.587 -145.5177
8817.875894 70.632 -145.4492
8881.773857 70.678 -145.4121
8946.134852 70.725 -145.4109
9010.962233 70.773 -145.4484
9076.259380 70.818 -145.5245
9142.029697 70.861 -145.6366
9208.276612 70.899 -145.7804
9275.003581 70.932 -145.9495
9342.214080 70.959 -146.1370
9409.911614 70.981 -146.3358
9478.099713 70.996 -146.5386
9546.781930 71.004 -146.7384
9615.961848 71.007 -146.9292
9685.643071 71.004 -147.1052
9755.829233 70.996 -147.2620
9826.523994 70.983 -147.3960
9897.731037 70.967 -147.5042
9969.454076 70.947 -147.5850
10041.696850 70.926 -147.6379
10114.463125 70.903 -147.6633
10187.756694 70.878 -147.6630
10261.581379 70.854 -147.6404
10335.941028 70.830 -147.5985
10410.839517 70.806 -147.5414
10486.280752 70.783 -147.4725
10562.268665 70.759 -147.3945
10638.807218 70.736 -147.3105
10715.900400 70.714 -147.2233
10793.552232 70.692 -147.1353
10871.766761 70.671 -147.0499
10950.548064 70.649 -146.9707
11029.900250 70.627 -146.9003
11109.827454 70.604 -146.8396
11190.333843 70.578 -146.7869
11271.423615 70.550 -146.7385
11353.100997 70.519 -146.6904
11435.370247 70.485 -146.6372
11518.235653 70.448 -146.5750
11601.701537 70.410 -146.5011
11685.772249 70.370 -146.4144
11770.452172 70.328 -146.3152
11855.745720 70.285 -146.2043
11941.657341 70.242 -146.0820
12028.191513 70.197 -145.9489
12115.352747 70.152 -145.8047
12203.145587 70.105 -145.6475
12291.574610 70.058 -145.4757
12380.644427 70.011 -145.2880
12470.359680 69.964 -145.0835
12560.725047 69.918 -144.8635
12651.745238 69.873 -144.6309
12743.425000 69.831 -144.3905
12835.769110 69.791 -144.1488
12928.782385 69.754 -143.9119
13022.469671 69.719 -143.6859
13116.835855 69.685 -143.4763
13211.885854 69.651 -143.2859
13307.624625 69.617 -143.1165
13404.057159 69.582 -142.9670
13501.188483 69.545 -142.8352
13599.023660 69.505 -142.7159
13697.567791 69.463 -142.6044
13796.826014 69.418 -142.4958
13896.803503 69.370 -142.3854
13997.505470 69.321 -142.2687
14098.937164 69.270 -142.1436
14201.103875 69.218 -142.0088
14304.010928 69.167 -141.8652
14407.663687 69.117 -141.7146
14512.067557 69.068 -141.5594
14617.227981 69.022 -141.4044
14723.150441 68.978 -141.2543
14829.840458 68.938 -141.1143
14937.303595 68.901 -140.9893
15045.545455 68.867 -140.8861
15154.571679 68.835 -140.8093
15264.387953 68.806 -140.7632
15375.000000 68.779 -140.7507
15486.413588 68.753 -140.7742
15598.634525 68.728 -140.8336
15711.668661 68.702 -140.9286
15825.521888 68.678 -141.0574
15940.200144 68.652 -141.2183
16055.709405 68.627 -141.4098
16172.055694 68.603 -141.6313
16289.245076 68.579 -141.8828
16407.283660 68.556 -142.1664
16526.177601 68.535 -142.4843
16645.933097 68.517 -142.8390
16766.556390 68.501 -143.2357
16888.053769 68.489 -143.6792
17010.431568 68.480 -144.1746
17133.696167 68.474 -144.7292
17257.853993 68.473 -145.3522
17382.911517 68.476 -146.0500
17508.875259 68.483 -146.8297
17635.751787 68.493 -147.7175
17763.547714 68.503 -148.7206
17892.269704 68.512 -149.7982
18021.924466 68.524 -150.9666
18152.518759 68.538 -152.2506
18284.059393 68.554 -153.6576
18416.553225 68.568 -155.1946
18550.007161 68.582 -156.8673
18684.428160 68.592 -158.6798
18819.823228 68.599 -160.6349
18956.199425 68.600 -162.7351
19093.563861 68.593 -164.9821
19231.923695 68.578 -167.3755
19371.286142 68.552 -169.9150
19511.658467 68.513 -172.6003
19653.047987 68.459 -175.4305
19795.462074 68.387 -178.4054
19938.908153 68.293 178.4681
20083.393701 68.165 175.3201
20228.926250 68.000 172.2012
20375.513389 67.798 168.9808
20523.162758 67.551 165.6707
20671.882055 67.251 162.2841
20821.679034 66.887 158.8358
20972.561504 66.447 155.3417
21124.537330 65.915 151.8179
21277.614435 65.276 148.2808
21431.800801 64.508 144.7463
21587.104464 63.588 141.2292
21743.533521 62.488 137.7427
21901.096129 61.175 134.2983
22059.800499 59.612 130.9058
22219.654907 57.753 127.5721
22380.667686 55.543 124.3033
22542.847230 52.916 121.1028
22706.201994 49.796 117.9722
22870.740494 46.085 114.9121
23036.471307 41.675 111.9211
23203.403074 36.440 108.9974
23371.544498 30.262 106.1379
23540.904344 23.078 103.3392
23711.491441 14.949 100.5972
23883.314682 6.507 97.9070
