* Measurement data measured by REW V5.40 beta 133
* Source: U18dB [plughw:3,0], Mic (Mic), R, Volume: 1.000. Timing signal peak level -26.8 dBFS, measurement signal peak level -15.1 dBFS
* Format: 512k Log Swept Sine, 1 sweep at -12.0 dBFS using an acoustic timing reference
* Dated: Sep 10, 2026, 11:28:25 AM
* REW Settings:
*  C-weighting compensation: Off
*  Target level: 75.0 dB
* Note: ; 10 sept 2026  Position MLP+20cm TO THE RIGHT 4.180m from front wall  2 screen panels prolongation - new setup DAC level -29dB MIC HEIGHT: 1.000m mic boom arm height: 1.040 -12dBFS OKTO -28dB DELAY -0.0289 ms (-9.9 mm, -0.39 in) using estimated IR delay relative to Acoustic reference played from DAC8STEREO L with no timing offset Clock adjustment: -14.7 ppm
* Measurement: L 120.green.4
* Smoothing: 1/48 octave
* Frequency Step: 96 ppo
* Start Frequency: 15.014648 Hz
*
* Freq(Hz) SPL(dB) Phase(degrees)
15.014648 68.760 -156.8645
15.123451 68.912 -157.6448
15.233042 69.093 -158.4518
15.343426 69.278 -159.3164
15.454611 69.466 -160.2493
15.566602 69.656 -161.2310
15.679404 69.849 -162.2762
15.793023 70.046 -163.3956
15.907466 70.248 -164.5743
16.022738 70.453 -165.8121
16.138845 70.660 -167.1117
16.255794 70.872 -168.4660
16.373590 71.085 -169.8699
16.492240 71.297 -171.3208
16.611750 71.509 -172.8164
16.732125 71.719 -174.3534
16.853373 71.926 -175.9288
16.975500 72.129 -177.5441
17.098511 72.328 -179.1982
17.222414 72.521 179.1119
17.347215 72.709 177.3814
17.472920 72.892 175.6108
17.599536 73.068 173.8052
17.727069 73.239 171.9550
17.855527 73.404 170.0652
17.984915 73.563 168.1453
18.115241 73.717 166.1810
18.246512 73.867 164.1851
18.378734 74.010 162.1699
18.511914 74.149 160.1176
18.646058 74.282 158.0518
18.781175 74.410 155.9784
18.917272 74.533 153.8839
19.054354 74.650 151.8017
19.192430 74.760 149.7201
19.331506 74.865 147.6433
19.471590 74.961 145.5986
19.612689 75.051 143.5632
19.754811 75.132 141.5577
19.897962 75.207 139.5883
20.042151 75.274 137.6415
20.187385 75.333 135.7358
20.333671 75.385 133.8593
20.481017 75.430 132.0123
20.629431 75.469 130.1968
20.778920 75.503 128.4029
20.929493 75.534 126.6281
21.081157 75.561 124.8676
21.233919 75.586 123.1145
21.387789 75.611 121.3629
21.542774 75.635 119.6098
21.698882 75.659 117.8466
21.856121 75.685 116.0723
22.014499 75.711 114.2833
22.174025 75.738 112.4746
22.334708 75.765 110.6495
22.496554 75.791 108.8008
22.659573 75.815 106.9328
22.823774 75.837 105.0454
22.989164 75.854 103.1351
23.155753 75.866 101.2100
23.323549 75.871 99.2597
23.492562 75.867 97.2988
23.662798 75.855 95.3138
23.834269 75.832 93.3222
24.006982 75.798 91.3123
24.180946 75.752 89.3002
24.356171 75.693 87.2808
24.532666 75.620 85.2665
24.710440 75.535 83.2612
24.889502 75.435 81.2734
25.069862 75.321 79.3155
25.251528 75.192 77.3933
25.434511 75.049 75.5251
25.618820 74.892 73.7172
25.804465 74.720 71.9905
25.991454 74.534 70.3540
26.179799 74.334 68.8285
26.369509 74.121 67.4270
26.560593 73.895 66.1692
26.753062 73.658 65.0717
26.946926 73.412 64.1557
27.142194 73.159 63.4370
27.338878 72.901 62.9400
27.536987 72.644 62.6743
27.736531 72.391 62.6661
27.937521 72.150 62.9109
28.139968 71.928 63.4290
28.343882 71.733 64.1939
28.549273 71.573 65.2012
28.756153 71.456 66.4011
28.964532 71.389 67.7427
29.174421 71.378 69.1716
29.385831 71.423 70.5896
29.598773 71.524 71.9496
29.813258 71.676 73.1510
30.029297 71.872 74.1599
30.246902 72.104 74.9210
30.466083 72.362 75.4113
30.686853 72.638 75.6250
30.909222 72.924 75.5555
31.133203 73.213 75.2212
31.358807 73.499 74.6309
31.586046 73.778 73.8096
31.814932 74.047 72.7731
32.045476 74.303 71.5431
32.277691 74.543 70.1392
32.511588 74.769 68.5728
32.747180 74.976 66.8663
32.984480 75.166 65.0295
33.223499 75.337 63.0713
33.464250 75.489 61.0106
33.706746 75.620 58.8519
33.950999 75.731 56.6040
34.197022 75.819 54.2851
34.444828 75.883 51.8987
34.694429 75.923 49.4533
34.945839 75.938 46.9684
35.199071 75.924 44.4533
35.454138 75.881 41.9280
35.711054 75.809 39.4203
35.969831 75.707 36.9380
36.230483 75.575 34.4933
36.493024 75.412 32.1155
36.757467 75.217 29.8259
37.023827 74.990 27.6444
37.292117 74.732 25.5981
37.562351 74.444 23.7205
37.834543 74.128 22.0383
38.108708 73.786 20.5842
38.384859 73.421 19.3923
38.663012 73.037 18.4952
38.943180 72.641 17.9255
39.225378 72.239 17.7159
39.509622 71.840 17.8928
39.795925 71.454 18.4664
40.084302 71.093 19.4409
40.374770 70.770 20.8032
40.667342 70.496 22.5172
40.962034 70.285 24.5186
41.258862 70.144 26.7217
41.557841 70.079 29.0307
41.858986 70.090 31.3440
42.162313 70.175 33.5651
42.467839 70.326 35.6120
42.775578 70.535 37.4232
43.085548 70.792 38.9595
43.397763 71.087 40.2010
43.712242 71.412 41.1409
44.028998 71.760 41.7815
44.348051 72.126 42.1294
44.669415 72.505 42.1920
44.993108 72.894 41.9754
45.319147 73.289 41.4818
45.647548 73.689 40.7121
45.978329 74.089 39.6660
46.311507 74.487 38.3430
46.647099 74.880 36.7433
46.985123 75.265 34.8685
47.325597 75.638 32.7227
47.668537 75.996 30.3134
48.013963 76.335 27.6510
48.361892 76.652 24.7495
48.712342 76.944 21.6249
49.065332 77.208 18.2945
49.420880 77.440 14.7787
49.779004 77.640 11.0980
50.139723 77.804 7.2724
50.503056 77.932 3.3229
50.869022 78.023 -0.7305
51.237640 78.076 -4.8682
51.608929 78.091 -9.0717
51.982909 78.069 -13.3245
52.359598 78.010 -17.6117
52.739018 77.917 -21.9210
53.121186 77.790 -26.2432
53.506124 77.631 -30.5715
53.893852 77.442 -34.9044
54.284389 77.226 -39.2433
54.677756 76.985 -43.5939
55.073973 76.720 -47.9669
55.473062 76.434 -52.3775
55.875043 76.127 -56.8451
56.279936 75.802 -61.3925
56.687764 75.459 -66.0459
57.098547 75.097 -70.8351
57.512306 74.716 -75.7924
57.929064 74.317 -80.9536
58.348842 73.896 -86.3580
58.771662 73.455 -92.0459
59.197546 72.990 -98.0607
59.626515 72.503 -104.4484
60.058594 71.993 -111.2565
60.493803 71.462 -118.5350
60.932166 70.915 -126.3336
61.373706 70.360 -134.6935
61.818445 69.806 -143.6417
62.266407 69.270 -153.1808
62.717615 68.767 -163.2817
63.172093 68.318 -173.8663
63.629864 67.938 175.2064
64.090952 67.640 164.1298
64.555381 67.426 153.1187
65.023176 67.288 142.3855
65.494361 67.209 132.1213
65.968960 67.170 122.4683
66.446998 67.147 113.5027
66.928501 67.118 105.2714
67.413492 67.067 97.7972
67.901998 66.978 91.0804
68.394044 66.842 85.1299
68.889655 66.651 79.9707
69.388858 66.401 75.6411
69.891679 66.093 72.2141
70.398142 65.732 69.7996
70.908276 65.334 68.5453
71.422107 64.927 68.6279
71.939661 64.559 70.2133
72.460965 64.304 73.3646
72.986047 64.252 77.8873
73.514934 64.479 83.2394
74.047654 65.011 88.5779
74.584234 65.806 93.1110
75.124702 66.779 96.3333
75.669086 67.840 98.1223
76.217416 68.921 98.5741
76.769719 69.977 97.8926
77.326024 70.981 96.2834
77.886360 71.920 93.9329
78.450757 72.787 90.9910
79.019243 73.580 87.5792
79.591849 74.299 83.7948
80.168605 74.945 79.7151
80.749539 75.520 75.4058
81.334684 76.026 70.9208
81.924068 76.465 66.3046
82.517724 76.839 61.5993
83.115681 77.149 56.8362
83.717972 77.398 52.0469
84.324627 77.586 47.2587
84.935678 77.717 42.4922
85.551157 77.789 37.7721
86.171096 77.804 33.1186
86.795527 77.762 28.5513
87.424483 77.663 24.0931
88.057997 77.506 19.7693
88.696102 77.291 15.6072
89.338830 77.015 11.6405
89.986216 76.679 7.9119
90.638293 76.280 4.4720
91.295096 75.819 1.3834
91.956658 75.294 -1.2759
92.623013 74.708 -3.4084
93.294198 74.067 -4.8949
93.970246 73.380 -5.5928
94.651193 72.666 -5.3400
95.337075 71.955 -3.9720
96.027927 71.294 -1.3646
96.723785 70.746 2.4894
97.424685 70.379 7.3862
98.130664 70.251 12.8662
98.841760 70.378 18.3050
99.558008 70.730 23.1161
100.279446 71.246 26.9277
101.006112 71.859 29.6161
101.738044 72.513 31.2343
102.475280 73.170 31.9202
103.217858 73.806 31.8326
103.965817 74.406 31.1191
104.719197 74.965 29.9050
105.478035 75.477 28.2919
106.242372 75.943 26.3616
107.012248 76.364 24.1806
107.787703 76.741 21.8024
108.568777 77.073 19.2717
109.355511 77.364 16.6282
110.147947 77.614 13.9061
110.946124 77.825 11.1365
111.750085 77.999 8.3487
112.559873 78.137 5.5697
113.375528 78.243 2.8247
114.197094 78.317 0.1372
115.024613 78.365 -2.4716
115.858129 78.389 -4.9841
116.697684 78.392 -7.3863
117.543324 78.378 -9.6690
118.395091 78.351 -11.8285
119.253031 78.316 -13.8657
120.117188 78.276 -15.7873
120.987606 78.233 -17.6039
121.864332 78.189 -19.3302
122.747411 78.147 -20.9821
123.636890 78.107 -22.5752
124.532814 78.070 -24.1241
125.435230 78.034 -25.6403
126.344185 77.999 -27.1320
127.259727 77.965 -28.6041
128.181904 77.930 -30.0581
129.110763 77.895 -31.4932
130.046352 77.858 -32.9071
130.988722 77.821 -34.2972
131.937920 77.784 -35.6610
132.893997 77.748 -36.9969
133.857001 77.713 -38.3049
134.826984 77.681 -39.5878
135.803996 77.653 -40.8505
136.788088 77.630 -42.0999
137.779311 77.613 -43.3447
138.777717 77.602 -44.5948
139.783357 77.598 -45.8607
140.796285 77.600 -47.1528
141.816553 77.609 -48.4813
142.844214 77.623 -49.8555
143.879322 77.642 -51.2846
144.921931 77.665 -52.7780
145.972095 77.692 -54.3447
147.029869 77.719 -55.9935
148.095308 77.746 -57.7326
149.168468 77.770 -59.5688
150.249404 77.791 -61.5076
151.338173 77.804 -63.5515
152.434832 77.807 -65.6996
153.539437 77.798 -67.9473
154.652047 77.772 -70.2867
155.772720 77.729 -72.7064
156.901513 77.666 -75.1915
158.038486 77.580 -77.7245
159.183698 77.471 -80.2863
160.337209 77.337 -82.8574
161.499079 77.179 -85.4180
162.669367 76.996 -87.9498
163.848137 76.791 -90.4357
165.035448 76.562 -92.8615
166.231363 76.312 -95.2162
167.435944 76.042 -97.4920
168.649254 75.753 -99.6844
169.871356 75.445 -101.7925
171.102314 75.119 -103.8183
172.342191 74.774 -105.7635
173.591054 74.408 -107.6290
174.848966 74.019 -109.4121
176.115994 73.601 -111.1011
177.392203 73.150 -112.6712
178.677660 72.659 -114.0808
179.972432 72.125 -115.2652
181.276587 71.542 -116.1315
182.590191 70.908 -116.5510
183.913315 70.227 -116.3536
185.246027 69.510 -115.3275
186.588396 68.786 -113.2341
187.940492 68.106 -109.8563
189.302387 67.548 -105.1080
190.674150 67.203 -99.1945
192.055853 67.147 -92.7132
193.447569 67.399 -86.5209
194.849370 67.906 -81.3856
196.261329 68.577 -77.7166
197.683519 69.322 -75.5614
199.116016 70.075 -74.7562
200.558892 70.794 -75.0661
202.012225 71.457 -76.2625
203.476089 72.053 -78.1498
204.950560 72.577 -80.5693
206.435716 73.029 -83.3956
207.931635 73.413 -86.5297
209.438393 73.730 -89.8932
210.956070 73.986 -93.4236
212.484745 74.182 -97.0711
214.024497 74.324 -100.7961
215.575406 74.416 -104.5672
217.137555 74.461 -108.3600
218.711023 74.461 -112.1556
220.295893 74.422 -115.9412
221.892248 74.346 -119.7076
223.500171 74.236 -123.4510
225.119745 74.093 -127.1704
226.751056 73.921 -130.8665
228.394187 73.718 -134.5428
230.049226 73.487 -138.2043
231.716257 73.227 -141.8555
233.395369 72.936 -145.5010
235.086648 72.613 -149.1449
236.790182 72.255 -152.7892
238.506062 71.859 -156.4321
240.234375 71.420 -160.0691
241.975212 70.933 -163.6904
243.728664 70.393 -167.2822
245.494823 69.793 -170.8232
247.273780 69.124 -174.2852
249.065627 68.378 -177.6301
250.870459 67.542 179.1931
252.688370 66.604 176.2549
254.519454 65.544 173.6576
256.363807 64.342 171.5560
258.221525 62.966 170.2002
260.092705 61.381 170.0179
261.977444 59.552 171.7905
263.875840 57.478 177.0068
265.787993 55.333 -171.6543
267.714003 53.798 -151.5740
269.653969 53.876 -127.5881
271.607992 55.345 -110.2468
273.576176 57.170 -101.0726
275.558622 58.843 -96.9520
277.555433 60.266 -95.6075
279.566714 61.458 -95.8229
281.592570 62.458 -96.9551
283.633106 63.303 -98.6481
285.688428 64.023 -100.6978
287.758644 64.640 -102.9846
289.843862 65.173 -105.4376
291.944190 65.634 -108.0152
294.059738 66.032 -110.6935
296.190616 66.374 -113.4562
298.336935 66.663 -116.2892
300.498808 66.902 -119.1787
302.676346 67.091 -122.1086
304.869664 67.232 -125.0586
307.078875 67.323 -128.0056
309.304095 67.365 -130.9219
311.545440 67.358 -133.7754
313.803027 67.300 -136.5278
316.076973 67.193 -139.1324
318.367397 67.035 -141.5309
320.674418 66.830 -143.6506
322.998157 66.581 -145.4048
325.338735 66.298 -146.6934
327.696273 65.995 -147.4115
330.070896 65.694 -147.4663
332.462726 65.427 -146.8074
334.871888 65.232 -145.4641
337.298507 65.144 -143.5811
339.742711 65.191 -141.4221
342.204627 65.383 -139.3252
344.684383 65.704 -137.6160
347.182108 66.123 -136.5317
349.697933 66.602 -136.1873
352.231988 67.106 -136.5897
354.784406 67.604 -137.6748
357.355320 68.076 -139.3433
359.944864 68.507 -141.4849
362.553173 68.889 -143.9912
365.180383 69.219 -146.7615
367.826630 69.494 -149.7037
370.492054 69.715 -152.7357
373.176792 69.886 -155.7832
375.880985 70.010 -158.7795
378.604773 70.094 -161.6665
381.348300 70.145 -164.3954
384.111707 70.171 -166.9302
386.895138 70.183 -169.2510
389.698740 70.191 -171.3562
392.522658 70.204 -173.2656
395.367039 70.231 -175.0194
398.232031 70.277 -176.6744
401.117785 70.345 -178.2949
404.024450 70.435 -179.9459
406.952177 70.540 178.3177
409.901120 70.655 176.4570
412.871433 70.771 174.4536
415.863270 70.880 172.3107
418.876786 70.976 170.0493
421.912140 71.051 167.7048
424.969489 71.103 165.3221
428.048993 71.129 162.9514
431.150813 71.131 160.6454
434.275109 71.112 158.4529
437.422046 71.077 156.4149
440.591786 71.033 154.5625
443.784496 70.987 152.9111
447.000341 70.949 151.4580
450.239490 70.927 150.1816
453.502111 70.927 149.0452
456.788374 70.953 148.0011
460.098451 71.007 146.9979
463.432514 71.088 145.9877
466.790737 71.194 144.9312
470.173295 71.322 143.8013
473.580365 71.467 142.5808
477.012124 71.627 141.2598
480.468750 71.800 139.8307
483.950425 71.982 138.2852
487.457329 72.174 136.6133
490.989646 72.371 134.8032
494.547559 72.571 132.8435
498.131254 72.771 130.7258
501.740919 72.967 128.4462
505.376740 73.154 126.0076
509.038909 73.328 123.4194
512.727614 73.487 120.6968
516.443050 73.628 117.8589
520.185409 73.748 114.9272
523.954887 73.848 111.9232
527.751680 73.925 108.8662
531.575987 73.981 105.7739
535.428005 74.016 102.6597
539.307937 74.031 99.5334
543.215985 74.026 96.4023
547.152352 74.001 93.2714
551.117243 73.958 90.1439
555.110866 73.895 87.0227
559.133428 73.812 83.9109
563.185140 73.708 80.8127
567.266211 73.583 77.7324
571.376856 73.436 74.6763
575.517288 73.265 71.6516
579.687724 73.069 68.6663
583.888380 72.847 65.7305
588.119476 72.597 62.8567
592.381232 72.316 60.0620
596.673871 72.003 57.3699
600.997615 71.656 54.8098
605.352692 71.273 52.4202
609.739327 70.855 50.2487
614.157750 70.400 48.3527
618.608190 69.913 46.7983
623.090880 69.401 45.6558
627.606053 68.872 44.9924
632.153945 68.341 44.8630
636.734793 67.827 45.2937
641.348836 67.349 46.2688
645.996314 66.927 47.7191
650.677470 66.578 49.5269
655.392547 66.308 51.5415
660.141792 66.117 53.6123
664.925451 65.996 55.6182
669.743775 65.931 57.4871
674.597014 65.909 59.1943
679.485423 65.918 60.7556
684.409254 65.953 62.2052
689.368766 66.013 63.5776
694.364216 66.097 64.8938
699.395865 66.212 66.1509
704.463976 66.359 67.3225
709.568812 66.540 68.3630
714.710640 66.754 69.2179
719.889728 66.996 69.8358
725.106346 67.257 70.1804
730.360766 67.530 70.2329
735.653261 67.805 69.9937
740.984108 68.076 69.4774
746.353584 68.335 68.7080
751.761970 68.578 67.7135
757.209547 68.801 66.5212
762.696599 69.001 65.1564
768.223413 69.177 63.6428
773.790277 69.325 62.0049
779.397480 69.444 60.2686
785.045315 69.530 58.4639
790.734077 69.584 56.6262
796.464062 69.603 54.7960
802.235569 69.588 53.0183
808.048899 69.541 51.3402
813.904354 69.466 49.8080
819.802241 69.369 48.4629
825.742866 69.256 47.3351
831.726539 69.137 46.4403
837.753572 69.023 45.7742
843.824280 68.919 45.3103
849.938979 68.836 45.0032
856.097987 68.777 44.7932
862.301626 68.741 44.6165
868.550219 68.725 44.4174
874.844092 68.725 44.1573
881.183573 68.733 43.8202
887.568992 68.743 43.4120
894.000683 68.750 42.9597
900.478980 68.751 42.5001
907.004222 68.748 42.0715
913.576749 68.744 41.7039
920.196903 68.746 41.4087
926.865029 68.759 41.1746
933.581475 68.790 40.9653
940.346591 68.841 40.7264
947.160730 68.910 40.3944
954.024247 68.992 39.9117
960.937500 69.079 39.2389
967.900849 69.159 38.3623
974.914658 69.221 37.2957
981.979291 69.255 36.0802
989.095118 69.255 34.7795
996.262509 69.215 33.4722
1003.481838 69.135 32.2450
1010.753481 69.018 31.1869
1018.077817 68.872 30.3802
1025.455229 68.707 29.8918
1032.886100 68.540 29.7629
1040.370819 68.387 29.9972
1047.909774 68.265 30.5564
1055.503361 68.188 31.3601
1063.151973 68.165 32.2959
1070.856010 68.199 33.2383
1078.615875 68.284 34.0726
1086.431970 68.409 34.7136
1094.304704 68.563 35.1144
1102.234487 68.733 35.2637
1110.221732 68.907 35.1788
1118.266856 69.079 34.8965
1126.370279 69.243 34.4595
1134.532422 69.398 33.9081
1142.753712 69.545 33.2743
1151.034577 69.685 32.5790
1159.375448 69.822 31.8311
1167.776760 69.956 31.0276
1176.238952 70.089 30.1571
1184.762464 70.222 29.2052
1193.347741 70.353 28.1581
1201.995231 70.479 27.0055
1210.705384 70.598 25.7430
1219.478654 70.706 24.3744
1228.315499 70.801 22.9084
1237.216380 70.880 21.3582
1246.181760 70.942 19.7395
1255.212106 70.986 18.0693
1264.307891 71.011 16.3641
1273.469587 71.017 14.6377
1282.697672 71.005 12.9021
1291.992628 70.974 11.1670
1301.354940 70.924 9.4398
1310.785094 70.857 7.7260
1320.283583 70.771 6.0303
1329.850902 70.666 4.3597
1339.487550 70.541 2.7219
1349.194029 70.394 1.1270
1358.970845 70.225 -0.4106
1368.818508 70.031 -1.8715
1378.737531 69.812 -3.2306
1388.728432 69.568 -4.4581
1398.791730 69.297 -5.5195
1408.927952 69.002 -6.3744
1419.137625 68.685 -6.9780
1429.421281 68.348 -7.2804
1439.779457 67.999 -7.2290
1450.212692 67.647 -6.7737
1460.721531 67.303 -5.8722
1471.306521 66.985 -4.5009
1481.968215 66.710 -2.6688
1492.707168 66.497 -0.4291
1503.523939 66.365 2.1151
1514.419093 66.324 4.8175
1525.393198 66.379 7.5109
1536.446826 66.523 10.0342
1547.580553 66.744 12.2579
1558.794960 67.027 14.0968
1570.090631 67.353 15.5090
1581.468155 67.707 16.4863
1592.928125 68.077 17.0416
1604.471139 68.452 17.1986
1616.097798 68.824 16.9839
1627.808709 69.187 16.4238
1639.604482 69.535 15.5450
1651.485732 69.864 14.3723
1663.453078 70.169 12.9325
1675.507145 70.447 11.2535
1687.648560 70.693 9.3662
1699.877958 70.906 7.3029
1712.195974 71.084 5.0974
1724.603252 71.224 2.7843
1737.100438 71.327 0.3981
1749.688184 71.392 -2.0288
1762.367146 71.420 -4.4650
1775.137984 71.413 -6.8823
1788.001366 71.370 -9.2545
1800.957961 71.295 -11.5568
1814.008445 71.188 -13.7662
1827.153498 71.052 -15.8617
1840.393805 70.888 -17.8218
1853.730057 70.699 -19.6255
1867.162949 70.488 -21.2516
1880.693182 70.258 -22.6788
1894.321460 70.013 -23.8861
1908.048494 69.757 -24.8545
1921.875000 69.496 -25.5692
1935.801698 69.238 -26.0223
1949.829316 68.987 -26.2145
1963.958583 68.753 -26.1577
1978.190236 68.542 -25.8777
1992.525018 68.360 -25.4115
2006.963676 68.213 -24.8063
2021.506962 68.103 -24.1150
2036.155634 68.030 -23.3915
2050.910458 67.993 -22.6873
2065.772200 67.989 -22.0468
2080.741637 68.014 -21.5054
2095.819549 68.063 -21.0895
2111.006721 68.132 -20.8175
2126.303946 68.214 -20.7003
2141.712021 68.305 -20.7423
2157.231749 68.401 -20.9437
2172.863940 68.496 -21.2990
2188.609407 68.588 -21.7985
2204.468973 68.671 -22.4293
2220.443464 68.744 -23.1743
2236.533713 68.803 -24.0128
2252.740558 68.847 -24.9219
2269.064845 68.874 -25.8768
2285.507424 68.885 -26.8522
2302.069153 68.879 -27.8226
2318.750895 68.857 -28.7638
2335.553520 68.822 -29.6533
2352.477904 68.776 -30.4728
2369.524928 68.722 -31.2074
2386.695483 68.663 -31.8473
2403.990462 68.604 -32.3890
2421.410768 68.548 -32.8354
2438.957308 68.498 -33.1963
2456.630998 68.459 -33.4872
2474.432759 68.431 -33.7280
2492.363519 68.417 -33.9420
2510.424213 68.417 -34.1536
2528.615781 68.430 -34.3875
2546.939174 68.455 -34.6656
2565.395345 68.489 -35.0066
2583.985257 68.529 -35.4229
2602.709879 68.572 -35.9210
2621.570188 68.613 -36.5004
2640.567166 68.651 -37.1528
2659.701804 68.681 -37.8634
2678.975100 68.701 -38.6111
2698.388058 68.711 -39.3699
2717.941690 68.709 -40.1117
2737.637016 68.699 -40.8077
2757.475062 68.682 -41.4326
2777.456863 68.661 -41.9659
2797.583461 68.644 -42.3961
2817.855904 68.635 -42.7233
2838.275249 68.639 -42.9614
2858.842562 68.663 -43.1381
2879.558913 68.710 -43.2920
2900.425384 68.782 -43.4712
2921.443062 68.878 -43.7263
2942.613043 68.996 -44.1064
2963.936430 69.130 -44.6516
2985.414335 69.273 -45.3901
3007.047878 69.420 -46.3375
3028.838187 69.561 -47.4954
3050.786397 69.690 -48.8531
3072.893653 69.801 -50.3885
3095.161107 69.887 -52.0710
3117.589920 69.944 -53.8634
3140.181262 69.970 -55.7228
3162.936310 69.961 -57.6021
3185.856250 69.919 -59.4515
3208.942278 69.843 -61.2202
3232.195596 69.739 -62.8591
3255.617418 69.609 -64.3230
3279.208964 69.460 -65.5739
3302.971464 69.302 -66.5854
3326.906156 69.143 -67.3481
3351.014290 68.992 -67.8702
3375.297121 68.859 -68.1793
3399.755915 68.751 -68.3220
3424.391948 68.672 -68.3569
3449.206504 68.624 -68.3470
3474.200876 68.605 -68.3538
3499.376367 68.612 -68.4283
3524.734291 68.637 -68.6068
3550.275969 68.675 -68.9087
3576.002732 68.718 -69.3375
3601.915922 68.760 -69.8827
3628.016889 68.796 -70.5228
3654.306995 68.822 -71.2281
3680.787610 68.834 -71.9641
3707.460115 68.834 -72.6932
3734.325899 68.822 -73.3790
3761.386364 68.800 -73.9878
3788.642920 68.774 -74.4928
3816.096988 68.747 -74.8762
3843.750000 68.728 -75.1345
3871.603397 68.723 -75.2795
3899.658631 68.737 -75.3387
3927.917165 68.775 -75.3535
3956.380472 68.839 -75.3743
3985.050036 68.928 -75.4552
4013.927351 69.040 -75.6467
4043.013923 69.169 -75.9886
4072.311269 69.307 -76.5066
4101.820915 69.448 -77.2107
4131.544400 69.585 -78.0969
4161.483274 69.710 -79.1492
4191.639097 69.819 -80.3417
4222.013442 69.907 -81.6417
4252.607892 69.972 -83.0126
4283.424042 70.012 -84.4153
4314.463498 70.027 -85.8116
4345.727879 70.018 -87.1648
4377.218815 69.988 -88.4415
4408.937947 69.941 -89.6144
4440.886929 69.880 -90.6632
4473.067426 69.812 -91.5778
4505.481116 69.740 -92.3585
4538.129690 69.670 -93.0161
4571.014848 69.605 -93.5693
4604.138306 69.547 -94.0416
4637.501790 69.498 -94.4581
4671.107040 69.457 -94.8413
4704.955807 69.423 -95.2089
4739.049856 69.393 -95.5709
4773.390965 69.367 -95.9307
4807.980924 69.341 -96.2864
4842.821536 69.315 -96.6327
4877.914617 69.289 -96.9624
4913.261997 69.262 -97.2684
4948.865519 69.236 -97.5461
4984.727038 69.209 -97.7927
5020.848425 69.184 -98.0095
5057.231563 69.162 -98.2013
5093.878347 69.141 -98.3751
5130.790689 69.121 -98.5386
5167.970514 69.102 -98.6965
5205.419759 69.082 -98.8496
5243.140376 69.058 -98.9921
5281.134332 69.030 -99.1108
5319.403609 68.996 -99.1863
5357.950200 68.957 -99.1945
5396.776116 68.915 -99.1122
5435.883380 68.874 -98.9207
5475.274032 68.839 -98.6111
5514.950125 68.815 -98.1880
5554.913727 68.807 -97.6703
5595.166922 68.820 -97.0903
5635.711808 68.854 -96.4886
5676.550498 68.910 -95.9084
5717.685123 68.987 -95.3896
5759.117827 69.080 -94.9639
5800.850769 69.184 -94.6504
5842.886124 69.294 -94.4579
5885.226086 69.406 -94.3850
5927.872860 69.516 -94.4230
5970.828671 69.620 -94.5602
6014.095756 69.716 -94.7845
6057.676373 69.802 -95.0833
6101.572794 69.877 -95.4448
6145.787305 69.938 -95.8562
6190.322213 69.984 -96.3040
6235.179840 70.013 -96.7705
6280.362523 70.025 -97.2351
6325.872619 70.019 -97.6733
6371.712500 69.995 -98.0588
6417.884555 69.954 -98.3654
6464.391192 69.899 -98.5676
6511.234836 69.834 -98.6453
6558.417927 69.762 -98.5834
6605.942927 69.688 -98.3748
6653.812313 69.617 -98.0205
6702.028580 69.553 -97.5289
6750.594241 69.499 -96.9165
6799.511830 69.461 -96.2037
6848.783896 69.439 -95.4163
6898.413007 69.435 -94.5826
6948.401751 69.450 -93.7329
6998.752735 69.484 -92.8962
7049.468582 69.533 -92.0994
7100.551937 69.596 -91.3643
7152.005464 69.669 -90.7081
7203.831844 69.748 -90.1401
7256.033779 69.828 -89.6611
7308.613991 69.908 -89.2639
7361.575220 69.982 -88.9362
7414.920229 70.048 -88.6605
7468.651798 70.107 -88.4183
7522.772727 70.158 -88.1919
7577.285840 70.200 -87.9648
7632.193976 70.235 -87.7250
7687.500000 70.265 -87.4648
7743.206794 70.289 -87.1808
7799.317262 70.310 -86.8727
7855.834330 70.328 -86.5413
7912.760944 70.344 -86.1877
7970.100072 70.358 -85.8134
8027.854702 70.370 -85.4183
8086.027847 70.379 -85.0002
8144.622538 70.386 -84.5559
8203.641830 70.392 -84.0825
8263.088801 70.397 -83.5762
8322.966548 70.401 -83.0330
8383.278195 70.406 -82.4514
8444.026884 70.413 -81.8307
8505.215784 70.424 -81.1730
8566.848084 70.439 -80.4838
8628.926996 70.461 -79.7722
8691.455758 70.489 -79.0504
8754.437630 70.523 -78.3322
8817.875894 70.565 -77.6311
8881.773857 70.611 -76.9598
8946.134852 70.661 -76.3275
9010.962233 70.712 -75.7401
9076.259380 70.764 -75.1995
9142.029697 70.813 -74.7036
9208.276612 70.858 -74.2477
9275.003581 70.897 -73.8241
9342.214080 70.930 -73.4238
9409.911614 70.957 -73.0383
9478.099713 70.976 -72.6581
9546.781930 70.987 -72.2748
9615.961848 70.992 -71.8810
9685.643071 70.991 -71.4709
9755.829233 70.984 -71.0397
9826.523994 70.971 -70.5835
9897.731037 70.954 -70.0990
9969.454076 70.932 -69.5842
10041.696850 70.908 -69.0371
10114.463125 70.880 -68.4565
10187.756694 70.851 -67.8422
10261.581379 70.820 -67.1946
10335.941028 70.789 -66.5149
10410.839517 70.757 -65.8051
10486.280752 70.726 -65.0684
10562.268665 70.696 -64.3085
10638.807218 70.666 -63.5305
10715.900400 70.639 -62.7385
10793.552232 70.612 -61.9374
10871.766761 70.587 -61.1311
10950.548064 70.562 -60.3234
11029.900250 70.537 -59.5162
11109.827454 70.512 -58.7108
11190.333843 70.485 -57.9056
11271.423615 70.457 -57.0990
11353.100997 70.427 -56.2887
11435.370247 70.395 -55.4722
11518.235653 70.361 -54.6469
11601.701537 70.325 -53.8112
11685.772249 70.287 -52.9631
11770.452172 70.246 -52.1019
11855.745720 70.204 -51.2257
11941.657341 70.160 -50.3328
12028.191513 70.114 -49.4218
12115.352747 70.067 -48.4910
12203.145587 70.018 -47.5378
12291.574610 69.969 -46.5608
12380.644427 69.919 -45.5593
12470.359680 69.870 -44.5337
12560.725047 69.821 -43.4852
12651.745238 69.775 -42.4170
12743.425000 69.730 -41.3328
12835.769110 69.687 -40.2374
12928.782385 69.648 -39.1365
13022.469671 69.610 -38.0352
13116.835855 69.575 -36.9397
13211.885854 69.542 -35.8555
13307.624625 69.509 -34.7861
13404.057159 69.477 -33.7344
13501.188483 69.444 -32.7002
13599.023660 69.409 -31.6805
13697.567791 69.371 -30.6708
13796.826014 69.331 -29.6655
13896.803503 69.287 -28.6580
13997.505470 69.241 -27.6415
14098.937164 69.192 -26.6112
14201.103875 69.143 -25.5637
14304.010928 69.093 -24.4977
14407.663687 69.043 -23.4136
14512.067557 68.995 -22.3134
14617.227981 68.950 -21.2021
14723.150441 68.907 -20.0857
14829.840458 68.869 -18.9705
14937.303595 68.834 -17.8638
15045.545455 68.802 -16.7738
15154.571679 68.775 -15.7080
15264.387953 68.750 -14.6726
15375.000000 68.728 -13.6731
15486.413588 68.706 -12.7133
15598.634525 68.686 -11.7949
15711.668661 68.664 -10.9177
15825.521888 68.642 -10.0793
15940.200144 68.617 -9.2767
16055.709405 68.590 -8.5057
16172.055694 68.562 -7.7623
16289.245076 68.532 -7.0438
16407.283660 68.500 -6.3486
16526.177601 68.468 -5.6758
16645.933097 68.436 -5.0261
16766.556390 68.405 -4.4020
16888.053769 68.375 -3.8073
17010.431568 68.348 -3.2457
17133.696167 68.324 -2.7236
17257.853993 68.302 -2.2489
17382.911517 68.285 -1.8275
17508.875259 68.271 -1.4657
17635.751787 68.260 -1.1896
17763.547714 68.250 -1.0059
17892.269704 68.239 -0.8745
18021.924466 68.232 -0.8124
18152.518759 68.228 -0.8456
18284.059393 68.227 -0.9829
18416.553225 68.227 -1.2329
18550.007161 68.227 -1.6033
18684.428160 68.226 -2.1005
18819.823228 68.222 -2.7291
18956.199425 68.214 -3.4943
19093.563861 68.199 -4.3994
19231.923695 68.178 -5.4459
19371.286142 68.147 -6.6348
19511.658467 68.103 -7.9661
19653.047987 68.045 -9.4397
19795.462074 67.969 -11.0548
19938.908153 67.871 -12.8185
20083.393701 67.739 -14.5999
20228.926250 67.571 -16.3481
20375.513389 67.365 -18.1936
20523.162758 67.115 -20.1244
20671.882055 66.811 -22.1273
20821.679034 66.444 -24.1880
20972.561504 66.000 -26.2909
21124.537330 65.465 -28.4203
21277.614435 64.822 -30.5602
21431.800801 64.051 -32.6953
21587.104464 63.127 -34.8112
21743.533521 62.023 -36.8947
21901.096129 60.707 -38.9341
22059.800499 59.140 -40.9203
22219.654907 57.276 -42.8451
22380.667686 55.062 -44.7028
22542.847230 52.432 -46.4897
22706.201994 49.308 -48.2032
22870.740494 45.594 -49.8429
23036.471307 41.179 -51.4091
23203.403074 35.941 -52.9033
23371.544498 29.760 -54.3281
23540.904344 22.574 -55.6866
23711.491441 14.443 -56.9824
23883.314682 6.000 -58.2195
