* Measurement data measured by REW V5.40 beta 133
* Source: U18dB [plughw:3,0], Mic (Mic), R, Volume: 1.000. Timing signal peak level -25.7 dBFS, measurement signal peak level -14.5 dBFS
* Format: 512k Log Swept Sine, 1 sweep at -12.0 dBFS using an acoustic timing reference
* Dated: Sep 10, 2026, 11:14:51 AM
* REW Settings:
*  C-weighting compensation: Off
*  Target level: 75.0 dB
* Note: ; 10 sept 2026  Position MLP+20cm AHEAD 3.98m from front wall 3.13/3.14m from RLand L speaker  2 screen panels prolongation - new setup DAC level -29dB MIC HEIGHT: 1.000m mic boom arm height: 1.040 -12dBFS OKTO -28dB DELAY -0.0287 ms (-9.9 mm, -0.39 in) using estimated IR delay relative to Acoustic reference played from DAC8STEREO L with no timing offset Clock adjustment: -14.8 ppm
* Measurement: L 120.green.1
* Smoothing: 1/48 octave
* Frequency Step: 96 ppo
* Start Frequency: 15.014648 Hz
*
* Freq(Hz) SPL(dB) Phase(degrees)
15.014648 68.382 -156.5865
15.123451 68.574 -157.6702
15.233042 68.802 -158.7492
15.343426 69.031 -159.8476
15.454611 69.254 -160.9753
15.566602 69.474 -162.1198
15.679404 69.687 -163.3002
15.793023 69.893 -164.5332
15.907466 70.093 -165.8095
16.022738 70.287 -167.1357
16.138845 70.473 -168.5218
16.255794 70.654 -169.9697
16.373590 70.829 -171.4757
16.492240 70.997 -173.0354
16.611750 71.160 -174.6567
16.732125 71.319 -176.3342
16.853373 71.472 -178.0493
16.975500 71.622 -179.8101
17.098511 71.768 178.3865
17.222414 71.911 176.5667
17.347215 72.052 174.7234
17.472920 72.191 172.8582
17.599536 72.326 170.9970
17.727069 72.460 169.1289
17.855527 72.590 167.2589
17.984915 72.717 165.4070
18.115241 72.842 163.5587
18.246512 72.962 161.7231
18.378734 73.077 159.9131
18.511914 73.188 158.1120
18.646058 73.292 156.3348
18.781175 73.391 154.5847
18.917272 73.483 152.8497
19.054354 73.569 151.1506
19.192430 73.648 149.4788
19.331506 73.720 147.8351
19.471590 73.786 146.2373
19.612689 73.845 144.6711
19.754811 73.900 143.1483
19.897962 73.950 141.6749
20.042151 73.997 140.2431
20.187385 74.042 138.8613
20.333671 74.086 137.5283
20.481017 74.130 136.2380
20.629431 74.175 134.9897
20.778920 74.223 133.7814
20.929493 74.274 132.5955
21.081157 74.328 131.4377
21.233919 74.387 130.2889
21.387789 74.450 129.1399
21.542774 74.518 127.9891
21.698882 74.589 126.8117
21.856121 74.663 125.6143
22.014499 74.740 124.3777
22.174025 74.818 123.0996
22.334708 74.897 121.7770
22.496554 74.976 120.3988
22.659573 75.053 118.9713
22.823774 75.127 117.4897
22.989164 75.198 115.9545
23.155753 75.264 114.3728
23.323549 75.325 112.7378
23.492562 75.380 111.0659
23.662798 75.428 109.3465
23.834269 75.467 107.5996
24.006982 75.497 105.8161
24.180946 75.517 104.0136
24.356171 75.527 102.1879
24.532666 75.524 100.3525
24.710440 75.509 98.5095
24.889502 75.480 96.6678
25.069862 75.437 94.8365
25.251528 75.380 93.0211
25.434511 75.308 91.2359
25.618820 75.221 89.4862
25.804465 75.119 87.7902
25.991454 75.003 86.1559
26.179799 74.873 84.6028
26.369509 74.730 83.1441
26.560593 74.576 81.7991
26.753062 74.413 80.5859
26.946926 74.244 79.5244
27.142194 74.072 78.6322
27.338878 73.900 77.9302
27.536987 73.734 77.4267
27.736531 73.577 77.1408
27.937521 73.438 77.0610
28.139968 73.320 77.1974
28.343882 73.230 77.5126
28.549273 73.175 77.9931
28.756153 73.157 78.5829
28.964532 73.181 79.2315
29.174421 73.246 79.8921
29.385831 73.352 80.4820
29.598773 73.494 80.9738
29.813258 73.668 81.2918
30.029297 73.867 81.4233
30.246902 74.084 81.3318
30.466083 74.311 81.0113
30.686853 74.546 80.4608
30.909222 74.779 79.6844
31.133203 75.008 78.6986
31.358807 75.230 77.5131
31.586046 75.441 76.1533
31.814932 75.639 74.6294
32.045476 75.822 72.9646
32.277691 75.991 71.1744
32.511588 76.143 69.2674
32.747180 76.278 67.2663
32.984480 76.396 65.1770
33.223499 76.496 63.0074
33.464250 76.578 60.7755
33.706746 76.640 58.4832
33.950999 76.683 56.1388
34.197022 76.706 53.7588
34.444828 76.707 51.3452
34.694429 76.685 48.9066
34.945839 76.641 46.4601
35.199071 76.572 44.0153
35.454138 76.477 41.5927
35.711054 76.356 39.2181
35.969831 76.210 36.9005
36.230483 76.038 34.6538
36.493024 75.839 32.5061
36.757467 75.614 30.4787
37.023827 75.364 28.5928
37.292117 75.088 26.8754
37.562351 74.788 25.3547
37.834543 74.468 24.0559
38.108708 74.130 23.0071
38.384859 73.777 22.2341
38.663012 73.414 21.7576
38.943180 73.048 21.5983
39.225378 72.684 21.7733
39.509622 72.331 22.2899
39.795925 71.998 23.1401
40.084302 71.691 24.3123
40.374770 71.422 25.7816
40.667342 71.197 27.5089
40.962034 71.023 29.4387
41.258862 70.907 31.5085
41.557841 70.850 33.6533
41.858986 70.853 35.8062
42.162313 70.915 37.9035
42.467839 71.035 39.8887
42.775578 71.207 41.7140
43.085548 71.429 43.3398
43.397763 71.694 44.7343
43.712242 72.000 45.8712
44.028998 72.342 46.7282
44.348051 72.715 47.2861
44.669415 73.116 47.5280
44.993108 73.538 47.4384
45.319147 73.978 47.0042
45.647548 74.429 46.2181
45.978329 74.885 45.0782
46.311507 75.339 43.5881
46.647099 75.787 41.7570
46.985123 76.222 39.5982
47.325597 76.638 37.1292
47.668537 77.031 34.3704
48.013963 77.395 31.3444
48.361892 77.727 28.0750
48.712342 78.023 24.5857
49.065332 78.281 20.8989
49.420880 78.498 17.0376
49.779004 78.673 13.0234
50.139723 78.804 8.8757
50.503056 78.892 4.6142
50.869022 78.936 0.2574
51.237640 78.938 -4.1761
51.608929 78.898 -8.6692
51.982909 78.818 -13.2052
52.359598 78.700 -17.7690
52.739018 78.546 -22.3469
53.121186 78.358 -26.9281
53.506124 78.138 -31.5039
53.893852 77.889 -36.0701
54.284389 77.613 -40.6264
54.677756 77.313 -45.1762
55.073973 76.988 -49.7291
55.473062 76.642 -54.2997
55.875043 76.274 -58.9076
56.279936 75.887 -63.5773
56.687764 75.479 -68.3376
57.098547 75.051 -73.2225
57.512306 74.603 -78.2694
57.929064 74.135 -83.5205
58.348842 73.644 -89.0218
58.771662 73.132 -94.8212
59.197546 72.600 -100.9699
59.626515 72.047 -107.5212
60.058594 71.479 -114.5281
60.493803 70.901 -122.0423
60.932166 70.322 -130.1077
61.373706 69.756 -138.7483
61.818445 69.220 -147.9569
62.266407 68.733 -157.6799
62.717615 68.315 -167.8101
63.172093 67.983 -178.1820
63.629864 67.745 171.4209
64.090952 67.603 161.2324
64.555381 67.544 151.4626
65.023176 67.551 142.2767
65.494361 67.606 133.7914
65.968960 67.688 126.0727
66.446998 67.783 119.1403
66.928501 67.879 112.9949
67.413492 67.968 107.6243
67.901998 68.048 103.0061
68.394044 68.119 99.1179
68.889655 68.186 95.9360
69.388858 68.254 93.4350
69.891679 68.332 91.5842
70.398142 68.432 90.3427
70.908276 68.567 89.6580
71.422107 68.750 89.4520
71.939661 68.993 89.6238
72.460965 69.307 90.0474
72.986047 69.696 90.5726
73.514934 70.160 91.0517
74.047654 70.693 91.3362
74.584234 71.282 91.3139
75.124702 71.913 90.8947
75.669086 72.569 90.0331
76.217416 73.235 88.7079
76.769719 73.899 86.9271
77.326024 74.547 84.7133
77.886360 75.171 82.1018
78.450757 75.763 79.1324
79.019243 76.316 75.8481
79.591849 76.826 72.2925
80.168605 77.290 68.5071
80.749539 77.705 64.5338
81.334684 78.070 60.4112
81.924068 78.382 56.1744
82.517724 78.643 51.8600
83.115681 78.851 47.4965
83.717972 79.006 43.1145
84.324627 79.109 38.7414
84.935678 79.160 34.4001
85.551157 79.160 30.1172
86.171096 79.109 25.9168
86.795527 79.005 21.8231
87.424483 78.851 17.8647
88.057997 78.645 14.0737
88.696102 78.387 10.4864
89.338830 78.077 7.1464
89.986216 77.716 4.1079
90.638293 77.306 1.4333
91.295096 76.850 -0.8032
91.956658 76.354 -2.5161
92.623013 75.828 -3.6097
93.294198 75.288 -3.9865
93.970246 74.755 -3.5611
94.651193 74.261 -2.2841
95.337075 73.844 -0.1777
96.027927 73.543 2.6293
96.723785 73.389 5.8878
97.424685 73.399 9.2585
98.130664 73.566 12.3887
98.841760 73.863 14.9952
99.558008 74.252 16.9106
100.279446 74.696 18.0810
101.006112 75.164 18.5351
101.738044 75.630 18.3472
102.475280 76.078 17.6108
103.217858 76.496 16.4205
103.965817 76.879 14.8648
104.719197 77.222 13.0219
105.478035 77.525 10.9595
106.242372 77.786 8.7361
107.012248 78.008 6.4016
107.787703 78.192 3.9987
108.568777 78.341 1.5634
109.355511 78.455 -0.8726
110.147947 78.540 -3.2833
110.946124 78.596 -5.6469
111.750085 78.629 -7.9456
112.559873 78.641 -10.1656
113.375528 78.635 -12.2975
114.197094 78.615 -14.3359
115.024613 78.585 -16.2792
115.858129 78.548 -18.1308
116.697684 78.506 -19.8977
117.543324 78.463 -21.5909
118.395091 78.419 -23.2236
119.253031 78.376 -24.8088
120.117188 78.334 -26.3596
120.987606 78.293 -27.8864
121.864332 78.250 -29.3964
122.747411 78.206 -30.8922
123.636890 78.159 -32.3727
124.532814 78.108 -33.8328
125.435230 78.053 -35.2654
126.344185 77.995 -36.6625
127.259727 77.934 -38.0172
128.181904 77.872 -39.3244
129.110763 77.810 -40.5835
130.046352 77.751 -41.7982
130.988722 77.698 -42.9769
131.937920 77.651 -44.1325
132.893997 77.611 -45.2803
133.857001 77.579 -46.4379
134.826984 77.555 -47.6229
135.803996 77.537 -48.8512
136.788088 77.524 -50.1357
137.779311 77.513 -51.4850
138.777717 77.503 -52.9030
139.783357 77.491 -54.3894
140.796285 77.474 -55.9399
141.816553 77.452 -57.5470
142.844214 77.423 -59.2016
143.879322 77.386 -60.8944
144.921931 77.342 -62.6174
145.972095 77.290 -64.3643
147.029869 77.229 -66.1313
148.095308 77.161 -67.9171
149.168468 77.085 -69.7228
150.249404 77.002 -71.5515
151.338173 76.910 -73.4075
152.434832 76.809 -75.2945
153.539437 76.697 -77.2159
154.652047 76.573 -79.1739
155.772720 76.434 -81.1683
156.901513 76.279 -83.1964
158.038486 76.104 -85.2516
159.183698 75.907 -87.3242
160.337209 75.686 -89.4016
161.499079 75.437 -91.4662
162.669367 75.159 -93.4970
163.848137 74.849 -95.4681
165.035448 74.505 -97.3490
166.231363 74.125 -99.1044
167.435944 73.709 -100.6928
168.649254 73.255 -102.0663
169.871356 72.763 -103.1692
171.102314 72.234 -103.9359
172.342191 71.672 -104.2875
173.591054 71.080 -104.1289
174.848966 70.469 -103.3487
176.115994 69.853 -101.8193
177.392203 69.260 -99.4111
178.677660 68.727 -96.0277
179.972432 68.308 -91.6675
181.276587 68.061 -86.5004
182.590191 68.035 -80.9133
183.913315 68.248 -75.4506
185.246027 68.675 -70.6536
186.588396 69.262 -66.8994
187.940492 69.946 -64.3423
189.302387 70.673 -62.9608
190.674150 71.399 -62.6365
192.055853 72.098 -63.2170
193.447569 72.755 -64.5522
194.849370 73.358 -66.5100
196.261329 73.904 -68.9793
197.683519 74.391 -71.8679
199.116016 74.819 -75.0992
200.558892 75.187 -78.6089
202.012225 75.498 -82.3433
203.476089 75.752 -86.2556
204.950560 75.950 -90.3050
206.435716 76.096 -94.4554
207.931635 76.190 -98.6755
209.438393 76.234 -102.9378
210.956070 76.232 -107.2183
212.484745 76.184 -111.4969
214.024497 76.093 -115.7570
215.575406 75.960 -119.9854
217.137555 75.788 -124.1718
218.711023 75.578 -128.3087
220.295893 75.331 -132.3914
221.892248 75.049 -136.4172
223.500171 74.731 -140.3859
225.119745 74.379 -144.2983
226.751056 73.991 -148.1560
228.394187 73.567 -151.9614
230.049226 73.104 -155.7181
231.716257 72.602 -159.4297
233.395369 72.056 -163.1006
235.086648 71.462 -166.7358
236.790182 70.814 -170.3411
238.506062 70.105 -173.9197
240.234375 69.323 -177.4746
241.975212 68.456 178.9944
243.728664 67.482 175.4924
245.494823 66.377 172.0330
247.273780 65.102 168.6434
249.065627 63.599 165.3784
250.870459 61.779 162.3513
252.688370 59.486 159.8291
254.519454 56.431 158.5898
256.363807 52.111 162.0919
258.221525 47.670 -145.5806
260.092705 51.039 -62.3952
261.977444 55.632 -56.7191
263.875840 58.859 -57.9255
265.787993 61.228 -60.9001
267.714003 63.063 -64.6263
269.653969 64.536 -68.7619
271.607992 65.744 -73.1531
273.576176 66.747 -77.7141
275.558622 67.583 -82.3876
277.555433 68.280 -87.1315
279.566714 68.857 -91.9123
281.592570 69.328 -96.7019
283.633106 69.705 -101.4755
285.688428 69.995 -106.2109
287.758644 70.206 -110.8882
289.843862 70.343 -115.4874
291.944190 70.408 -119.9876
294.059738 70.406 -124.3657
296.190616 70.338 -128.5942
298.336935 70.205 -132.6384
300.498808 70.009 -136.4561
302.676346 69.750 -139.9951
304.869664 69.432 -143.1909
307.078875 69.056 -145.9652
309.304095 68.630 -148.2250
311.545440 68.163 -149.8638
313.803027 67.673 -150.7661
316.076973 67.182 -150.8239
318.367397 66.728 -149.9641
320.674418 66.354 -148.1970
322.998157 66.109 -145.6689
325.338735 66.032 -142.6881
327.696273 66.139 -139.6829
330.070896 66.418 -137.0898
332.462726 66.829 -135.2371
334.871888 67.322 -134.2874
337.298507 67.849 -134.2554
339.742711 68.374 -135.0591
342.204627 68.868 -136.5709
344.684383 69.316 -138.6506
347.182108 69.705 -141.1624
349.697933 70.032 -143.9827
352.231988 70.296 -147.0001
354.784406 70.496 -150.1150
357.355320 70.637 -153.2383
359.944864 70.723 -156.2900
362.553173 70.761 -159.1981
365.180383 70.759 -161.8994
367.826630 70.729 -164.3428
370.492054 70.682 -166.4949
373.176792 70.633 -168.3447
375.880985 70.597 -169.9104
378.604773 70.585 -171.2421
381.348300 70.610 -172.4203
384.111707 70.676 -173.5474
386.895138 70.783 -174.7327
389.698740 70.925 -176.0753
392.522658 71.090 -177.6492
395.367039 71.267 -179.4958
398.232031 71.440 178.3770
401.117785 71.597 175.9932
404.024450 71.727 173.3984
406.952177 71.822 170.6553
409.901120 71.877 167.8350
412.871433 71.890 165.0150
415.863270 71.861 162.2751
418.876786 71.793 159.6925
421.912140 71.695 157.3385
424.969489 71.574 155.2722
428.048993 71.444 153.5359
431.150813 71.319 152.1472
434.275109 71.213 151.0930
437.422046 71.143 150.3240
440.591786 71.120 149.7590
443.784496 71.150 149.2924
447.000341 71.237 148.8079
450.239490 71.374 148.1956
453.502111 71.553 147.3679
456.788374 71.763 146.2668
460.098451 71.989 144.8652
463.432514 72.222 143.1616
466.790737 72.449 141.1747
470.173295 72.664 138.9360
473.580365 72.859 136.4832
477.012124 73.031 133.8561
480.468750 73.177 131.0916
483.950425 73.296 128.2234
487.457329 73.387 125.2806
490.989646 73.450 122.2886
494.547559 73.485 119.2690
498.131254 73.491 116.2417
501.740919 73.470 113.2256
505.376740 73.419 110.2410
509.038909 73.340 107.3097
512.727614 73.233 104.4572
516.443050 73.097 101.7112
520.185409 72.935 99.1027
523.954887 72.749 96.6625
527.751680 72.543 94.4205
531.575987 72.321 92.4033
535.428005 72.089 90.6309
539.307937 71.853 89.1141
543.215985 71.621 87.8550
547.152352 71.398 86.8448
551.117243 71.194 86.0652
555.110866 71.012 85.4885
559.133428 70.858 85.0808
563.185140 70.736 84.8022
567.266211 70.649 84.6074
571.376856 70.599 84.4470
575.517288 70.585 84.2683
579.687724 70.608 84.0151
583.888380 70.662 83.6326
588.119476 70.743 83.0693
592.381232 70.842 82.2838
596.673871 70.951 81.2478
600.997615 71.060 79.9491
605.352692 71.158 78.3917
609.739327 71.235 76.5969
614.157750 71.282 74.6003
618.608190 71.292 72.4517
623.090880 71.257 70.2107
627.606053 71.175 67.9478
632.153945 71.041 65.7426
636.734793 70.857 63.6830
641.348836 70.625 61.8644
645.996314 70.352 60.3855
650.677470 70.050 59.3433
655.392547 69.737 58.8177
660.141792 69.434 58.8575
664.925451 69.170 59.4565
669.743775 68.972 60.5343
674.597014 68.864 61.9287
679.485423 68.857 63.4185
684.409254 68.950 64.7642
689.368766 69.127 65.7607
694.364216 69.363 66.2729
699.395865 69.632 66.2434
704.463976 69.909 65.6808
709.568812 70.174 64.6361
714.710640 70.413 63.1820
719.889728 70.615 61.3978
725.106346 70.774 59.3618
730.360766 70.888 57.1448
735.653261 70.954 54.8097
740.984108 70.974 52.4122
746.353584 70.948 50.0017
751.761970 70.877 47.6232
757.209547 70.764 45.3176
762.696599 70.611 43.1223
768.223413 70.422 41.0724
773.790277 70.200 39.1996
779.397480 69.951 37.5309
785.045315 69.677 36.0883
790.734077 69.385 34.8867
796.464062 69.080 33.9354
802.235569 68.767 33.2373
808.048899 68.449 32.7916
813.904354 68.130 32.5946
819.802241 67.814 32.6437
825.742866 67.502 32.9401
831.726539 67.197 33.4923
837.753572 66.901 34.3180
843.824280 66.618 35.4432
849.938979 66.357 36.8973
856.097987 66.128 38.7031
862.301626 65.945 40.8611
868.550219 65.824 43.3328
874.844092 65.782 46.0295
881.183573 65.831 48.8137
887.568992 65.972 51.5176
894.000683 66.199 53.9774
900.478980 66.497 56.0616
907.004222 66.848 57.6882
913.576749 67.231 58.8254
920.196903 67.630 59.4812
926.865029 68.029 59.6880
933.581475 68.417 59.4915
940.346591 68.788 58.9409
947.160730 69.134 58.0870
954.024247 69.450 56.9783
960.937500 69.734 55.6616
967.900849 69.986 54.1821
974.914658 70.202 52.5818
981.979291 70.382 50.9016
989.095118 70.529 49.1809
996.262509 70.643 47.4565
1003.481838 70.725 45.7632
1010.753481 70.779 44.1328
1018.077817 70.808 42.5944
1025.455229 70.817 41.1729
1032.886100 70.809 39.8879
1040.370819 70.791 38.7513
1047.909774 70.768 37.7683
1055.503361 70.746 36.9355
1063.151973 70.730 36.2408
1070.856010 70.726 35.6635
1078.615875 70.739 35.1741
1086.431970 70.770 34.7368
1094.304704 70.823 34.3107
1102.234487 70.897 33.8503
1110.221732 70.990 33.3103
1118.266856 71.100 32.6509
1126.370279 71.220 31.8403
1134.532422 71.343 30.8582
1142.753712 71.464 29.6979
1151.034577 71.575 28.3674
1159.375448 71.670 26.8882
1167.776760 71.745 25.2914
1176.238952 71.797 23.6133
1184.762464 71.824 21.8936
1193.347741 71.828 20.1699
1201.995231 71.810 18.4744
1210.705384 71.774 16.8292
1219.478654 71.723 15.2468
1228.315499 71.662 13.7272
1237.216380 71.594 12.2587
1246.181760 71.521 10.8226
1255.212106 71.443 9.3958
1264.307891 71.359 7.9554
1273.469587 71.267 6.4832
1282.697672 71.161 4.9685
1291.992628 71.038 3.4098
1301.354940 70.893 1.8154
1310.785094 70.720 0.2025
1320.283583 70.514 -1.4025
1329.850902 70.271 -2.9630
1339.487550 69.986 -4.4331
1349.194029 69.656 -5.7555
1358.970845 69.277 -6.8573
1368.818508 68.848 -7.6476
1378.737531 68.372 -8.0127
1388.728432 67.855 -7.8156
1398.791730 67.310 -6.8995
1408.927952 66.763 -5.1031
1419.137625 66.253 -2.2976
1429.421281 65.835 1.5470
1439.779457 65.570 6.2782
1450.212692 65.510 11.5143
1460.721531 65.673 16.7098
1471.306521 66.038 21.3271
1481.968215 66.551 25.0028
1492.707168 67.151 27.5999
1503.523939 67.784 29.1559
1514.419093 68.413 29.7997
1525.393198 69.014 29.6886
1536.446826 69.572 28.9716
1547.580553 70.082 27.7767
1558.794960 70.542 26.2072
1570.090631 70.951 24.3451
1581.468155 71.310 22.2561
1592.928125 71.622 19.9924
1604.471139 71.886 17.5973
1616.097798 72.106 15.1073
1627.808709 72.283 12.5551
1639.604482 72.418 9.9709
1651.485732 72.513 7.3822
1663.453078 72.570 4.8152
1675.507145 72.592 2.2947
1687.648560 72.580 -0.1561
1699.877958 72.538 -2.5162
1712.195974 72.468 -4.7676
1724.603252 72.374 -6.8949
1737.100438 72.261 -8.8866
1749.688184 72.130 -10.7362
1762.367146 71.988 -12.4421
1775.137984 71.837 -14.0081
1788.001366 71.680 -15.4426
1800.957961 71.521 -16.7592
1814.008445 71.361 -17.9738
1827.153498 71.202 -19.1049
1840.393805 71.043 -20.1697
1853.730057 70.882 -21.1823
1867.162949 70.719 -22.1512
1880.693182 70.551 -23.0789
1894.321460 70.375 -23.9583
1908.048494 70.189 -24.7748
1921.875000 69.992 -25.5070
1935.801698 69.784 -26.1268
1949.829316 69.564 -26.6016
1963.958583 69.337 -26.8966
1978.190236 69.105 -26.9784
1992.525018 68.875 -26.8185
2006.963676 68.656 -26.3975
2021.506962 68.458 -25.7111
2036.155634 68.291 -24.7766
2050.910458 68.166 -23.6373
2065.772200 68.092 -22.3627
2080.741637 68.075 -21.0436
2095.819549 68.115 -19.7828
2111.006721 68.209 -18.6808
2126.303946 68.345 -17.8209
2141.712021 68.514 -17.2610
2157.231749 68.702 -17.0288
2172.863940 68.896 -17.1241
2188.609407 69.084 -17.5242
2204.468973 69.257 -18.1906
2220.443464 69.409 -19.0751
2236.533713 69.534 -20.1256
2252.740558 69.631 -21.2902
2269.064845 69.699 -22.5197
2285.507424 69.739 -23.7697
2302.069153 69.753 -25.0011
2318.750895 69.744 -26.1815
2335.553520 69.716 -27.2841
2352.477904 69.673 -28.2906
2369.524928 69.619 -29.1885
2386.695483 69.559 -29.9723
2403.990462 69.497 -30.6442
2421.410768 69.437 -31.2124
2438.957308 69.382 -31.6915
2456.630998 69.334 -32.0996
2474.432759 69.296 -32.4562
2492.363519 69.267 -32.7802
2510.424213 69.247 -33.0878
2528.615781 69.235 -33.3907
2546.939174 69.230 -33.6959
2565.395345 69.231 -34.0044
2583.985257 69.236 -34.3129
2602.709879 69.246 -34.6158
2621.570188 69.261 -34.9075
2640.567166 69.284 -35.1843
2659.701804 69.314 -35.4476
2678.975100 69.356 -35.7053
2698.388058 69.410 -35.9725
2717.941690 69.479 -36.2711
2737.637016 69.562 -36.6278
2757.475062 69.658 -37.0713
2777.456863 69.764 -37.6268
2797.583461 69.876 -38.3142
2817.855904 69.991 -39.1459
2838.275249 70.102 -40.1250
2858.842562 70.205 -41.2455
2879.558913 70.297 -42.4930
2900.425384 70.373 -43.8470
2921.443062 70.430 -45.2826
2942.613043 70.466 -46.7722
2963.936430 70.480 -48.2864
2985.414335 70.473 -49.7948
3007.047878 70.445 -51.2686
3028.838187 70.398 -52.6808
3050.786397 70.333 -54.0065
3072.893653 70.255 -55.2238
3095.161107 70.166 -56.3152
3117.589920 70.072 -57.2684
3140.181262 69.977 -58.0781
3162.936310 69.886 -58.7472
3185.856250 69.805 -59.2871
3208.942278 69.737 -59.7194
3232.195596 69.688 -60.0751
3255.617418 69.658 -60.3921
3279.208964 69.649 -60.7115
3302.971464 69.658 -61.0741
3326.906156 69.683 -61.5164
3351.014290 69.718 -62.0651
3375.297121 69.759 -62.7354
3399.755915 69.797 -63.5295
3424.391948 69.827 -64.4373
3449.206504 69.843 -65.4336
3474.200876 69.842 -66.4851
3499.376367 69.820 -67.5502
3524.734291 69.778 -68.5808
3550.275969 69.715 -69.5287
3576.002732 69.637 -70.3474
3601.915922 69.549 -70.9984
3628.016889 69.458 -71.4558
3654.306995 69.373 -71.7114
3680.787610 69.305 -71.7780
3707.460115 69.260 -71.6897
3734.325899 69.247 -71.5005
3761.386364 69.268 -71.2756
3788.642920 69.323 -71.0842
3816.096988 69.408 -70.9885
3843.750000 69.518 -71.0382
3871.603397 69.646 -71.2655
3899.658631 69.782 -71.6847
3927.917165 69.920 -72.2939
3956.380472 70.051 -73.0775
3985.050036 70.172 -74.0111
4013.927351 70.278 -75.0647
4043.013923 70.365 -76.2040
4072.311269 70.434 -77.3934
4101.820915 70.482 -78.5988
4131.544400 70.512 -79.7882
4161.483274 70.526 -80.9353
4191.639097 70.527 -82.0198
4222.013442 70.518 -83.0289
4252.607892 70.504 -83.9578
4283.424042 70.487 -84.8101
4314.463498 70.471 -85.5964
4345.727879 70.457 -86.3323
4377.218815 70.447 -87.0338
4408.937947 70.439 -87.7164
4440.886929 70.434 -88.3917
4473.067426 70.429 -89.0673
4505.481116 70.424 -89.7449
4538.129690 70.417 -90.4229
4571.014848 70.407 -91.0956
4604.138306 70.393 -91.7555
4637.501790 70.375 -92.3947
4671.107040 70.355 -93.0056
4704.955807 70.332 -93.5840
4739.049856 70.307 -94.1267
4773.390965 70.282 -94.6343
4807.980924 70.257 -95.1111
4842.821536 70.233 -95.5634
4877.914617 70.210 -95.9988
4913.261997 70.187 -96.4243
4948.865519 70.163 -96.8452
4984.727038 70.136 -97.2622
5020.848425 70.105 -97.6710
5057.231563 70.068 -98.0634
5093.878347 70.025 -98.4253
5130.790689 69.974 -98.7394
5167.970514 69.916 -98.9856
5205.419759 69.852 -99.1442
5243.140376 69.787 -99.1984
5281.134332 69.721 -99.1371
5319.403609 69.661 -98.9556
5357.950200 69.609 -98.6576
5396.776116 69.570 -98.2566
5435.883380 69.546 -97.7732
5475.274032 69.540 -97.2330
5514.950125 69.554 -96.6641
5554.913727 69.587 -96.0936
5595.166922 69.638 -95.5464
5635.711808 69.704 -95.0425
5676.550498 69.785 -94.5985
5717.685123 69.879 -94.2290
5759.117827 69.981 -93.9464
5800.850769 70.091 -93.7614
5842.886124 70.205 -93.6829
5885.226086 70.320 -93.7166
5927.872860 70.431 -93.8636
5970.828671 70.535 -94.1194
6014.095756 70.629 -94.4734
6057.676373 70.708 -94.9080
6101.572794 70.770 -95.4001
6145.787305 70.813 -95.9227
6190.322213 70.837 -96.4467
6235.179840 70.842 -96.9434
6280.362523 70.829 -97.3857
6325.872619 70.800 -97.7507
6371.712500 70.758 -98.0189
6417.884555 70.706 -98.1763
6464.391192 70.646 -98.2129
6511.234836 70.584 -98.1240
6558.417927 70.523 -97.9084
6605.942927 70.466 -97.5714
6653.812313 70.416 -97.1224
6702.028580 70.377 -96.5767
6750.594241 70.350 -95.9542
6799.511830 70.339 -95.2788
6848.783896 70.342 -94.5760
6898.413007 70.360 -93.8721
6948.401751 70.391 -93.1895
6998.752735 70.433 -92.5457
7049.468582 70.482 -91.9504
7100.551937 70.535 -91.4064
7152.005464 70.592 -90.9120
7203.831844 70.648 -90.4602
7256.033779 70.703 -90.0426
7308.613991 70.756 -89.6498
7361.575220 70.808 -89.2747
7414.920229 70.857 -88.9117
7468.651798 70.905 -88.5585
7522.772727 70.951 -88.2144
7577.285840 70.995 -87.8800
7632.193976 71.038 -87.5562
7687.500000 71.078 -87.2438
7743.206794 71.115 -86.9424
7799.317262 71.148 -86.6494
7855.834330 71.176 -86.3597
7912.760944 71.199 -86.0656
7970.100072 71.216 -85.7582
8027.854702 71.228 -85.4281
8086.027847 71.235 -85.0645
8144.622538 71.238 -84.6581
8203.641830 71.238 -84.2032
8263.088801 71.238 -83.6958
8322.966548 71.239 -83.1356
8383.278195 71.243 -82.5271
8444.026884 71.252 -81.8774
8505.215784 71.266 -81.1960
8566.848084 71.286 -80.4948
8628.926996 71.313 -79.7867
8691.455758 71.347 -79.0837
8754.437630 71.386 -78.3965
8817.875894 71.429 -77.7335
8881.773857 71.476 -77.1011
8946.134852 71.524 -76.5029
9010.962233 71.573 -75.9408
9076.259380 71.621 -75.4149
9142.029697 71.667 -74.9238
9208.276612 71.710 -74.4647
9275.003581 71.748 -74.0332
9342.214080 71.781 -73.6243
9409.911614 71.808 -73.2325
9478.099713 71.829 -72.8514
9546.781930 71.843 -72.4736
9615.961848 71.850 -72.0916
9685.643071 71.851 -71.6974
9755.829233 71.845 -71.2837
9826.523994 71.833 -70.8438
9897.731037 71.817 -70.3721
9969.454076 71.796 -69.8656
10041.696850 71.773 -69.3232
10114.463125 71.748 -68.7456
10187.756694 71.722 -68.1350
10261.581379 71.695 -67.4943
10335.941028 71.669 -66.8258
10410.839517 71.641 -66.1327
10486.280752 71.615 -65.4174
10562.268665 71.589 -64.6826
10638.807218 71.563 -63.9318
10715.900400 71.538 -63.1675
10793.552232 71.513 -62.3923
10871.766761 71.488 -61.6088
10950.548064 71.464 -60.8191
11029.900250 71.439 -60.0249
11109.827454 71.414 -59.2278
11190.333843 71.387 -58.4276
11271.423615 71.359 -57.6243
11353.100997 71.330 -56.8171
11435.370247 71.298 -56.0049
11518.235653 71.265 -55.1853
11601.701537 71.229 -54.3572
11685.772249 71.192 -53.5187
11770.452172 71.151 -52.6678
11855.745720 71.109 -51.8026
11941.657341 71.065 -50.9209
12028.191513 71.018 -50.0206
12115.352747 70.971 -49.1002
12203.145587 70.921 -48.1572
12291.574610 70.871 -47.1901
12380.644427 70.820 -46.1980
12470.359680 70.769 -45.1805
12560.725047 70.720 -44.1392
12651.745238 70.671 -43.0760
12743.425000 70.625 -41.9954
12835.769110 70.582 -40.9021
12928.782385 70.542 -39.8021
13022.469671 70.504 -38.7015
13116.835855 70.469 -37.6068
13211.885854 70.435 -36.5229
13307.624625 70.403 -35.4536
13404.057159 70.371 -34.4004
13501.188483 70.337 -33.3628
13599.023660 70.302 -32.3370
13697.567791 70.265 -31.3191
13796.826014 70.226 -30.3040
13896.803503 70.184 -29.2869
13997.505470 70.140 -28.2622
14098.937164 70.094 -27.2268
14201.103875 70.047 -26.1780
14304.010928 70.000 -25.1144
14407.663687 69.953 -24.0365
14512.067557 69.908 -22.9453
14617.227981 69.865 -21.8447
14723.150441 69.825 -20.7397
14829.840458 69.788 -19.6362
14937.303595 69.755 -18.5414
15045.545455 69.725 -17.4639
15154.571679 69.699 -16.4108
15264.387953 69.676 -15.3884
15375.000000 69.655 -14.4016
15486.413588 69.634 -13.4531
15598.634525 69.614 -12.5436
15711.668661 69.594 -11.6714
15825.521888 69.572 -10.8345
15940.200144 69.549 -10.0295
16055.709405 69.524 -9.2531
16172.055694 69.498 -8.5018
16289.245076 69.471 -7.7739
16407.283660 69.443 -7.0684
16526.177601 69.415 -6.3845
16645.933097 69.388 -5.7235
16766.556390 69.362 -5.0879
16888.053769 69.337 -4.4810
17010.431568 69.315 -3.9071
17133.696167 69.296 -3.3726
17257.853993 69.281 -2.8861
17382.911517 69.269 -2.4539
17508.875259 69.261 -2.0828
17635.751787 69.257 -1.7992
17763.547714 69.252 -1.6102
17892.269704 69.248 -1.4755
18021.924466 69.246 -1.4116
18152.518759 69.247 -1.4447
18284.059393 69.251 -1.5830
18416.553225 69.256 -1.8351
18550.007161 69.260 -2.2084
18684.428160 69.263 -2.7094
18819.823228 69.263 -3.3425
18956.199425 69.258 -4.1128
19093.563861 69.247 -5.0233
19231.923695 69.228 -6.0754
19371.286142 69.200 -7.2697
19511.658467 69.159 -8.6063
19653.047987 69.103 -10.0850
19795.462074 69.030 -11.7051
19938.908153 68.934 -13.4736
20083.393701 68.805 -15.2599
20228.926250 68.639 -17.0133
20375.513389 68.436 -18.8638
20523.162758 68.188 -20.7996
20671.882055 67.886 -22.8076
20821.679034 67.521 -24.8732
20972.561504 67.080 -26.9810
21124.537330 66.548 -29.1147
21277.614435 65.907 -31.2588
21431.800801 65.137 -33.3978
21587.104464 64.216 -35.5170
21743.533521 63.114 -37.6033
21901.096129 61.799 -39.6449
22059.800499 60.234 -41.6327
22219.654907 58.372 -43.5586
22380.667686 56.160 -45.4171
22542.847230 53.531 -47.2041
22706.201994 50.408 -48.9176
22870.740494 46.695 -50.5568
23036.471307 42.282 -52.1223
23203.403074 37.044 -53.6156
23371.544498 30.864 -55.0396
23540.904344 23.678 -56.3969
23711.491441 15.548 -57.6914
23883.314682 7.105 -58.9271
