* Measurement data measured by REW V5.40 beta 133
* Source: U18dB [plughw:3,0], Mic (Mic), R, Volume: 1.000. Timing signal peak level -26.4 dBFS, measurement signal peak level -11.8 dBFS
* Format: 512k Log Swept Sine, 1 sweep at -12.0 dBFS using an acoustic timing reference
* Dated: Sep 10, 2026, 11:07:07 AM
* REW Settings:
*  C-weighting compensation: Off
*  Target level: 75.0 dB
* Note: ; 10 sept 2026  Position MLP 4.18m from front wall 3.32m from RLand L speaker  2 screen panels prolongation - new setup DAC level -29dB MIC HEIGHT: 1.000m mic boom arm height: 1.040 -12dBFS OKTO -28dB DELAY -0.0265 ms (-9.1 mm, -0.36 in) using estimated IR delay relative to Acoustic reference played from DAC8STEREO L with no timing offset Clock adjustment: -15.1 ppm
* Measurement: L+R 120.green
* Smoothing: 1/48 octave
* Frequency Step: 96 ppo
* Start Frequency: 15.014648 Hz
*
* Freq(Hz) SPL(dB) Phase(degrees)
15.014648 74.699 -154.8180
15.123451 74.880 -156.0786
15.233042 75.099 -157.3301
15.343426 75.321 -158.6023
15.454611 75.541 -159.9091
15.566602 75.759 -161.2337
15.679404 75.973 -162.5953
15.793023 76.180 -164.0130
15.907466 76.383 -165.4785
16.022738 76.580 -166.9937
16.138845 76.771 -168.5640
16.255794 76.957 -170.1943
16.373590 77.139 -171.8777
16.492240 77.315 -173.6025
16.611750 77.488 -175.3764
16.732125 77.658 -177.1950
16.853373 77.824 -179.0365
16.975500 77.988 179.0932
17.098511 78.149 177.1948
17.222414 78.308 175.2910
17.347215 78.465 173.3758
17.472920 78.620 171.4490
17.599536 78.771 169.5297
17.727069 78.920 167.6072
17.855527 79.066 165.6854
17.984915 79.207 163.7796
18.115241 79.345 161.8749
18.246512 79.478 159.9804
18.378734 79.606 158.1074
18.511914 79.728 156.2389
18.646058 79.843 154.3897
18.781175 79.953 152.5631
18.917272 80.056 150.7462
19.054354 80.152 148.9575
19.192430 80.241 147.1887
19.331506 80.323 145.4381
19.471590 80.399 143.7187
19.612689 80.469 142.0172
19.754811 80.534 140.3401
19.897962 80.595 138.6895
20.042151 80.652 137.0579
20.187385 80.708 135.4488
20.333671 80.762 133.8597
20.481017 80.815 132.2853
20.629431 80.871 130.7234
20.778920 80.927 129.1721
20.929493 80.986 127.6206
21.081157 81.049 126.0706
21.233919 81.113 124.5134
21.387789 81.181 122.9422
21.542774 81.252 121.3579
21.698882 81.324 119.7491
21.856121 81.399 118.1175
22.014499 81.474 116.4595
22.174025 81.550 114.7701
22.334708 81.624 113.0544
22.496554 81.697 111.3056
22.659573 81.768 109.5291
22.823774 81.835 107.7271
22.989164 81.898 105.8961
23.155753 81.957 104.0471
23.323549 82.010 102.1710
23.492562 82.057 100.2825
23.662798 82.098 98.3713
23.834269 82.131 96.4515
24.006982 82.158 94.5148
24.180946 82.176 92.5714
24.356171 82.187 90.6166
24.532666 82.188 88.6567
24.710440 82.182 86.6904
24.889502 82.167 84.7209
25.069862 82.143 82.7500
25.251528 82.111 80.7786
25.434511 82.069 78.8102
25.618820 82.020 76.8452
25.804465 81.961 74.8877
25.991454 81.894 72.9389
26.179799 81.819 71.0020
26.369509 81.734 69.0804
26.560593 81.641 67.1747
26.753062 81.538 65.2923
26.946926 81.426 63.4325
27.142194 81.304 61.6068
27.338878 81.170 59.8141
27.536987 81.025 58.0706
27.736531 80.868 56.3764
27.937521 80.698 54.7526
28.139968 80.516 53.2030
28.343882 80.322 51.7517
28.549273 80.116 50.4084
28.756153 79.900 49.1945
28.964532 79.677 48.1245
29.174421 79.448 47.2186
29.385831 79.219 46.4846
29.598773 78.993 45.9407
29.813258 78.777 45.5791
30.029297 78.576 45.4040
30.246902 78.394 45.3992
30.466083 78.239 45.5334
30.686853 78.114 45.7910
30.909222 78.023 46.1075
31.133203 77.968 46.4563
31.358807 77.948 46.7803
31.586046 77.961 47.0309
31.814932 78.003 47.1801
32.045476 78.071 47.1790
32.277691 78.159 47.0131
32.511588 78.261 46.6643
32.747180 78.372 46.1216
32.984480 78.486 45.3884
33.223499 78.600 44.4634
33.464250 78.707 43.3607
33.706746 78.804 42.0901
33.950999 78.888 40.6627
34.197022 78.955 39.1028
34.444828 79.003 37.4218
34.694429 79.030 35.6357
34.945839 79.034 33.7709
35.199071 79.012 31.8447
35.454138 78.963 29.8840
35.711054 78.888 27.9221
35.969831 78.785 25.9725
36.230483 78.655 24.0529
36.493024 78.498 22.1952
36.757467 78.314 20.4227
37.023827 78.105 18.7573
37.292117 77.870 17.2257
37.562351 77.614 15.8568
37.834543 77.337 14.6732
38.108708 77.044 13.7001
38.384859 76.738 12.9598
38.663012 76.424 12.4692
38.943180 76.108 12.2428
39.225378 75.795 12.2903
39.509622 75.493 12.6113
39.795925 75.210 13.1887
40.084302 74.953 14.0001
40.374770 74.729 15.0097
40.667342 74.544 16.1680
40.962034 74.403 17.4109
41.258862 74.307 18.6680
41.557841 74.256 19.8723
41.858986 74.246 20.9610
42.162313 74.272 21.8809
42.467839 74.327 22.5913
42.775578 74.405 23.0677
43.085548 74.496 23.3016
43.397763 74.594 23.2988
43.712242 74.692 23.0756
44.028998 74.785 22.6560
44.348051 74.868 22.0704
44.669415 74.939 21.3526
44.993108 74.996 20.5399
45.319147 75.038 19.6667
45.647548 75.067 18.7648
45.978329 75.082 17.8616
46.311507 75.087 16.9786
46.647099 75.085 16.1301
46.985123 75.080 15.3208
47.325597 75.075 14.5454
47.668537 75.074 13.7892
48.013963 75.078 13.0279
48.361892 75.090 12.2308
48.712342 75.109 11.3624
49.065332 75.136 10.3859
49.420880 75.167 9.2678
49.779004 75.198 7.9802
50.139723 75.225 6.5011
50.503056 75.243 4.8170
50.869022 75.247 2.9216
51.237640 75.231 0.8146
51.608929 75.191 -1.5000
51.982909 75.122 -4.0160
52.359598 75.018 -6.7270
52.739018 74.876 -9.6279
53.121186 74.692 -12.7173
53.506124 74.459 -15.9977
53.893852 74.175 -19.4788
54.284389 73.835 -23.1780
54.677756 73.432 -27.1228
55.073973 72.961 -31.3555
55.473062 72.413 -35.9374
55.875043 71.780 -40.9576
56.279936 71.051 -46.5456
56.687764 70.214 -52.8932
57.098547 69.258 -60.2919
57.512306 68.182 -69.1876
57.929064 67.010 -80.2585
58.348842 65.833 -94.4324
58.771662 64.876 -112.5577
59.197546 64.503 -134.2124
59.626515 64.963 -156.5452
60.058594 66.097 -176.1667
60.493803 67.534 168.0676
60.932166 68.999 155.5394
61.373706 70.369 145.2974
61.818445 71.604 136.6005
62.266407 72.697 128.9586
62.717615 73.658 122.0567
63.172093 74.496 115.6972
63.629864 75.222 109.7612
64.090952 75.846 104.1768
64.555381 76.377 98.8975
65.023176 76.820 93.8973
65.494361 77.184 89.1727
65.968960 77.475 84.7291
66.446998 77.697 80.5715
66.928501 77.859 76.7183
67.413492 77.965 73.1938
67.901998 78.022 70.0185
68.394044 78.038 67.2188
68.889655 78.023 64.8214
69.388858 77.986 62.8464
69.891679 77.939 61.3076
70.398142 77.896 60.2055
70.908276 77.869 59.5234
71.422107 77.875 59.2167
71.939661 77.926 59.2150
72.460965 78.032 59.4218
72.986047 78.199 59.7153
73.514934 78.427 59.9744
74.047654 78.712 60.0773
74.584234 79.042 59.9316
75.124702 79.405 59.4678
75.669086 79.787 58.6516
76.217416 80.174 57.4745
76.769719 80.555 55.9504
77.326024 80.919 54.1098
77.886360 81.259 51.9901
78.450757 81.570 49.6363
79.019243 81.846 47.0912
79.591849 82.086 44.4005
80.168605 82.288 41.6033
80.749539 82.451 38.7398
81.334684 82.576 35.8442
81.924068 82.664 32.9471
82.517724 82.716 30.0780
83.115681 82.734 27.2601
83.717972 82.719 24.5163
84.324627 82.673 21.8665
84.935678 82.599 19.3279
85.551157 82.498 16.9181
86.171096 82.373 14.6535
86.795527 82.225 12.5507
87.424483 82.057 10.6268
88.057997 81.871 8.8994
88.696102 81.670 7.3864
89.338830 81.459 6.1059
89.986216 81.241 5.0743
90.638293 81.021 4.3051
91.295096 80.806 3.8068
91.956658 80.601 3.5814
92.623013 80.414 3.6226
93.294198 80.252 3.9136
93.970246 80.121 4.4268
94.651193 80.028 5.1243
95.337075 79.979 5.9584
96.027927 79.976 6.8747
96.723785 80.021 7.8146
97.424685 80.113 8.7184
98.130664 80.251 9.5289
98.841760 80.431 10.1955
99.558008 80.647 10.6761
100.279446 80.892 10.9385
101.006112 81.160 10.9609
101.738044 81.445 10.7310
102.475280 81.739 10.2456
103.217858 82.037 9.5090
103.965817 82.335 8.5304
104.719197 82.627 7.3223
105.478035 82.910 5.8989
106.242372 83.180 4.2751
107.012248 83.435 2.4666
107.787703 83.673 0.4879
108.568777 83.891 -1.6464
109.355511 84.088 -3.9203
110.147947 84.262 -6.3181
110.946124 84.412 -8.8229
111.750085 84.535 -11.4160
112.559873 84.631 -14.0778
113.375528 84.699 -16.7872
114.197094 84.739 -19.5225
115.024613 84.751 -22.2610
115.858129 84.735 -24.9805
116.697684 84.693 -27.6601
117.543324 84.626 -30.2802
118.395091 84.535 -32.8236
119.253031 84.424 -35.2750
120.117188 84.294 -37.6223
120.987606 84.147 -39.8556
121.864332 83.987 -41.9688
122.747411 83.816 -43.9575
123.636890 83.636 -45.8192
124.532814 83.450 -47.5526
125.435230 83.259 -49.1575
126.344185 83.066 -50.6345
127.259727 82.873 -51.9847
128.181904 82.682 -53.2102
129.110763 82.497 -54.3148
130.046352 82.318 -55.3052
130.988722 82.150 -56.1918
131.937920 81.994 -56.9887
132.893997 81.853 -57.7145
133.857001 81.728 -58.3920
134.826984 81.621 -59.0470
135.803996 81.529 -59.7057
136.788088 81.454 -60.3936
137.779311 81.392 -61.1324
138.777717 81.342 -61.9390
139.783357 81.300 -62.8245
140.796285 81.263 -63.7943
141.816553 81.229 -64.8483
142.844214 81.196 -65.9833
143.879322 81.161 -67.1942
144.921931 81.125 -68.4761
145.972095 81.086 -69.8255
147.029869 81.043 -71.2411
148.095308 80.996 -72.7241
149.168468 80.945 -74.2780
150.249404 80.888 -75.9084
151.338173 80.824 -77.6213
152.434832 80.752 -79.4221
153.539437 80.668 -81.3143
154.652047 80.570 -83.3000
155.772720 80.456 -85.3777
156.901513 80.322 -87.5430
158.038486 80.164 -89.7879
159.183698 79.981 -92.1018
160.337209 79.768 -94.4724
161.499079 79.522 -96.8848
162.669367 79.241 -99.3229
163.848137 78.921 -101.7686
165.035448 78.557 -104.2019
166.231363 78.146 -106.6008
167.435944 77.683 -108.9385
168.649254 77.162 -111.1817
169.871356 76.573 -113.2875
171.102314 75.909 -115.1970
172.342191 75.157 -116.8250
173.591054 74.303 -118.0455
174.848966 73.330 -118.6662
176.115994 72.221 -118.3816
177.392203 70.966 -116.6956
178.677660 69.579 -112.8060
179.972432 68.158 -105.5125
181.276587 66.979 -93.5786
182.590191 66.530 -77.5424
183.913315 67.106 -61.5137
185.246027 68.415 -49.6940
186.588396 69.966 -42.7247
187.940492 71.473 -39.3788
189.302387 72.838 -38.4296
190.674150 74.041 -39.0468
192.055853 75.091 -40.7095
193.447569 76.004 -43.0892
194.849370 76.796 -45.9731
196.261329 77.480 -49.2178
197.683519 78.070 -52.7228
199.116016 78.575 -56.4149
200.558892 79.003 -60.2390
202.012225 79.362 -64.1530
203.476089 79.656 -68.1232
204.950560 79.892 -72.1219
206.435716 80.074 -76.1263
207.931635 80.205 -80.1177
209.438393 80.289 -84.0804
210.956070 80.331 -88.0012
212.484745 80.330 -91.8696
214.024497 80.292 -95.6768
215.575406 80.218 -99.4153
217.137555 80.108 -103.0783
218.711023 79.964 -106.6586
220.295893 79.788 -110.1484
221.892248 79.579 -113.5386
223.500171 79.339 -116.8182
225.119745 79.068 -119.9734
226.751056 78.766 -122.9871
228.394187 78.434 -125.8391
230.049226 78.074 -128.5073
231.716257 77.686 -130.9668
233.395369 77.273 -133.1917
235.086648 76.839 -135.1562
236.790182 76.388 -136.8364
238.506062 75.924 -138.2095
240.234375 75.453 -139.2581
241.975212 74.983 -139.9696
243.728664 74.520 -140.3389
245.494823 74.071 -140.3684
247.273780 73.646 -140.0697
249.065627 73.251 -139.4634
250.870459 72.893 -138.5793
252.688370 72.581 -137.4556
254.519454 72.318 -136.1375
256.363807 72.111 -134.6765
258.221525 71.963 -133.1306
260.092705 71.878 -131.5651
261.977444 71.854 -130.0520
263.875840 71.891 -128.6694
265.787993 71.984 -127.4963
267.714003 72.126 -126.6061
269.653969 72.306 -126.0581
271.607992 72.512 -125.8918
273.576176 72.731 -126.1226
275.558622 72.949 -126.7419
277.555433 73.155 -127.7217
279.566714 73.342 -129.0210
281.592570 73.501 -130.5895
283.633106 73.628 -132.3735
285.688428 73.721 -134.3203
287.758644 73.779 -136.3813
289.843862 73.803 -138.5134
291.944190 73.793 -140.6809
294.059738 73.751 -142.8564
296.190616 73.681 -145.0203
298.336935 73.583 -147.1587
300.498808 73.458 -149.2638
302.676346 73.305 -151.3296
304.869664 73.125 -153.3491
307.078875 72.914 -155.3099
309.304095 72.667 -157.1902
311.545440 72.382 -158.9539
313.803027 72.052 -160.5457
316.076973 71.674 -161.8859
318.367397 71.247 -162.8645
320.674418 70.772 -163.3376
322.998157 70.259 -163.1270
325.338735 69.731 -162.0310
327.696273 69.226 -159.8602
330.070896 68.806 -156.5142
332.462726 68.547 -152.0986
334.871888 68.518 -147.0208
337.298507 68.748 -141.9441
339.742711 69.214 -137.5583
342.204627 69.849 -134.3296
344.684383 70.574 -132.4150
347.182108 71.323 -131.7417
349.697933 72.051 -132.1249
352.231988 72.730 -133.3539
354.784406 73.346 -135.2319
357.355320 73.893 -137.5912
359.944864 74.370 -140.2931
362.553173 74.780 -143.2231
365.180383 75.124 -146.2871
367.826630 75.410 -149.4064
370.492054 75.643 -152.5164
373.176792 75.830 -155.5637
375.880985 75.978 -158.5061
378.604773 76.094 -161.3118
381.348300 76.189 -163.9615
384.111707 76.269 -166.4492
386.895138 76.344 -168.7832
389.698740 76.419 -170.9865
392.522658 76.502 -173.0947
395.367039 76.595 -175.1538
398.232031 76.699 -177.2131
401.117785 76.812 -179.3186
404.024450 76.930 178.4917
406.952177 77.047 176.1938
409.901120 77.156 173.7791
412.871433 77.251 171.2559
415.863270 77.324 168.6489
418.876786 77.372 165.9958
421.912140 77.391 163.3438
424.969489 77.379 160.7451
428.048993 77.338 158.2556
431.150813 77.271 155.9299
434.275109 77.185 153.8174
437.422046 77.086 151.9565
440.591786 76.984 150.3729
443.784496 76.890 149.0736
447.000341 76.816 148.0432
450.239490 76.772 147.2434
453.502111 76.765 146.6162
456.788374 76.802 146.0889
460.098451 76.884 145.5835
463.432514 77.009 145.0249
466.790737 77.174 144.3489
470.173295 77.373 143.5062
473.580365 77.596 142.4644
477.012124 77.838 141.2046
480.468750 78.092 139.7181
483.950425 78.351 138.0040
487.457329 78.610 136.0664
490.989646 78.864 133.9133
494.547559 79.108 131.5555
498.131254 79.339 129.0076
501.740919 79.551 126.2859
505.376740 79.743 123.4102
509.038909 79.911 120.4019
512.727614 80.054 117.2837
516.443050 80.170 114.0786
520.185409 80.257 110.8101
523.954887 80.316 107.5001
527.751680 80.346 104.1707
531.575987 80.347 100.8428
535.428005 80.319 97.5377
539.307937 80.261 94.2772
543.215985 80.176 91.0845
547.152352 80.063 87.9844
551.117243 79.926 85.0024
555.110866 79.766 82.1641
559.133428 79.588 79.4922
563.185140 79.397 77.0035
567.266211 79.197 74.7061
571.376856 78.997 72.5946
575.517288 78.802 70.6501
579.687724 78.617 68.8379
583.888380 78.445 67.1118
588.119476 78.287 65.4192
592.381232 78.140 63.7096
596.673871 77.999 61.9417
600.997615 77.857 60.0886
605.352692 77.707 58.1414
609.739327 77.539 56.1097
614.157750 77.347 54.0204
618.608190 77.124 51.9147
623.090880 76.865 49.8451
627.606053 76.568 47.8717
632.153945 76.232 46.0609
636.734793 75.859 44.4825
641.348836 75.452 43.2078
645.996314 75.019 42.3069
650.677470 74.569 41.8457
655.392547 74.115 41.8773
660.141792 73.674 42.4365
664.925451 73.267 43.5267
669.743775 72.912 45.1101
674.597014 72.633 47.0959
679.485423 72.443 49.3453
684.409254 72.350 51.6818
689.368766 72.354 53.9178
694.364216 72.442 55.8855
699.395865 72.596 57.4612
704.463976 72.793 58.5764
709.568812 73.012 59.2159
714.710640 73.233 59.4070
719.889728 73.439 59.2061
725.106346 73.619 58.6893
730.360766 73.765 57.9407
735.653261 73.873 57.0459
740.984108 73.943 56.0879
746.353584 73.976 55.1431
751.761970 73.976 54.2792
757.209547 73.952 53.5521
762.696599 73.911 53.0029
768.223413 73.863 52.6565
773.790277 73.817 52.5182
779.397480 73.786 52.5712
785.045315 73.777 52.7765
790.734077 73.798 53.0753
796.464062 73.852 53.3955
802.235569 73.938 53.6616
808.048899 74.052 53.8060
813.904354 74.187 53.7778
819.802241 74.333 53.5496
825.742866 74.479 53.1187
831.726539 74.619 52.5045
837.753572 74.746 51.7434
843.824280 74.853 50.8821
849.938979 74.942 49.9698
856.097987 75.013 49.0529
862.301626 75.069 48.1677
868.550219 75.114 47.3385
874.844092 75.154 46.5754
881.183573 75.194 45.8737
887.568992 75.237 45.2162
894.000683 75.287 44.5793
900.478980 75.345 43.9357
907.004222 75.409 43.2584
913.576749 75.479 42.5250
920.196903 75.551 41.7190
926.865029 75.622 40.8312
933.581475 75.690 39.8583
940.346591 75.751 38.8027
947.160730 75.800 37.6724
954.024247 75.837 36.4789
960.937500 75.858 35.2380
967.900849 75.861 33.9691
974.914658 75.845 32.6936
981.979291 75.808 31.4364
989.095118 75.751 30.2247
996.262509 75.674 29.0869
1003.481838 75.578 28.0515
1010.753481 75.466 27.1470
1018.077817 75.342 26.3997
1025.455229 75.208 25.8330
1032.886100 75.072 25.4644
1040.370819 74.939 25.3024
1047.909774 74.816 25.3458
1055.503361 74.709 25.5819
1063.151973 74.625 25.9860
1070.856010 74.570 26.5237
1078.615875 74.546 27.1539
1086.431970 74.555 27.8342
1094.304704 74.599 28.5240
1102.234487 74.678 29.1840
1110.221732 74.789 29.7783
1118.266856 74.931 30.2743
1126.370279 75.103 30.6387
1134.532422 75.300 30.8378
1142.753712 75.520 30.8378
1151.034577 75.757 30.6091
1159.375448 76.004 30.1288
1167.776760 76.255 29.3827
1176.238952 76.502 28.3673
1184.762464 76.738 27.0920
1193.347741 76.956 25.5773
1201.995231 77.151 23.8510
1210.705384 77.317 21.9470
1219.478654 77.453 19.9022
1228.315499 77.556 17.7535
1237.216380 77.627 15.5344
1246.181760 77.664 13.2762
1255.212106 77.670 11.0056
1264.307891 77.646 8.7449
1273.469587 77.592 6.5123
1282.697672 77.510 4.3226
1291.992628 77.402 2.1877
1301.354940 77.267 0.1191
1310.785094 77.107 -1.8739
1320.283583 76.922 -3.7802
1329.850902 76.713 -5.5864
1339.487550 76.479 -7.2777
1349.194029 76.220 -8.8365
1358.970845 75.936 -10.2415
1368.818508 75.629 -11.4673
1378.737531 75.297 -12.4833
1388.728432 74.944 -13.2539
1398.791730 74.571 -13.7399
1408.927952 74.183 -13.8959
1419.137625 73.785 -13.6737
1429.421281 73.386 -13.0248
1439.779457 72.998 -11.9059
1450.212692 72.636 -10.2904
1460.721531 72.318 -8.1790
1471.306521 72.066 -5.6146
1481.968215 71.898 -2.6917
1492.707168 71.829 0.4458
1503.523939 71.866 3.6215
1514.419093 72.004 6.6552
1525.393198 72.233 9.3944
1536.446826 72.535 11.7319
1547.580553 72.891 13.6102
1558.794960 73.285 15.0118
1570.090631 73.701 15.9470
1581.468155 74.126 16.4413
1592.928125 74.553 16.5260
1604.471139 74.973 16.2338
1616.097798 75.381 15.5951
1627.808709 75.774 14.6384
1639.604482 76.147 13.3907
1651.485732 76.496 11.8767
1663.453078 76.820 10.1200
1675.507145 77.115 8.1444
1687.648560 77.380 5.9729
1699.877958 77.611 3.6295
1712.195974 77.808 1.1379
1724.603252 77.969 -1.4766
1737.100438 78.091 -4.1882
1749.688184 78.175 -6.9708
1762.367146 78.219 -9.7980
1775.137984 78.224 -12.6425
1788.001366 78.188 -15.4774
1800.957961 78.113 -18.2753
1814.008445 77.998 -21.0087
1827.153498 77.845 -23.6506
1840.393805 77.654 -26.1735
1853.730057 77.426 -28.5479
1867.162949 77.163 -30.7433
1880.693182 76.867 -32.7256
1894.321460 76.539 -34.4575
1908.048494 76.184 -35.8976
1921.875000 75.807 -37.0024
1935.801698 75.415 -37.7278
1949.829316 75.017 -38.0331
1963.958583 74.624 -37.8875
1978.190236 74.253 -37.2795
1992.525018 73.918 -36.2257
2006.963676 73.638 -34.7778
2021.506962 73.428 -33.0276
2036.155634 73.296 -31.1001
2050.910458 73.248 -29.1398
2065.772200 73.279 -27.2898
2080.741637 73.379 -25.6705
2095.819549 73.534 -24.3688
2111.006721 73.730 -23.4330
2126.303946 73.949 -22.8773
2141.712021 74.179 -22.6908
2157.231749 74.408 -22.8458
2172.863940 74.629 -23.3059
2188.609407 74.834 -24.0310
2204.468973 75.020 -24.9811
2220.443464 75.182 -26.1177
2236.533713 75.318 -27.4036
2252.740558 75.427 -28.8040
2269.064845 75.508 -30.2845
2285.507424 75.561 -31.8125
2302.069153 75.586 -33.3553
2318.750895 75.584 -34.8816
2335.553520 75.557 -36.3613
2352.477904 75.507 -37.7675
2369.524928 75.439 -39.0759
2386.695483 75.355 -40.2675
2403.990462 75.259 -41.3281
2421.410768 75.157 -42.2509
2438.957308 75.053 -43.0360
2456.630998 74.950 -43.6904
2474.432759 74.854 -44.2271
2492.363519 74.766 -44.6632
2510.424213 74.689 -45.0192
2528.615781 74.624 -45.3160
2546.939174 74.572 -45.5740
2565.395345 74.531 -45.8094
2583.985257 74.502 -46.0348
2602.709879 74.482 -46.2587
2621.570188 74.471 -46.4851
2640.567166 74.469 -46.7161
2659.701804 74.475 -46.9519
2678.975100 74.489 -47.1932
2698.388058 74.511 -47.4415
2717.941690 74.543 -47.7012
2737.637016 74.585 -47.9785
2757.475062 74.636 -48.2828
2777.456863 74.698 -48.6248
2797.583461 74.770 -49.0159
2817.855904 74.851 -49.4688
2838.275249 74.940 -49.9963
2858.842562 75.036 -50.6104
2879.558913 75.137 -51.3213
2900.425384 75.242 -52.1381
2921.443062 75.347 -53.0679
2942.613043 75.449 -54.1149
2963.936430 75.545 -55.2798
2985.414335 75.633 -56.5586
3007.047878 75.708 -57.9435
3028.838187 75.768 -59.4210
3050.786397 75.809 -60.9727
3072.893653 75.828 -62.5742
3095.161107 75.824 -64.1963
3117.589920 75.797 -65.8058
3140.181262 75.745 -67.3662
3162.936310 75.671 -68.8400
3185.856250 75.578 -70.1904
3208.942278 75.470 -71.3850
3232.195596 75.353 -72.4005
3255.617418 75.235 -73.2245
3279.208964 75.124 -73.8595
3302.971464 75.027 -74.3257
3326.906156 74.950 -74.6603
3351.014290 74.898 -74.9130
3375.297121 74.873 -75.1395
3399.755915 74.872 -75.3964
3424.391948 74.893 -75.7314
3449.206504 74.928 -76.1779
3474.200876 74.973 -76.7542
3499.376367 75.018 -77.4625
3524.734291 75.059 -78.2906
3550.275969 75.089 -79.2141
3576.002732 75.105 -80.2004
3601.915922 75.104 -81.2119
3628.016889 75.086 -82.2080
3654.306995 75.053 -83.1490
3680.787610 75.007 -83.9988
3707.460115 74.952 -84.7273
3734.325899 74.895 -85.3149
3761.386364 74.841 -85.7546
3788.642920 74.800 -86.0547
3816.096988 74.775 -86.2382
3843.750000 74.772 -86.3430
3871.603397 74.795 -86.4171
3899.658631 74.843 -86.5116
3927.917165 74.915 -86.6746
3956.380472 75.006 -86.9446
3985.050036 75.111 -87.3490
4013.927351 75.223 -87.9016
4043.013923 75.338 -88.6024
4072.311269 75.449 -89.4414
4101.820915 75.552 -90.4014
4131.544400 75.644 -91.4607
4161.483274 75.722 -92.5961
4191.639097 75.786 -93.7839
4222.013442 75.835 -95.0016
4252.607892 75.870 -96.2283
4283.424042 75.890 -97.4459
4314.463498 75.898 -98.6400
4345.727879 75.895 -99.7991
4377.218815 75.881 -100.9146
4408.937947 75.860 -101.9808
4440.886929 75.832 -102.9954
4473.067426 75.798 -103.9572
4505.481116 75.760 -104.8669
4538.129690 75.719 -105.7264
4571.014848 75.675 -106.5365
4604.138306 75.629 -107.2972
4637.501790 75.580 -108.0077
4671.107040 75.530 -108.6661
4704.955807 75.478 -109.2712
4739.049856 75.427 -109.8210
4773.390965 75.377 -110.3143
4807.980924 75.329 -110.7527
4842.821536 75.283 -111.1394
4877.914617 75.242 -111.4801
4913.261997 75.206 -111.7830
4948.865519 75.176 -112.0582
4984.727038 75.151 -112.3168
5020.848425 75.130 -112.5695
5057.231563 75.113 -112.8250
5093.878347 75.097 -113.0884
5130.790689 75.080 -113.3596
5167.970514 75.061 -113.6321
5205.419759 75.038 -113.8936
5243.140376 75.011 -114.1281
5281.134332 74.979 -114.3174
5319.403609 74.944 -114.4434
5357.950200 74.908 -114.4908
5396.776116 74.873 -114.4514
5435.883380 74.845 -114.3236
5475.274032 74.825 -114.1151
5514.950125 74.819 -113.8414
5554.913727 74.826 -113.5244
5595.166922 74.850 -113.1899
5635.711808 74.889 -112.8633
5676.550498 74.942 -112.5674
5717.685123 75.009 -112.3215
5759.117827 75.085 -112.1406
5800.850769 75.169 -112.0341
5842.886124 75.259 -112.0085
5885.226086 75.351 -112.0677
5927.872860 75.444 -112.2134
5970.828671 75.534 -112.4442
6014.095756 75.619 -112.7576
6057.676373 75.696 -113.1467
6101.572794 75.762 -113.6001
6145.787305 75.816 -114.1023
6190.322213 75.855 -114.6338
6235.179840 75.879 -115.1729
6280.362523 75.887 -115.6963
6325.872619 75.881 -116.1821
6371.712500 75.861 -116.6107
6417.884555 75.830 -116.9666
6464.391192 75.789 -117.2379
6511.234836 75.743 -117.4172
6558.417927 75.692 -117.4996
6605.942927 75.640 -117.4835
6653.812313 75.589 -117.3691
6702.028580 75.542 -117.1586
6750.594241 75.501 -116.8573
6799.511830 75.468 -116.4730
6848.783896 75.447 -116.0194
6898.413007 75.438 -115.5143
6948.401751 75.443 -114.9802
6998.752735 75.463 -114.4415
7049.468582 75.497 -113.9215
7100.551937 75.542 -113.4409
7152.005464 75.597 -113.0166
7203.831844 75.659 -112.6592
7256.033779 75.723 -112.3732
7308.613991 75.789 -112.1582
7361.575220 75.853 -112.0096
7414.920229 75.912 -111.9194
7468.651798 75.965 -111.8773
7522.772727 76.011 -111.8712
7577.285840 76.048 -111.8876
7632.193976 76.076 -111.9115
7687.500000 76.096 -111.9293
7743.206794 76.107 -111.9288
7799.317262 76.111 -111.8993
7855.834330 76.109 -111.8329
7912.760944 76.103 -111.7241
7970.100072 76.094 -111.5710
8027.854702 76.083 -111.3741
8086.027847 76.071 -111.1340
8144.622538 76.060 -110.8530
8203.641830 76.051 -110.5349
8263.088801 76.044 -110.1831
8322.966548 76.040 -109.8027
8383.278195 76.040 -109.4010
8444.026884 76.045 -108.9860
8505.215784 76.054 -108.5653
8566.848084 76.067 -108.1482
8628.926996 76.084 -107.7424
8691.455758 76.104 -107.3538
8754.437630 76.126 -106.9862
8817.875894 76.149 -106.6418
8881.773857 76.172 -106.3214
8946.134852 76.194 -106.0253
9010.962233 76.215 -105.7526
9076.259380 76.234 -105.5031
9142.029697 76.250 -105.2750
9208.276612 76.262 -105.0671
9275.003581 76.269 -104.8761
9342.214080 76.272 -104.6992
9409.911614 76.270 -104.5332
9478.099713 76.262 -104.3738
9546.781930 76.247 -104.2164
9615.961848 76.225 -104.0551
9685.643071 76.197 -103.8827
9755.829233 76.161 -103.6914
9826.523994 76.119 -103.4724
9897.731037 76.071 -103.2178
9969.454076 76.019 -102.9215
10041.696850 75.963 -102.5796
10114.463125 75.905 -102.1918
10187.756694 75.847 -101.7605
10261.581379 75.789 -101.2905
10335.941028 75.734 -100.7880
10410.839517 75.680 -100.2596
10486.280752 75.629 -99.7131
10562.268665 75.579 -99.1547
10638.807218 75.532 -98.5909
10715.900400 75.486 -98.0270
10793.552232 75.441 -97.4658
10871.766761 75.397 -96.9098
10950.548064 75.351 -96.3597
11029.900250 75.305 -95.8152
11109.827454 75.258 -95.2747
11190.333843 75.208 -94.7356
11271.423615 75.155 -94.1954
11353.100997 75.101 -93.6522
11435.370247 75.044 -93.1039
11518.235653 74.985 -92.5490
11601.701537 74.924 -91.9872
11685.772249 74.862 -91.4186
11770.452172 74.796 -90.8435
11855.745720 74.729 -90.2620
11941.657341 74.660 -89.6735
12028.191513 74.589 -89.0780
12115.352747 74.516 -88.4746
12203.145587 74.439 -87.8616
12291.574610 74.361 -87.2371
12380.644427 74.281 -86.5996
12470.359680 74.199 -85.9478
12560.725047 74.115 -85.2803
12651.745238 74.030 -84.5977
12743.425000 73.945 -83.9009
12835.769110 73.859 -83.1927
12928.782385 73.774 -82.4771
13022.469671 73.690 -81.7582
13116.835855 73.604 -81.0411
13211.885854 73.519 -80.3298
13307.624625 73.432 -79.6265
13404.057159 73.344 -78.9320
13501.188483 73.252 -78.2443
13599.023660 73.156 -77.5581
13697.567791 73.057 -76.8682
13796.826014 72.954 -76.1687
13896.803503 72.848 -75.4539
13997.505470 72.739 -74.7186
14098.937164 72.627 -73.9594
14201.103875 72.514 -73.1747
14304.010928 72.401 -72.3639
14407.663687 72.289 -71.5284
14512.067557 72.179 -70.6703
14617.227981 72.071 -69.7938
14723.150441 71.968 -68.9047
14829.840458 71.869 -68.0094
14937.303595 71.775 -67.1160
15045.545455 71.687 -66.2346
15154.571679 71.604 -65.3749
15264.387953 71.526 -64.5461
15375.000000 71.453 -63.7574
15486.413588 71.383 -63.0159
15598.634525 71.316 -62.3268
15711.668661 71.249 -61.6929
15825.521888 71.183 -61.1154
15940.200144 71.116 -60.5936
16055.709405 71.047 -60.1263
16172.055694 70.976 -59.7115
16289.245076 70.902 -59.3473
16407.283660 70.825 -59.0317
16526.177601 70.744 -58.7625
16645.933097 70.660 -58.5371
16766.556390 70.572 -58.3540
16888.053769 70.480 -58.2108
17010.431568 70.386 -58.1051
17133.696167 70.288 -58.0363
17257.853993 70.188 -58.0057
17382.911517 70.087 -58.0129
17508.875259 69.985 -58.0593
17635.751787 69.882 -58.1670
17763.547714 69.777 -58.3407
17892.269704 69.669 -58.5393
18021.924466 69.564 -58.7800
18152.518759 69.461 -59.0911
18284.059393 69.361 -59.4833
18416.553225 69.262 -59.9685
18550.007161 69.165 -60.5577
18684.428160 69.068 -61.2610
18819.823228 68.969 -62.0865
18956.199425 68.869 -63.0421
19093.563861 68.763 -64.1345
19231.923695 68.653 -65.3682
19371.286142 68.535 -66.7466
19511.658467 68.407 -68.2734
19653.047987 68.267 -69.9513
19795.462074 68.111 -71.7833
19938.908153 67.937 -73.7802
20083.393701 67.731 -75.8143
20228.926250 67.493 -77.8385
20375.513389 67.218 -79.9856
20523.162758 66.903 -82.2461
20671.882055 66.537 -84.6088
20821.679034 66.109 -87.0597
20972.561504 65.609 -89.5839
21124.537330 65.020 -92.1648
21277.614435 64.326 -94.7856
21431.800801 63.506 -97.4293
21587.104464 62.537 -100.0792
21743.533521 61.390 -102.7202
21901.096129 60.034 -105.3381
22059.800499 58.430 -107.9213
22219.654907 56.532 -110.4594
22380.667686 54.286 -112.9446
22542.847230 51.626 -115.3711
22706.201994 48.474 -117.7349
22870.740494 44.736 -120.0339
23036.471307 40.300 -122.2677
23203.403074 35.042 -124.4368
23371.544498 28.846 -126.5428
23540.904344 21.647 -128.5885
23711.491441 13.508 -130.5769
23883.314682 5.059 -132.5120
