* Measurement data measured by REW V5.40 beta 133
* Source: Frequency response averaged data
* Format: Averaged data produced from the rms magnitudes of L 120.green.1, L 120.green.2, L 120.green.3, L 120.green.4, L.0
* Dated: Sep 11, 2026, 11:15:34 AM
* REW Settings:
*  C-weighting compensation: Off
*  Target level: 75.0 dB
* Note: ; Averaged data produced from the rms magnitudes of L 120.green.1, L 120.green.2, L 120.green.3, L 120.green.4, L.0
* Measurement: L-SP
* Smoothing: 1/48 octave
* Frequency Step: 96 ppo
* Start Frequency: 15.12345 Hz
*
* Freq(Hz) SPL(dB)
15.123450 68.969
15.233041 69.123
15.343426 69.314
15.454611 69.514
15.566601 69.718
15.679403 69.923
15.793023 70.128
15.907465 70.334
16.022737 70.539
16.138845 70.741
16.255794 70.941
16.373590 71.139
16.492239 71.332
16.611749 71.522
16.732125 71.708
16.853372 71.890
16.975499 72.068
17.098510 72.242
17.222413 72.412
17.347214 72.579
17.472919 72.742
17.599535 72.900
17.727069 73.055
17.855526 73.206
17.984915 73.352
18.115241 73.494
18.246511 73.632
18.378733 73.764
18.511913 73.891
18.646058 74.012
18.781175 74.127
18.917271 74.237
19.054353 74.340
19.192429 74.437
19.331505 74.527
19.471589 74.612
19.612689 74.690
19.754810 74.762
19.897962 74.829
20.042150 74.892
20.187384 74.950
20.333670 75.005
20.481016 75.058
20.629430 75.108
20.778920 75.157
20.929492 75.206
21.081156 75.255
21.233919 75.304
21.387788 75.353
21.542773 75.403
21.698881 75.453
21.856120 75.504
22.014499 75.553
22.174025 75.602
22.334707 75.650
22.496553 75.694
22.659573 75.735
22.823773 75.772
22.989164 75.804
23.155753 75.830
23.323549 75.849
23.492561 75.860
23.662798 75.863
23.834268 75.856
24.006981 75.839
24.180945 75.810
24.356170 75.769
24.532665 75.714
24.710439 75.646
24.889501 75.563
25.069861 75.464
25.251527 75.349
25.434510 75.217
25.618819 75.068
25.804464 74.900
25.991454 74.715
26.179798 74.513
26.369508 74.293
26.560592 74.056
26.753061 73.805
26.946925 73.541
27.142193 73.267
27.338877 72.987
27.536986 72.707
27.736530 72.433
27.937520 72.174
28.139967 71.940
28.343881 71.741
28.549272 71.589
28.756152 71.493
28.964531 71.461
29.174420 71.497
29.385830 71.600
29.598772 71.765
29.813257 71.983
30.029296 72.243
30.246901 72.535
30.466082 72.845
30.686852 73.165
30.909221 73.486
31.133202 73.801
31.358806 74.106
31.586045 74.395
31.814931 74.668
32.045475 74.921
32.277690 75.154
32.511587 75.367
32.747179 75.559
32.984479 75.729
33.223498 75.879
33.464249 76.006
33.706745 76.111
33.950998 76.194
34.197021 76.253
34.444827 76.288
34.694428 76.298
34.945838 76.282
35.199070 76.239
35.454137 76.166
35.711052 76.066
35.969829 75.936
36.230482 75.777
36.493023 75.589
36.757466 75.372
37.023826 75.125
37.292116 74.850
37.562350 74.547
37.834542 74.220
38.108707 73.869
38.384858 73.500
38.663011 73.115
38.943179 72.721
39.225377 72.324
39.509620 71.932
39.795923 71.553
40.084301 71.199
40.374768 70.880
40.667341 70.607
40.962033 70.390
41.258861 70.238
41.557839 70.157
41.858985 70.148
42.162312 70.211
42.467838 70.341
42.775577 70.532
43.085546 70.776
43.397762 71.066
43.712240 71.393
44.028997 71.751
44.348049 72.134
44.669414 72.536
44.993107 72.953
45.319145 73.379
45.647546 73.810
45.978327 74.242
46.311505 74.669
46.647097 75.088
46.985122 75.493
47.325595 75.882
47.668536 76.249
48.013962 76.591
48.361891 76.905
48.712341 77.189
49.065331 77.439
49.420878 77.654
49.779002 77.831
50.139721 77.969
50.503055 78.069
50.869021 78.129
51.237638 78.149
51.608927 78.131
51.982907 78.074
52.359597 77.980
52.739016 77.851
53.121184 77.687
53.506122 77.492
53.893850 77.265
54.284387 77.010
54.677754 76.729
55.073972 76.422
55.473060 76.091
55.875041 75.737
56.279934 75.362
56.687762 74.964
57.098545 74.544
57.512305 74.102
57.929062 73.636
58.348840 73.146
58.771660 72.629
59.197544 72.087
59.626514 71.519
60.058592 70.927
60.493801 70.317
60.932164 69.696
61.373704 69.079
61.818443 68.485
62.266405 67.938
62.717613 67.466
63.172091 67.094
63.629862 66.838
64.090950 66.703
64.555379 66.676
65.023174 66.730
65.494359 66.838
65.968958 66.968
66.446996 67.095
66.928498 67.200
67.413490 67.270
67.901996 67.295
68.394042 67.271
68.889653 67.200
69.388856 67.084
69.891676 66.934
70.398140 66.766
70.908274 66.603
71.422105 66.479
71.939659 66.436
72.460963 66.519
72.986045 66.765
73.514932 67.190
74.047652 67.785
74.584231 68.515
75.124699 69.337
75.669084 70.207
76.217413 71.089
76.769716 71.957
77.326021 72.792
77.886357 73.583
78.450754 74.323
79.019241 75.008
79.591847 75.635
80.168602 76.203
80.749537 76.713
81.334681 77.164
81.924066 77.558
82.517721 77.896
83.115679 78.179
83.717969 78.409
84.324624 78.587
84.935675 78.715
85.551154 78.794
86.171093 78.826
86.795524 78.812
87.424480 78.753
88.057994 78.650
88.696099 78.505
89.338827 78.318
89.986213 78.092
90.638290 77.829
91.295093 77.532
91.956655 77.206
92.623010 76.857
93.294195 76.494
93.970243 76.126
94.651190 75.767
95.337072 75.431
96.027924 75.135
96.723781 74.892
97.424682 74.716
98.130661 74.614
98.841756 74.587
99.558005 74.630
100.279443 74.733
101.006109 74.883
101.738041 75.065
102.475277 75.266
103.217855 75.475
103.965814 75.683
104.719193 75.884
105.478032 76.073
106.242369 76.247
107.012245 76.406
107.787700 76.549
108.568774 76.677
109.355508 76.789
110.147943 76.888
110.946120 76.972
111.750082 77.043
112.559869 77.101
113.375524 77.147
114.197090 77.181
115.024609 77.204
115.858125 77.218
116.697681 77.223
117.543320 77.221
118.395087 77.213
119.253027 77.200
120.117184 77.182
120.987602 77.160
121.864328 77.133
122.747407 77.101
123.636886 77.064
124.532810 77.023
125.435226 76.978
126.344181 76.928
127.259723 76.876
128.181899 76.823
129.110758 76.772
130.046348 76.723
130.988718 76.680
131.937916 76.644
132.893992 76.617
133.856997 76.598
134.826980 76.587
135.803992 76.584
136.788084 76.586
137.779306 76.592
138.777712 76.599
139.783353 76.605
140.796280 76.609
141.816548 76.608
142.844209 76.602
143.879317 76.592
144.921926 76.576
145.972090 76.558
147.029864 76.535
148.095303 76.510
149.168463 76.482
150.249399 76.453
151.338168 76.421
152.434827 76.385
153.539432 76.342
154.652042 76.290
155.772715 76.227
156.901508 76.150
158.038481 76.054
159.183693 75.939
160.337204 75.799
161.499073 75.635
162.669362 75.442
163.848131 75.221
165.035443 74.970
166.231357 74.688
167.435938 74.376
168.649248 74.035
169.871350 73.664
171.102308 73.268
172.342186 72.848
173.591048 72.409
174.848961 71.956
176.115988 71.497
177.392197 71.045
178.677654 70.617
179.972426 70.234
181.276581 69.926
182.590185 69.722
183.913309 69.650
185.246021 69.724
186.588390 69.944
187.940486 70.291
189.302381 70.734
190.674144 71.238
192.055847 71.772
193.447563 72.309
194.849364 72.829
196.261322 73.318
197.683513 73.769
199.116009 74.175
200.558886 74.533
202.012218 74.841
203.476082 75.101
204.950554 75.312
206.435710 75.476
207.931628 75.593
209.438386 75.667
210.956063 75.700
212.484738 75.693
214.024490 75.649
215.575399 75.570
217.137548 75.459
218.711016 75.318
220.295886 75.148
221.892241 74.953
223.500163 74.734
225.119738 74.493
226.751048 74.230
228.394180 73.947
230.049218 73.645
231.716250 73.324
233.395361 72.984
235.086640 72.625
236.790175 72.245
238.506054 71.843
240.234367 71.416
241.975204 70.962
243.728657 70.478
245.494815 69.960
247.273771 69.407
249.065619 68.815
250.870451 68.186
252.688362 67.520
254.519446 66.825
256.363799 66.112
258.221517 65.406
260.092696 64.742
261.977435 64.168
263.875832 63.743
265.787985 63.514
267.713994 63.506
269.653960 63.702
271.607984 64.054
273.576167 64.500
275.558613 64.987
277.555424 65.472
279.566705 65.928
281.592561 66.338
283.633096 66.693
285.688419 66.991
287.758635 67.230
289.843852 67.412
291.944181 67.538
294.059728 67.611
296.190606 67.631
298.336926 67.603
300.498798 67.526
302.676336 67.404
304.869654 67.239
307.078865 67.034
309.304085 66.795
311.545430 66.526
313.803016 66.238
316.076962 65.942
318.367386 65.653
320.674408 65.391
322.998147 65.178
325.338724 65.037
327.696263 64.990
330.070885 65.051
332.462715 65.222
334.871877 65.493
337.298496 65.843
339.742700 66.248
342.204616 66.682
344.684372 67.125
347.182097 67.557
349.697921 67.967
352.231977 68.345
354.784395 68.688
357.355309 68.992
359.944853 69.257
362.553161 69.485
365.180371 69.677
367.826618 69.840
370.492042 69.975
373.176780 70.091
375.880973 70.191
378.604761 70.281
381.348287 70.367
384.111694 70.453
386.895126 70.541
389.698727 70.634
392.522645 70.730
395.367026 70.827
398.232018 70.921
401.117772 71.008
404.024436 71.083
406.952164 71.141
409.901107 71.178
412.871420 71.191
415.863256 71.178
418.876773 71.137
421.912126 71.069
424.969476 70.976
428.048980 70.862
431.150799 70.733
434.275095 70.597
437.422032 70.463
440.591772 70.342
443.784482 70.242
447.000327 70.176
450.239476 70.151
453.502096 70.172
456.788360 70.241
460.098436 70.356
463.432499 70.512
466.790722 70.703
470.173280 70.920
473.580350 71.157
477.012108 71.405
480.468734 71.659
483.950409 71.913
487.457313 72.163
490.989630 72.404
494.547543 72.633
498.131238 72.846
501.740903 73.039
505.376724 73.209
509.038892 73.355
512.727598 73.474
516.443033 73.565
520.185392 73.629
523.954870 73.665
527.751663 73.675
531.575969 73.661
535.427988 73.624
539.307920 73.566
543.215967 73.491
547.152334 73.401
551.117225 73.299
555.110848 73.188
559.133410 73.070
563.185121 72.948
567.266193 72.823
571.376838 72.698
575.517270 72.571
579.687705 72.445
583.888361 72.316
588.119457 72.185
592.381213 72.049
596.673851 71.905
600.997596 71.750
605.352672 71.583
609.739307 71.401
614.157730 71.202
618.608170 70.986
623.090860 70.752
627.606033 70.502
632.153925 70.238
636.734773 69.962
641.348815 69.679
645.996293 69.392
650.677449 69.110
655.392526 68.838
660.141770 68.586
664.925430 68.365
669.743753 68.182
674.596993 68.046
679.485401 67.964
684.409232 67.940
689.368743 67.971
694.364193 68.053
699.395843 68.179
704.463953 68.337
709.568789 68.517
714.710617 68.707
719.889705 68.897
725.106323 69.080
730.360742 69.249
735.653237 69.400
740.984084 69.531
746.353560 69.641
751.761945 69.732
757.209522 69.805
762.696574 69.863
768.223388 69.908
773.790252 69.943
779.397455 69.970
785.045290 69.992
790.734052 70.009
796.464037 70.021
802.235543 70.029
808.048873 70.032
813.904328 70.029
819.802214 70.018
825.742839 69.998
831.726512 69.968
837.753545 69.926
843.824253 69.872
849.938951 69.807
856.097959 69.730
862.301598 69.643
868.550191 69.548
874.844063 69.447
881.183544 69.344
887.568963 69.241
894.000654 69.141
900.478951 69.047
907.004193 68.960
913.576719 68.884
920.196873 68.819
926.864999 68.767
933.581444 68.727
940.346560 68.699
947.160699 68.679
954.024216 68.664
960.937469 68.652
967.900818 68.639
974.914626 68.622
981.979259 68.597
989.095086 68.564
996.262477 68.523
1003.481805 68.476
1010.753448 68.427
1018.077784 68.380
1025.455196 68.341
1032.886067 68.315
1040.370785 68.307
1047.909740 68.321
1055.503326 68.359
1063.151939 68.420
1070.855976 68.505
1078.615840 68.608
1086.431935 68.727
1094.304668 68.859
1102.234451 69.001
1110.221696 69.150
1118.266820 69.307
1126.370243 69.470
1134.532386 69.640
1142.753675 69.815
1151.034539 69.994
1159.375410 70.175
1167.776722 70.356
1176.238914 70.532
1184.762426 70.700
1193.347703 70.857
1201.995192 70.999
1210.705345 71.124
1219.478615 71.231
1228.315459 71.319
1237.216340 71.390
1246.181719 71.443
1255.212066 71.481
1264.307850 71.504
1273.469546 71.513
1282.697631 71.509
1291.992587 71.492
1301.354897 71.462
1310.785051 71.417
1320.283540 71.356
1329.850859 71.278
1339.487507 71.180
1349.193985 71.062
1358.970801 70.920
1368.818464 70.752
1378.737487 70.559
1388.728387 70.337
1398.791685 70.087
1408.927906 69.810
1419.137579 69.506
1429.421235 69.180
1439.779410 68.836
1450.212645 68.486
1460.721484 68.140
1471.306474 67.816
1481.968167 67.531
1492.707119 67.306
1503.523890 67.159
1514.419044 67.103
1525.393149 67.142
1536.446776 67.273
1547.580503 67.485
1558.794909 67.759
1570.090580 68.079
1581.468104 68.426
1592.928073 68.786
1604.471087 69.146
1616.097746 69.497
1627.808656 69.834
1639.604429 70.150
1651.485678 70.444
1663.453024 70.713
1675.507091 70.955
1687.648506 71.170
1699.877902 71.357
1712.195918 71.516
1724.603196 71.646
1737.100382 71.747
1749.688127 71.819
1762.367088 71.862
1775.137927 71.877
1788.001308 71.863
1800.957903 71.821
1814.008386 71.753
1827.153438 71.659
1840.393745 71.540
1853.729997 71.396
1867.162889 71.229
1880.693121 71.041
1894.321398 70.831
1908.048432 70.603
1921.874938 70.357
1935.801636 70.098
1949.829252 69.828
1963.958519 69.551
1978.190172 69.273
1992.524953 69.001
2006.963611 68.742
2021.506896 68.505
2036.155568 68.298
2050.910391 68.130
2065.772133 68.006
2080.741570 67.932
2095.819481 67.908
2111.006653 67.931
2126.303877 67.996
2141.711952 68.094
2157.231679 68.217
2172.863869 68.354
2188.609336 68.495
2204.468902 68.634
2220.443392 68.763
2236.533640 68.878
2252.740485 68.975
2269.064771 69.051
2285.507350 69.107
2302.069078 69.143
2318.750820 69.160
2335.553444 69.161
2352.477827 69.148
2369.524851 69.126
2386.695405 69.099
2403.990384 69.070
2421.410689 69.042
2438.957229 69.020
2456.630919 69.005
2474.432679 68.999
2492.363438 69.002
2510.424131 69.014
2528.615699 69.033
2546.939091 69.056
2565.395262 69.083
2583.985173 69.109
2602.709795 69.133
2621.570103 69.152
2640.567081 69.166
2659.701718 69.174
2678.975013 69.176
2698.387971 69.174
2717.941602 69.171
2737.636927 69.169
2757.474973 69.172
2777.456773 69.182
2797.583370 69.202
2817.855812 69.234
2838.275157 69.279
2858.842469 69.337
2879.558820 69.406
2900.425290 69.486
2921.442968 69.571
2942.612948 69.660
2963.936334 69.748
2985.414238 69.831
3007.047781 69.907
3028.838089 69.970
3050.786298 70.019
3072.893553 70.050
3095.161006 70.063
3117.589819 70.055
3140.181160 70.027
3162.936207 69.978
3185.856147 69.912
3208.942174 69.829
3232.195491 69.734
3255.617312 69.631
3279.208857 69.526
3302.971357 69.423
3326.906049 69.328
3351.014181 69.244
3375.297011 69.176
3399.755805 69.125
3424.391837 69.090
3449.206392 69.071
3474.200763 69.065
3499.376254 69.070
3524.734177 69.082
3550.275854 69.097
3576.002616 69.114
3601.915805 69.131
3628.016772 69.147
3654.306877 69.161
3680.787491 69.175
3707.459994 69.189
3734.325778 69.205
3761.386242 69.225
3788.642797 69.251
3816.096864 69.284
3843.749875 69.325
3871.603271 69.376
3899.658505 69.437
3927.917038 69.507
3956.380344 69.585
3985.049907 69.668
4013.927221 69.754
4043.013792 69.841
4072.311137 69.924
4101.820782 70.001
4131.544266 70.069
4161.483139 70.127
4191.638962 70.172
4222.013305 70.204
4252.607754 70.222
4283.423903 70.227
4314.463358 70.219
4345.727738 70.201
4377.218673 70.175
4408.937804 70.143
4440.886785 70.108
4473.067281 70.072
4505.480970 70.039
4538.129543 70.008
4571.014700 69.983
4604.138157 69.963
4637.501640 69.947
4671.106889 69.935
4704.955655 69.924
4739.049703 69.914
4773.390810 69.902
4807.980768 69.887
4842.821379 69.868
4877.914459 69.844
4913.261838 69.815
4948.865358 69.783
4984.726877 69.746
5020.848262 69.707
5057.231399 69.665
5093.878182 69.621
5130.790523 69.575
5167.970346 69.527
5205.419590 69.477
5243.140206 69.426
5281.134161 69.375
5319.403436 69.325
5357.950026 69.278
5396.775941 69.239
5435.883204 69.212
5475.273855 69.199
5514.949946 69.205
5554.913547 69.232
5595.166740 69.280
5635.711625 69.349
5676.550314 69.436
5717.684938 69.537
5759.117640 69.648
5800.850581 69.764
5842.885935 69.880
5885.225895 69.991
5927.872668 70.094
5970.828477 70.186
6014.095561 70.264
6057.676177 70.328
6101.572596 70.375
6145.787106 70.406
6190.322013 70.420
6235.179638 70.417
6280.362320 70.400
6325.872414 70.369
6371.712293 70.328
6417.884347 70.279
6464.390983 70.225
6511.234625 70.170
6558.417715 70.117
6605.942713 70.070
6653.812097 70.031
6702.028362 70.002
6750.594023 69.984
6799.511610 69.977
6848.783674 69.983
6898.412783 69.999
6948.401526 70.025
6998.752508 70.060
7049.468354 70.102
7100.551707 70.150
7152.005232 70.202
7203.831610 70.257
7256.033544 70.312
7308.613754 70.366
7361.574982 70.419
7414.919989 70.470
7468.651556 70.517
7522.772483 70.562
7577.285594 70.602
7632.193729 70.640
7687.499751 70.673
7743.206543 70.702
7799.317010 70.727
7855.834076 70.748
7912.760688 70.765
7970.099813 70.778
8027.854442 70.787
8086.027585 70.794
8144.622274 70.799
8203.641564 70.804
8263.088533 70.810
8322.966279 70.819
8383.277923 70.830
8444.026611 70.845
8505.215508 70.865
8566.847806 70.889
8628.926717 70.919
8691.455477 70.954
8754.437346 70.993
8817.875608 71.036
8881.773569 71.081
8946.134562 71.129
9010.961941 71.177
9076.259085 71.223
9142.029400 71.267
9208.276314 71.307
9275.003280 71.343
9342.213777 71.373
9409.911309 71.397
9478.099405 71.414
9546.781621 71.425
9615.961536 71.429
9685.642757 71.428
9755.828917 71.421
9826.523675 71.408
9897.730716 71.392
9969.453753 71.373
10041.696525 71.351
10114.462797 71.327
10187.756364 71.302
10261.581046 71.276
10335.940693 71.251
10410.839180 71.226
10486.280412 71.201
10562.268322 71.177
10638.806873 71.153
10715.900053 71.130
10793.551882 71.107
10871.766408 71.085
10950.547709 71.062
11029.899892 71.038
11109.827094 71.013
11190.333480 70.987
11271.423250 70.958
11353.100629 70.928
11435.369876 70.895
11518.235280 70.860
11601.701161 70.823
11685.771870 70.785
11770.451790 70.744
11855.745336 70.702
11941.656954 70.658
12028.191123 70.613
12115.352354 70.567
12203.145191 70.519
12291.574212 70.471
12380.644026 70.423
12470.359276 70.375
12560.724640 70.329
12651.744828 70.284
12743.424587 70.241
12835.768694 70.200
12928.781965 70.162
13022.469249 70.126
13116.835429 70.092
13211.885426 70.059
13307.624194 70.026
13404.056725 69.992
13501.188045 69.957
13599.023219 69.919
13697.567347 69.880
13796.825567 69.838
13896.803052 69.793
13997.505016 69.747
14098.936707 69.699
14201.103415 69.649
14304.010464 69.601
14407.663220 69.552
14512.067087 69.505
14617.227507 69.460
14723.149963 69.418
14829.839977 69.379
14937.303111 69.344
15045.544967 69.311
15154.571188 69.282
15264.387458 69.255
15374.999502 69.230
15486.413086 69.206
15598.634019 69.183
15711.668151 69.160
15825.521375 69.137
15940.199627 69.112
16055.708884 69.088
16172.055169 69.063
16289.244548 69.038
16407.283129 69.013
16526.177066 68.990
16645.932557 68.968
16766.555846 68.947
16888.053221 68.930
17010.431017 68.915
17133.695612 68.904
17257.853433 68.896
17382.910953 68.893
17508.874692 68.893
17635.751215 68.896
17763.547139 68.899
17892.269124 68.903
18021.923881 68.908
18152.518171 68.917
18284.058800 68.927
18416.552628 68.937
18550.006560 68.945
18684.427554 68.952
18819.822618 68.956
18956.198811 68.954
19093.563242 68.945
19231.923072 68.928
19371.285514 68.900
19511.657834 68.860
19653.047350 68.805
19795.461433 68.731
19938.907506 68.634
20083.393050 68.505
20228.925594 68.340
20375.512728 68.136
20523.162093 67.888
20671.881385 67.587
20821.678359 67.222
20972.560824 66.782
21124.536645 66.252
21277.613745 65.616
21431.800106 64.855
21587.103764 63.945
21743.532817 62.862
21901.095419 61.576
22059.799784 60.052
22219.654187 58.250
22380.666961 56.124
22542.846499 53.620
22706.201258 50.676
22870.739752 47.224
23036.470560 43.189
23203.402322 38.499
23371.543740 33.100
23540.903581 26.974
23711.490672 20.165
23883.313908 12.977
24056.382246 8.391
