* Measurement data measured by REW V5.40 beta 133
* Source: U18dB [plughw:3,0], Mic (Mic), R, Volume: 1.000. Timing signal peak level -26.5 dBFS, measurement signal peak level -14.5 dBFS
* Format: 512k Log Swept Sine, 1 sweep at -12.0 dBFS using an acoustic timing reference
* Dated: Sep 10, 2026, 11:05:11 AM
* REW Settings:
*  C-weighting compensation: Off
*  Target level: 75.0 dB
* Note: ; 10 sept 2026  Position MLP 4.18m from front wall 3.32m from R and L speaker  1.20m speakers to front wall marker: green 2 screen panels prolongation - new setup DAC level -29dB MIC HEIGHT: 1.000m mic boom arm height: 1.040 -12dBFS OKTO -28dB DELAY 0.0001 ms (0.03 mm, 0 in) using estimated IR delay relative to Acoustic reference played from DAC8STEREO L with no timing offset Clock adjustment: -15.1 ppm
* Measurement: L.0
* Smoothing: 1/48 octave
* Frequency Step: 96 ppo
* Start Frequency: 15.014648 Hz
*
* Freq(Hz) SPL(dB) Phase(degrees)
15.014648 69.349 -150.1352
15.123451 69.426 -151.2074
15.233042 69.527 -152.3714
15.343426 69.640 -153.6466
15.454611 69.766 -155.0397
15.566602 69.905 -156.5310
15.679404 70.055 -158.1151
15.793023 70.214 -159.7883
15.907466 70.384 -161.5460
16.022738 70.562 -163.3665
16.138845 70.746 -165.2293
16.255794 70.936 -167.1402
16.373590 71.131 -169.0818
16.492240 71.326 -171.0259
16.611750 71.522 -172.9787
16.732125 71.718 -174.9361
16.853373 71.911 -176.8752
16.975500 72.102 -178.8008
17.098511 72.289 179.2824
17.222414 72.470 177.3859
17.347215 72.648 175.5046
17.472920 72.820 173.6313
17.599536 72.987 171.7689
17.727069 73.148 169.9084
17.855527 73.303 168.0473
17.984915 73.453 166.1859
18.115241 73.597 164.3130
18.246512 73.736 162.4326
18.378734 73.869 160.5479
18.511914 73.995 158.6444
18.646058 74.116 156.7371
18.781175 74.230 154.8267
18.917272 74.337 152.9016
19.054354 74.437 150.9875
19.192430 74.531 149.0725
19.331506 74.616 147.1599
19.471590 74.694 145.2726
19.612689 74.764 143.3900
19.754811 74.827 141.5308
19.897962 74.883 139.7009
20.042151 74.933 137.8893
20.187385 74.978 136.1140
20.333671 75.017 134.3664
20.481017 75.053 132.6481
20.629431 75.087 130.9630
20.778920 75.119 129.3044
20.929493 75.151 127.6690
21.081157 75.183 126.0564
21.233919 75.215 124.4564
21.387789 75.250 122.8636
21.542774 75.285 121.2750
21.698882 75.321 119.6744
21.856121 75.359 118.0638
22.014499 75.398 116.4302
22.174025 75.436 114.7686
22.334708 75.474 113.0777
22.496554 75.510 111.3460
22.659573 75.543 109.5786
22.823774 75.573 107.7722
22.989164 75.598 105.9243
23.155753 75.618 104.0450
23.323549 75.631 102.1238
23.492562 75.637 100.1806
23.662798 75.635 98.2021
23.834269 75.623 96.2102
24.006982 75.601 94.1948
24.180946 75.568 92.1746
24.356171 75.522 90.1455
24.532666 75.464 88.1212
24.710440 75.391 86.1059
24.889502 75.304 84.1085
25.069862 75.201 82.1414
25.251528 75.082 80.2111
25.434511 74.947 78.3364
25.618820 74.794 76.5246
25.804465 74.623 74.7988
25.991454 74.434 73.1693
26.179799 74.227 71.6611
26.369509 74.002 70.2895
26.560593 73.759 69.0794
26.753062 73.500 68.0510
26.946926 73.227 67.2317
27.142194 72.943 66.6420
27.338878 72.651 66.3139
27.536987 72.360 66.2599
27.736531 72.074 66.5143
27.937521 71.805 67.0692
28.139968 71.562 67.9472
28.343882 71.360 69.1056
28.549273 71.208 70.5266
28.756153 71.119 72.1299
28.964532 71.100 73.8328
29.174421 71.155 75.5504
29.385831 71.281 77.1524
29.598773 71.473 78.5802
29.813258 71.720 79.7261
30.029297 72.009 80.5682
30.246902 72.328 81.0670
30.466083 72.664 81.2241
30.686853 73.008 81.0526
30.909222 73.349 80.5698
31.133203 73.682 79.8076
31.358807 74.001 78.7875
31.586046 74.302 77.5456
31.814932 74.584 76.0995
32.045476 74.844 74.4783
32.277691 75.083 72.7021
32.511588 75.300 70.7822
32.747180 75.495 68.7444
32.984480 75.669 66.5964
33.223499 75.821 64.3474
33.464250 75.951 62.0184
33.706746 76.060 59.6119
33.950999 76.146 57.1377
34.197022 76.209 54.6148
34.444828 76.248 52.0456
34.694429 76.262 49.4391
34.945839 76.250 46.8148
35.199071 76.210 44.1809
35.454138 76.141 41.5575
35.711054 76.042 38.9716
35.969831 75.914 36.4302
36.230483 75.755 33.9456
36.493024 75.566 31.5461
36.757467 75.346 29.2520
37.023827 75.096 27.0832
37.292117 74.815 25.0664
37.562351 74.506 23.2328
37.834543 74.171 21.6085
38.108708 73.813 20.2252
38.384859 73.434 19.1151
38.663012 73.040 18.3074
38.943180 72.637 17.8329
39.225378 72.230 17.7214
39.509622 71.828 17.9957
39.795925 71.441 18.6630
40.084302 71.080 19.7256
40.374770 70.755 21.1695
40.667342 70.478 22.9600
40.962034 70.259 25.0366
41.258862 70.107 27.3199
41.557841 70.027 29.7213
41.858986 70.019 32.1449
42.162313 70.082 34.4984
42.467839 70.211 36.7008
42.775578 70.398 38.6884
43.085548 70.636 40.4168
43.397763 70.916 41.8592
43.712242 71.232 43.0013
44.028998 71.576 43.8374
44.348051 71.944 44.3668
44.669415 72.332 44.5903
44.993108 72.734 44.5081
45.319147 73.147 44.1178
45.647548 73.567 43.4175
45.978329 73.988 42.4056
46.311507 74.406 41.0819
46.647099 74.818 39.4483
46.985123 75.218 37.5092
47.325597 75.603 35.2720
47.668537 75.968 32.7480
48.013963 76.309 29.9516
48.361892 76.624 26.9006
48.712342 76.910 23.6145
49.065332 77.164 20.1148
49.420880 77.386 16.4254
49.779004 77.572 12.5708
50.139723 77.722 8.5748
50.503056 77.835 4.4624
50.869022 77.911 0.2574
51.237640 77.949 -4.0170
51.608929 77.950 -8.3394
51.982909 77.913 -12.6908
52.359598 77.839 -17.0548
52.739018 77.730 -21.4183
53.121186 77.586 -25.7725
53.506124 77.408 -30.1115
53.893852 77.198 -34.4354
54.284389 76.957 -38.7483
54.677756 76.688 -43.0586
55.073973 76.390 -47.3806
55.473062 76.065 -51.7333
55.875043 75.715 -56.1403
56.279936 75.340 -60.6290
56.687764 74.941 -65.2310
57.098547 74.516 -69.9819
57.512306 74.067 -74.9211
57.929064 73.591 -80.0924
58.348842 73.088 -85.5444
58.771662 72.558 -91.3290
59.197546 71.999 -97.5029
59.626515 71.413 -104.1290
60.058594 70.801 -111.2738
60.493803 70.168 -119.0096
60.932166 69.523 -127.4093
61.373706 68.881 -136.5339
61.818445 68.260 -146.4189
62.266407 67.688 -157.0501
62.717615 67.193 -168.3439
63.172093 66.803 179.8776
63.629864 66.537 167.8895
64.090952 66.399 156.0192
64.555381 66.374 144.5737
65.023176 66.433 133.7911
65.494361 66.545 123.8288
65.968960 66.676 114.7593
66.446998 66.798 106.5830
66.928501 66.889 99.2833
67.413492 66.936 92.8376
67.901998 66.927 87.2209
68.394044 66.859 82.4315
68.889655 66.731 78.4935
69.388858 66.546 75.4517
69.891679 66.315 73.3820
70.398142 66.056 72.3831
70.908276 65.798 72.5605
71.422107 65.586 73.9839
71.939661 65.478 76.6249
72.460965 65.537 80.2729
72.986047 65.813 84.4860
73.514934 66.322 88.6862
74.047654 67.036 92.2983
74.584234 67.901 94.9523
75.124702 68.852 96.4880
75.669086 69.836 96.9347
76.217416 70.813 96.4022
76.769719 71.758 95.0391
77.326024 72.655 92.9849
77.886360 73.496 90.3661
78.450757 74.275 87.2878
79.019243 74.991 83.8374
79.591849 75.644 80.0886
80.168605 76.232 76.1013
80.749539 76.758 71.9292
81.334684 77.223 67.6177
81.924068 77.627 63.2051
82.517724 77.973 58.7292
83.115681 78.262 54.2184
83.717972 78.495 49.7021
84.324627 78.676 45.2060
84.935678 78.804 40.7500
85.551157 78.883 36.3574
86.171096 78.913 32.0477
86.795527 78.895 27.8394
87.424483 78.831 23.7537
88.057997 78.722 19.8131
88.696102 78.568 16.0412
89.338830 78.371 12.4653
89.986216 78.132 9.1177
90.638293 77.853 6.0334
91.295096 77.537 3.2514
91.956658 77.188 0.8142
92.623013 76.811 -1.2328
93.294198 76.415 -2.8451
93.970246 76.008 -3.9825
94.651193 75.604 -4.6156
95.337075 75.219 -4.7328
96.027927 74.869 -4.3509
96.723785 74.571 -3.5219
97.424685 74.343 -2.3386
98.130664 74.195 -0.9285
98.841760 74.131 0.5613
99.558008 74.149 1.9847
100.279446 74.239 3.2174
101.006112 74.387 4.1704
101.738044 74.577 4.7941
102.475280 74.794 5.0747
103.217858 75.025 5.0250
103.965817 75.260 4.6747
104.719197 75.490 4.0612
105.478035 75.711 3.2235
106.242372 75.919 2.1987
107.012248 76.112 1.0196
107.787703 76.290 -0.2869
108.568777 76.452 -1.6986
109.355511 76.598 -3.1965
110.147947 76.728 -4.7653
110.946124 76.842 -6.3909
111.750085 76.940 -8.0596
112.559873 77.023 -9.7580
113.375528 77.090 -11.4727
114.197094 77.142 -13.1906
115.024613 77.182 -14.8994
115.858129 77.208 -16.5886
116.697684 77.224 -18.2503
117.543324 77.230 -19.8800
118.395091 77.228 -21.4758
119.253031 77.220 -23.0381
120.117188 77.206 -24.5689
120.987606 77.186 -26.0707
121.864332 77.161 -27.5455
122.747411 77.131 -28.9932
123.636890 77.096 -30.4113
124.532814 77.055 -31.7949
125.435230 77.009 -33.1369
126.344185 76.960 -34.4300
127.259727 76.908 -35.6671
128.181904 76.854 -36.8435
129.110763 76.803 -37.9581
130.046352 76.754 -39.0148
130.988722 76.712 -40.0232
131.937920 76.679 -40.9973
132.893997 76.654 -41.9552
133.857001 76.640 -42.9174
134.826984 76.634 -43.9048
135.803996 76.637 -44.9364
136.788088 76.646 -46.0272
137.779311 76.658 -47.1868
138.777717 76.672 -48.4191
139.783357 76.683 -49.7225
140.796285 76.692 -51.0905
141.816553 76.695 -52.5131
142.844214 76.692 -53.9790
143.879322 76.683 -55.4773
144.921931 76.668 -56.9999
145.972095 76.649 -58.5417
147.029869 76.626 -60.1025
148.095308 76.599 -61.6859
149.168468 76.570 -63.2993
150.249404 76.539 -64.9534
151.338173 76.504 -66.6597
152.434832 76.465 -68.4286
153.539437 76.419 -70.2688
154.652047 76.364 -72.1860
155.772720 76.297 -74.1818
156.901513 76.215 -76.2532
158.038486 76.115 -78.3923
159.183698 75.994 -80.5870
160.337209 75.848 -82.8218
161.499079 75.675 -85.0773
162.669367 75.474 -87.3309
163.848137 75.242 -89.5573
165.035448 74.976 -91.7280
166.231363 74.677 -93.8131
167.435944 74.343 -95.7791
168.649254 73.974 -97.5896
169.871356 73.568 -99.2046
171.102314 73.127 -100.5790
172.342191 72.650 -101.6596
173.591054 72.140 -102.3824
174.848966 71.599 -102.6705
176.115994 71.034 -102.4283
177.392203 70.455 -101.5412
178.677660 69.880 -99.8836
179.972432 69.342 -97.3397
181.276587 68.881 -93.8492
182.590191 68.555 -89.4766
183.913315 68.416 -84.4790
185.246027 68.501 -79.3092
186.588396 68.806 -74.5112
187.940492 69.295 -70.5483
189.302387 69.909 -67.6867
190.674150 70.588 -65.9904
192.055853 71.285 -65.3848
193.447569 71.966 -65.7301
194.849370 72.608 -66.8718
196.261329 73.199 -68.6660
197.683519 73.734 -70.9869
199.116016 74.209 -73.7297
200.558892 74.623 -76.8067
202.012225 74.978 -80.1462
203.476089 75.276 -83.6885
204.950560 75.517 -87.3828
206.435716 75.705 -91.1860
207.931635 75.842 -95.0618
209.438393 75.930 -98.9790
210.956070 75.974 -102.9109
212.484745 75.974 -106.8352
214.024497 75.934 -110.7336
215.575406 75.857 -114.5912
217.137555 75.745 -118.3962
218.711023 75.599 -122.1396
220.295893 75.423 -125.8149
221.892248 75.218 -129.4187
223.500171 74.987 -132.9492
225.119745 74.730 -136.4067
226.751056 74.448 -139.7922
228.394187 74.143 -143.1085
230.049226 73.815 -146.3595
231.716257 73.463 -149.5493
233.395369 73.088 -152.6830
235.086648 72.687 -155.7662
236.790182 72.259 -158.8037
238.506062 71.801 -161.7974
240.234375 71.308 -164.7468
241.975212 70.776 -167.6458
243.728664 70.198 -170.4810
245.494823 69.567 -173.2295
247.273780 68.874 -175.8550
249.065627 68.108 -178.3027
250.870459 67.257 179.5081
252.688370 66.305 177.6968
254.519454 65.237 176.4458
256.363807 64.034 176.0403
258.221525 62.683 176.9380
260.092705 61.193 179.8779
261.977444 59.639 -174.0134
263.875840 58.254 -163.4542
265.787993 57.491 -148.5066
267.714003 57.724 -132.6926
269.653969 58.764 -120.5221
271.607992 60.121 -113.2119
273.576176 61.470 -109.6950
275.558622 62.682 -108.7009
277.555433 63.730 -109.3347
279.566714 64.619 -111.0311
281.592570 65.365 -113.4350
283.633106 65.984 -116.3177
285.688428 66.490 -119.5285
287.758644 66.896 -122.9655
289.843862 67.212 -126.5568
291.944190 67.443 -130.2502
294.059738 67.596 -134.0066
296.190616 67.674 -137.7925
298.336935 67.680 -141.5764
300.498808 67.612 -145.3267
302.676346 67.470 -149.0077
304.869664 67.253 -152.5767
307.078875 66.958 -155.9803
309.304095 66.579 -159.1505
311.545440 66.113 -161.9967
313.803027 65.555 -164.3958
316.076973 64.903 -166.1770
318.367397 64.156 -167.1013
320.674418 63.329 -166.8389
322.998157 62.456 -164.9619
325.338735 61.618 -161.0055
327.696273 60.959 -154.7078
330.070896 60.664 -146.4805
332.462726 60.862 -137.7097
334.871888 61.520 -130.1451
337.298507 62.468 -124.8445
339.742711 63.529 -121.9197
342.204627 64.582 -120.9843
344.684383 65.566 -121.5565
347.182108 66.453 -123.2248
349.697933 67.238 -125.6754
352.231988 67.920 -128.6765
354.784406 68.507 -132.0555
357.355320 69.003 -135.6827
359.944864 69.415 -139.4565
362.553173 69.751 -143.2947
365.180383 70.017 -147.1276
367.826630 70.220 -150.8955
370.492054 70.368 -154.5471
373.176792 70.469 -158.0386
375.880985 70.531 -161.3335
378.604773 70.563 -164.4065
381.348300 70.577 -167.2446
384.111707 70.581 -169.8496
386.895138 70.585 -172.2417
389.698740 70.599 -174.4573
392.522658 70.627 -176.5481
395.367039 70.673 -178.5759
398.232031 70.736 179.3965
401.117785 70.813 177.3135
404.024450 70.899 175.1321
406.952177 70.985 172.8279
409.901120 71.063 170.3953
412.871433 71.126 167.8485
415.863270 71.165 165.2189
418.876786 71.177 162.5508
421.912140 71.157 159.8984
424.969489 71.104 157.3203
428.048993 71.021 154.8767
431.150813 70.910 152.6261
434.275109 70.780 150.6196
437.422046 70.637 148.8965
440.591786 70.493 147.4818
443.784496 70.359 146.3818
447.000341 70.246 145.5803
450.239490 70.165 145.0398
453.502111 70.126 144.7039
456.788374 70.134 144.5022
460.098451 70.192 144.3577
463.432514 70.302 144.1936
466.790737 70.460 143.9399
470.173295 70.662 143.5361
473.580365 70.901 142.9336
477.012124 71.171 142.0940
480.468750 71.464 140.9885
483.950425 71.772 139.5967
487.457329 72.088 137.9077
490.989646 72.404 135.9202
494.547559 72.711 133.6426
498.131254 73.002 131.0923
501.740919 73.272 128.2942
505.376740 73.515 125.2793
509.038909 73.727 122.0823
512.727614 73.906 118.7395
516.443050 74.048 115.2875
520.185409 74.153 111.7622
523.954887 74.221 108.1976
527.751680 74.251 104.6259
531.575987 74.245 101.0780
535.428005 74.203 97.5840
539.307937 74.127 94.1730
543.215985 74.018 90.8748
547.152352 73.879 87.7189
551.117243 73.713 84.7346
555.110866 73.526 81.9480
559.133428 73.322 79.3811
563.185140 73.108 77.0471
567.266211 72.892 74.9463
571.376856 72.681 73.0648
575.517288 72.482 71.3716
579.687724 72.301 69.8197
583.888380 72.140 68.3524
588.119476 71.998 66.9089
592.381232 71.873 65.4346
596.673871 71.757 63.8881
600.997615 71.644 62.2451
605.352692 71.525 60.5007
609.739327 71.393 58.6678
614.157750 71.240 56.7740
618.608190 71.060 54.8588
623.090880 70.851 52.9686
627.606053 70.610 51.1554
632.153945 70.337 49.4744
636.734793 70.031 47.9834
641.348836 69.697 46.7421
645.996314 69.339 45.8119
650.677470 68.964 45.2540
655.392547 68.583 45.1227
660.141792 68.210 45.4608
664.925451 67.862 46.2872
669.743775 67.559 47.5853
674.597014 67.321 49.2887
679.485423 67.165 51.2802
684.409254 67.102 53.3973
689.368766 67.134 55.4570
694.364216 67.251 57.2870
699.395865 67.437 58.7539
704.463976 67.672 59.7795
709.568812 67.933 60.3398
714.710640 68.204 60.4539
719.889728 68.467 60.1702
725.106346 68.712 59.5541
730.360766 68.933 58.6760
735.653261 69.126 57.6056
740.984108 69.290 56.4058
746.353584 69.426 55.1313
751.761970 69.538 53.8264
757.209547 69.630 52.5232
762.696599 69.706 51.2407
768.223413 69.772 49.9866
773.790277 69.830 48.7571
779.397480 69.885 47.5387
785.045315 69.937 46.3118
790.734077 69.989 45.0527
796.464062 70.039 43.7393
802.235569 70.083 42.3536
808.048899 70.118 40.8853
813.904354 70.140 39.3328
819.802241 70.143 37.7050
825.742866 70.124 36.0209
831.726539 70.080 34.3086
837.753572 70.006 32.6049
843.824280 69.903 30.9526
849.938979 69.771 29.3989
856.097987 69.612 27.9915
862.301626 69.430 26.7748
868.550219 69.232 25.7867
874.844092 69.027 25.0536
881.183573 68.822 24.5865
887.568992 68.628 24.3781
894.000683 68.454 24.4026
900.478980 68.307 24.6174
907.004222 68.192 24.9658
913.576749 68.113 25.3838
920.196903 68.069 25.8059
926.865029 68.056 26.1721
933.581475 68.071 26.4321
940.346591 68.106 26.5481
947.160730 68.153 26.4977
954.024247 68.202 26.2740
960.937500 68.247 25.8859
967.900849 68.281 25.3561
974.914658 68.296 24.7188
981.979291 68.288 24.0187
989.095118 68.255 23.3088
996.262509 68.195 22.6464
1003.481838 68.111 22.0902
1010.753481 68.008 21.6968
1018.077817 67.891 21.5151
1025.455229 67.770 21.5815
1032.886100 67.656 21.9124
1040.370819 67.561 22.4987
1047.909774 67.495 23.3047
1055.503361 67.468 24.2703
1063.151973 67.485 25.3191
1070.856010 67.547 26.3711
1078.615875 67.650 27.3555
1086.431970 67.788 28.2213
1094.304704 67.956 28.9399
1102.234487 68.148 29.5015
1110.221732 68.358 29.9072
1118.266856 68.584 30.1628
1126.370279 68.826 30.2683
1134.532422 69.083 30.2134
1142.753712 69.353 29.9775
1151.034577 69.635 29.5338
1159.375448 69.924 28.8557
1167.776760 70.213 27.9225
1176.238952 70.497 26.7242
1184.762464 70.768 25.2671
1193.347741 71.018 23.5724
1201.995231 71.241 21.6725
1210.705384 71.434 19.6090
1219.478654 71.592 17.4277
1228.315499 71.717 15.1735
1237.216380 71.811 12.8856
1246.181760 71.873 10.5970
1255.212106 71.909 8.3312
1264.307891 71.921 6.1018
1273.469587 71.913 3.9135
1282.697672 71.887 1.7638
1291.992628 71.844 -0.3539
1301.354940 71.786 -2.4481
1310.785094 71.712 -4.5266
1320.283583 71.620 -6.5947
1329.850902 71.510 -8.6528
1339.487550 71.380 -10.6981
1349.194029 71.227 -12.7240
1358.970845 71.049 -14.7202
1368.818508 70.843 -16.6724
1378.737531 70.608 -18.5605
1388.728432 70.341 -20.3605
1398.791730 70.039 -22.0413
1408.927952 69.700 -23.5625
1419.137625 69.323 -24.8724
1429.421281 68.906 -25.9044
1439.779457 68.451 -26.5760
1450.212692 67.963 -26.7902
1460.721531 67.452 -26.4363
1471.306521 66.933 -25.4012
1481.968215 66.433 -23.5885
1492.707168 65.985 -20.9507
1503.523939 65.629 -17.5292
1514.419093 65.405 -13.4884
1525.393198 65.343 -9.1150
1536.446826 65.450 -4.7654
1547.580553 65.714 -0.7788
1558.794960 66.104 2.5978
1570.090631 66.581 5.2369
1581.468155 67.110 7.1133
1592.928125 67.664 8.2654
1604.471139 68.222 8.7626
1616.097798 68.768 8.6815
1627.808709 69.296 8.0946
1639.604482 69.796 7.0651
1651.485732 70.266 5.6466
1663.453078 70.702 3.8844
1675.507145 71.102 1.8180
1687.648560 71.463 -0.5170
1699.877958 71.784 -3.0869
1712.195974 72.062 -5.8596
1724.603252 72.296 -8.8022
1737.100438 72.486 -11.8823
1749.688184 72.629 -15.0668
1762.367146 72.726 -18.3236
1775.137984 72.777 -21.6208
1788.001366 72.781 -24.9275
1800.957961 72.739 -28.2135
1814.008445 72.653 -31.4500
1827.153498 72.523 -34.6095
1840.393805 72.349 -37.6649
1853.730057 72.134 -40.5891
1867.162949 71.879 -43.3542
1880.693182 71.585 -45.9309
1894.321460 71.253 -48.2865
1908.048494 70.886 -50.3850
1921.875000 70.487 -52.1868
1935.801698 70.060 -53.6475
1949.829316 69.609 -54.7185
1963.958583 69.143 -55.3480
1978.190236 68.672 -55.4871
1992.525018 68.209 -55.0936
2006.963676 67.773 -54.1453
2021.506962 67.385 -52.6520
2036.155634 67.065 -50.6720
2050.910458 66.835 -48.3213
2065.772200 66.708 -45.7686
2080.741637 66.691 -43.2134
2095.819549 66.775 -40.8536
2111.006721 66.946 -38.8510
2126.303946 67.181 -37.3113
2141.712021 67.458 -36.2812
2157.231749 67.755 -35.7593
2172.863940 68.056 -35.7097
2188.609407 68.346 -36.0781
2204.468973 68.615 -36.8022
2220.443464 68.858 -37.8186
2236.533713 69.069 -39.0659
2252.740558 69.248 -40.4885
2269.064845 69.393 -42.0348
2285.507424 69.504 -43.6591
2302.069153 69.583 -45.3202
2318.750895 69.632 -46.9816
2335.553520 69.654 -48.6113
2352.477904 69.652 -50.1838
2369.524928 69.629 -51.6780
2386.695483 69.591 -53.0787
2403.990462 69.540 -54.3768
2421.410768 69.482 -55.5697
2438.957308 69.418 -56.6604
2456.630998 69.354 -57.6576
2474.432759 69.292 -58.5735
2492.363519 69.232 -59.4231
2510.424213 69.177 -60.2222
2528.615781 69.126 -60.9852
2546.939174 69.078 -61.7240
2565.395345 69.033 -62.4447
2583.985257 68.989 -63.1478
2602.709879 68.944 -63.8278
2621.570188 68.899 -64.4739
2640.567166 68.853 -65.0720
2659.701804 68.808 -65.6062
2678.975100 68.765 -66.0624
2698.388058 68.730 -66.4304
2717.941690 68.705 -66.7090
2737.637016 68.696 -66.9059
2757.475062 68.707 -67.0410
2777.456863 68.742 -67.1458
2797.583461 68.804 -67.2598
2817.855904 68.892 -67.4293
2838.275249 69.006 -67.7019
2858.842562 69.143 -68.1201
2879.558913 69.296 -68.7186
2900.425384 69.461 -69.5209
2921.443062 69.629 -70.5397
2942.613043 69.794 -71.7764
2963.936430 69.951 -73.2227
2985.414335 70.092 -74.8616
3007.047878 70.214 -76.6711
3028.838187 70.311 -78.6239
3050.786397 70.380 -80.6888
3072.893653 70.417 -82.8308
3095.161107 70.421 -85.0109
3117.589920 70.391 -87.1871
3140.181262 70.326 -89.3147
3162.936310 70.228 -91.3455
3185.856250 70.099 -93.2308
3208.942278 69.944 -94.9229
3232.195596 69.769 -96.3798
3255.617418 69.583 -97.5686
3279.208964 69.396 -98.4707
3302.971464 69.218 -99.0884
3326.906156 69.062 -99.4480
3351.014290 68.937 -99.5996
3375.297121 68.849 -99.6130
3399.755915 68.801 -99.5701
3424.391948 68.793 -99.5530
3449.206504 68.818 -99.6313
3474.200876 68.871 -99.8573
3499.376367 68.940 -100.2601
3524.734291 69.018 -100.8463
3550.275969 69.095 -101.6030
3576.002732 69.164 -102.5038
3601.915922 69.222 -103.5123
3628.016889 69.264 -104.5872
3654.306995 69.291 -105.6855
3680.787610 69.303 -106.7665
3707.460115 69.301 -107.7937
3734.325899 69.292 -108.7395
3761.386364 69.279 -109.5858
3788.642920 69.270 -110.3275
3816.096988 69.268 -110.9729
3843.750000 69.280 -111.5435
3871.603397 69.309 -112.0718
3899.658631 69.356 -112.5963
3927.917165 69.421 -113.1566
3956.380472 69.503 -113.7880
3985.050036 69.597 -114.5183
4013.927351 69.699 -115.3667
4043.013923 69.804 -116.3409
4072.311269 69.908 -117.4402
4101.820915 70.007 -118.6567
4131.544400 70.096 -119.9779
4161.483274 70.173 -121.3879
4191.639097 70.235 -122.8671
4222.013442 70.280 -124.3937
4252.607892 70.307 -125.9434
4283.424042 70.316 -127.4904
4314.463498 70.306 -129.0081
4345.727879 70.279 -130.4700
4377.218815 70.238 -131.8511
4408.937947 70.185 -133.1301
4440.886929 70.124 -134.2914
4473.067426 70.059 -135.3281
4505.481116 69.996 -136.2422
4538.129690 69.940 -137.0466
4571.014848 69.893 -137.7629
4604.138306 69.859 -138.4193
4637.501790 69.837 -139.0472
4671.107040 69.828 -139.6775
4704.955807 69.829 -140.3367
4739.049856 69.837 -141.0428
4773.390965 69.848 -141.8043
4807.980924 69.858 -142.6208
4842.821536 69.863 -143.4828
4877.914617 69.862 -144.3746
4913.261997 69.854 -145.2776
4948.865519 69.836 -146.1727
4984.727038 69.811 -147.0432
5020.848425 69.778 -147.8767
5057.231563 69.739 -148.6664
5093.878347 69.695 -149.4092
5130.790689 69.647 -150.1036
5167.970514 69.594 -150.7471
5205.419759 69.538 -151.3335
5243.140376 69.477 -151.8521
5281.134332 69.413 -152.2874
5319.403609 69.347 -152.6205
5357.950200 69.282 -152.8333
5396.776116 69.222 -152.9135
5435.883380 69.174 -152.8590
5475.274032 69.143 -152.6816
5514.950125 69.135 -152.4097
5554.913727 69.153 -152.0851
5595.166922 69.200 -151.7600
5635.711808 69.273 -151.4874
5676.550498 69.372 -151.3156
5717.685123 69.488 -151.2816
5759.117827 69.617 -151.4081
5800.850769 69.750 -151.7020
5842.886124 69.883 -152.1584
5885.226086 70.009 -152.7628
5927.872860 70.124 -153.4949
5970.828671 70.224 -154.3312
6014.095756 70.309 -155.2483
6057.676373 70.375 -156.2211
6101.572794 70.421 -157.2238
6145.787305 70.448 -158.2303
6190.322213 70.455 -159.2137
6235.179840 70.444 -160.1479
6280.362523 70.416 -161.0076
6325.872619 70.374 -161.7705
6371.712500 70.322 -162.4197
6417.884555 70.263 -162.9448
6464.391192 70.202 -163.3425
6511.234836 70.143 -163.6178
6558.417927 70.090 -163.7816
6605.942927 70.045 -163.8514
6653.812313 70.011 -163.8473
6702.028580 69.988 -163.7902
6750.594241 69.977 -163.7004
6799.511830 69.978 -163.5950
6848.783896 69.988 -163.4880
6898.413007 70.008 -163.3912
6948.401751 70.036 -163.3130
6998.752735 70.071 -163.2587
7049.468582 70.110 -163.2311
7100.551937 70.154 -163.2310
7152.005464 70.200 -163.2592
7203.831844 70.249 -163.3151
7256.033779 70.299 -163.3979
7308.613991 70.349 -163.5072
7361.575220 70.400 -163.6426
7414.920229 70.450 -163.8032
7468.651798 70.498 -163.9882
7522.772727 70.545 -164.1959
7577.285840 70.589 -164.4238
7632.193976 70.629 -164.6677
7687.500000 70.666 -164.9240
7743.206794 70.697 -165.1879
7799.317262 70.724 -165.4540
7855.834330 70.746 -165.7162
7912.760944 70.763 -165.9669
7970.100072 70.776 -166.1985
8027.854702 70.784 -166.4032
8086.027847 70.788 -166.5723
8144.622538 70.790 -166.6995
8203.641830 70.791 -166.7820
8263.088801 70.794 -166.8196
8322.966548 70.800 -166.8165
8383.278195 70.810 -166.7816
8444.026884 70.825 -166.7252
8505.215784 70.846 -166.6582
8566.848084 70.873 -166.5913
8628.926996 70.905 -166.5342
8691.455758 70.941 -166.4944
8754.437630 70.981 -166.4775
8817.875894 71.024 -166.4885
8881.773857 71.069 -166.5311
8946.134852 71.115 -166.6080
9010.962233 71.161 -166.7209
9076.259380 71.205 -166.8705
9142.029697 71.248 -167.0552
9208.276612 71.287 -167.2722
9275.003581 71.321 -167.5173
9342.214080 71.351 -167.7863
9409.911614 71.376 -168.0735
9478.099713 71.395 -168.3739
9546.781930 71.407 -168.6810
9615.961848 71.412 -168.9880
9685.643071 71.412 -169.2875
9755.829233 71.405 -169.5717
9826.523994 71.392 -169.8335
9897.731037 71.375 -170.0675
9969.454076 71.355 -170.2709
10041.696850 71.332 -170.4431
10114.463125 71.307 -170.5857
10187.756694 71.282 -170.7020
10261.581379 71.257 -170.7959
10335.941028 71.232 -170.8706
10410.839517 71.206 -170.9291
10486.280752 71.181 -170.9741
10562.268665 71.157 -171.0081
10638.807218 71.132 -171.0338
10715.900400 71.108 -171.0537
10793.552232 71.085 -171.0701
10871.766761 71.062 -171.0853
10950.548064 71.038 -171.1022
11029.900250 71.014 -171.1223
11109.827454 70.989 -171.1467
11190.333843 70.962 -171.1744
11271.423615 70.933 -171.2046
11353.100997 70.903 -171.2349
11435.370247 70.870 -171.2626
11518.235653 70.836 -171.2852
11601.701537 70.798 -171.3009
11685.772249 70.760 -171.3080
11770.452172 70.718 -171.3057
11855.745720 70.676 -171.2927
11941.657341 70.632 -171.2687
12028.191513 70.586 -171.2329
12115.352747 70.540 -171.1847
12203.145587 70.492 -171.1222
12291.574610 70.443 -171.0439
12380.644427 70.394 -170.9491
12470.359680 70.345 -170.8369
12560.725047 70.297 -170.7084
12651.745238 70.251 -170.5657
12743.425000 70.206 -170.4133
12835.769110 70.164 -170.2571
12928.782385 70.126 -170.1031
13022.469671 70.090 -169.9583
13116.835855 70.055 -169.8287
13211.885854 70.022 -169.7194
13307.624625 69.990 -169.6331
13404.057159 69.957 -169.5706
13501.188483 69.922 -169.5302
13599.023660 69.885 -169.5072
13697.567791 69.846 -169.4968
13796.826014 69.804 -169.4944
13896.803503 69.759 -169.4944
13997.505470 69.712 -169.4921
14098.937164 69.663 -169.4843
14201.103875 69.614 -169.4689
14304.010928 69.564 -169.4454
14407.663687 69.515 -169.4150
14512.067557 69.468 -169.3796
14617.227981 69.423 -169.3434
14723.150441 69.381 -169.3115
14829.840458 69.342 -169.2897
14937.303595 69.306 -169.2842
15045.545455 69.275 -169.3022
15154.571679 69.246 -169.3502
15264.387953 69.219 -169.4325
15375.000000 69.195 -169.5532
15486.413588 69.171 -169.7144
15598.634525 69.149 -169.9161
15711.668661 69.125 -170.1570
15825.521888 69.101 -170.4346
15940.200144 69.076 -170.7462
16055.709405 69.050 -171.0895
16172.055694 69.025 -171.4619
16289.245076 68.999 -171.8632
16407.283660 68.973 -172.2936
16526.177601 68.948 -172.7546
16645.933097 68.925 -173.2482
16766.556390 68.904 -173.7782
16888.053769 68.886 -174.3496
17010.431568 68.872 -174.9673
17133.696167 68.860 -175.6384
17257.853993 68.853 -176.3724
17382.911517 68.850 -177.1760
17508.875259 68.851 -178.0563
17635.751787 68.855 -179.0398
17763.547714 68.859 179.8660
17892.269704 68.863 178.7013
18021.924466 68.870 177.4495
18152.518759 68.879 176.0848
18284.059393 68.890 174.5991
18416.553225 68.902 172.9849
18550.007161 68.912 171.2349
18684.428160 68.920 169.3442
18819.823228 68.925 167.3091
18956.199425 68.925 165.1256
19093.563861 68.917 162.7916
19231.923695 68.902 160.3066
19371.286142 68.876 157.6707
19511.658467 68.837 154.8834
19653.047987 68.784 151.9460
19795.462074 68.712 148.8584
19938.908153 68.618 145.6135
20083.393701 68.490 142.3418
20228.926250 68.326 139.0933
20375.513389 68.123 135.7378
20523.162758 67.876 132.2864
20671.882055 67.576 128.7522
20821.679034 67.211 125.1492
20972.561504 66.771 121.4927
21124.537330 66.238 117.7983
21277.614435 65.598 114.0820
21431.800801 64.828 110.3589
21587.104464 63.906 106.6432
21743.533521 62.804 102.9480
21901.096129 61.490 99.2844
22059.800499 59.924 95.6621
22219.654907 58.062 92.0884
22380.667686 55.849 88.5688
22542.847230 53.220 85.1073
22706.201994 50.096 81.7057
22870.740494 46.383 78.3650
23036.471307 41.969 75.0845
23203.403074 36.731 71.8629
23371.544498 30.551 68.6976
23540.904344 23.364 65.5858
23711.491441 15.233 62.5242
23883.314682 6.790 59.5088
