* Measurement data measured by REW V5.40 beta 133
* Source: Frequency response averaged data
* Format: Averaged data produced from the rms magnitudes of LR1, LR2, LR3, LR4, LR.0
* Dated: Sep 11, 2026, 11:37:52 AM
* REW Settings:
*  C-weighting compensation: Off
*  Target level: 75.0 dB
* Note: ; Averaged data produced from the rms magnitudes of LR1, LR2, LR3, LR4, LR.0
* Measurement: LR-SP
* Smoothing: 1/48 octave
* Frequency Step: 96 ppo
* Start Frequency: 15.12345 Hz
*
* Freq(Hz) SPL(dB)
15.123450 68.898
15.233041 69.057
15.343426 69.254
15.454611 69.462
15.566601 69.676
15.679403 69.892
15.793023 70.107
15.907465 70.319
16.022737 70.528
16.138845 70.732
16.255794 70.933
16.373590 71.128
16.492239 71.319
16.611749 71.504
16.732125 71.685
16.853372 71.860
16.975499 72.031
17.098510 72.198
17.222413 72.359
17.347214 72.516
17.472919 72.669
17.599535 72.817
17.727069 72.960
17.855526 73.099
17.984915 73.234
18.115241 73.364
18.246511 73.490
18.378733 73.611
18.511913 73.727
18.646058 73.839
18.781175 73.945
18.917271 74.047
19.054353 74.143
19.192429 74.234
19.331505 74.319
19.471589 74.398
19.612689 74.472
19.754810 74.542
19.897962 74.607
20.042150 74.669
20.187384 74.727
20.333670 74.784
20.481016 74.839
20.629430 74.894
20.778920 74.948
20.929492 75.004
21.081156 75.060
21.233919 75.118
21.387788 75.177
21.542773 75.238
21.698881 75.301
21.856120 75.365
22.014499 75.431
22.174025 75.498
22.334707 75.565
22.496553 75.632
22.659573 75.697
22.823773 75.761
22.989164 75.823
23.155753 75.881
23.323549 75.935
23.492561 75.985
23.662798 76.030
23.834268 76.070
24.006981 76.104
24.180945 76.132
24.356170 76.154
24.532665 76.168
24.710439 76.175
24.889501 76.174
25.069861 76.165
25.251527 76.147
25.434510 76.120
25.618819 76.083
25.804464 76.037
25.991454 75.982
26.179798 75.916
26.369508 75.841
26.560592 75.754
26.753061 75.657
26.946925 75.548
27.142193 75.427
27.338877 75.295
27.536986 75.149
27.736530 74.992
27.937520 74.822
28.139967 74.641
28.343881 74.449
28.549272 74.247
28.756152 74.035
28.964531 73.818
29.174420 73.597
29.385830 73.376
29.598772 73.159
29.813257 72.951
30.029296 72.758
30.246901 72.585
30.466082 72.436
30.686852 72.314
30.909221 72.224
31.133202 72.165
31.358806 72.139
31.586045 72.144
31.814931 72.176
32.045475 72.232
32.277690 72.306
32.511587 72.395
32.747179 72.492
32.984479 72.592
33.223498 72.691
33.464249 72.785
33.706745 72.869
33.950998 72.942
34.197021 72.999
34.444827 73.038
34.694428 73.057
34.945838 73.053
35.199070 73.025
35.454137 72.972
35.711052 72.893
35.969829 72.789
36.230482 72.659
36.493023 72.503
36.757466 72.322
37.023826 72.117
37.292116 71.889
37.562350 71.640
37.834542 71.374
38.108707 71.093
38.384858 70.802
38.663011 70.505
38.943179 70.208
39.225377 69.917
39.509620 69.639
39.795923 69.380
40.084301 69.149
40.374768 68.951
40.667341 68.791
40.962033 68.671
41.258861 68.592
41.557839 68.554
41.858985 68.552
42.162312 68.582
42.467838 68.636
42.775577 68.707
43.085546 68.786
43.397762 68.869
43.712240 68.949
44.028997 69.021
44.348049 69.083
44.669414 69.131
44.993107 69.163
45.319145 69.180
45.647546 69.183
45.978327 69.174
46.311505 69.156
46.647097 69.131
46.985122 69.104
47.325595 69.079
47.668536 69.060
48.013962 69.048
48.361891 69.047
48.712341 69.055
49.065331 69.073
49.420878 69.097
49.779002 69.124
50.139721 69.149
50.503055 69.166
50.869021 69.171
51.237638 69.157
51.608927 69.120
51.982907 69.056
52.359597 68.958
52.739016 68.823
53.121184 68.647
53.506122 68.425
53.893850 68.154
54.284387 67.829
54.677754 67.444
55.073972 66.994
55.473060 66.472
55.875041 65.871
56.279934 65.183
56.687762 64.401
57.098545 63.523
57.512305 62.561
57.929062 61.553
58.348840 60.597
58.771660 59.885
59.197544 59.661
59.626514 60.065
60.058592 60.987
60.493801 62.184
60.932164 63.450
61.373704 64.669
61.818443 65.793
62.266405 66.806
62.717613 67.707
63.172091 68.502
63.629862 69.197
64.090950 69.800
64.555379 70.317
65.023174 70.755
65.494359 71.119
65.968958 71.415
66.446996 71.648
66.928498 71.825
67.413490 71.950
67.901996 72.031
68.394042 72.074
68.889653 72.088
69.388856 72.082
69.891676 72.065
70.398140 72.050
70.908274 72.048
71.422105 72.072
71.939659 72.133
72.460963 72.239
72.986045 72.395
73.514932 72.602
74.047652 72.857
74.584231 73.151
75.124699 73.476
75.669084 73.818
76.217413 74.168
76.769716 74.514
77.326021 74.847
77.886357 75.160
78.450754 75.447
79.019241 75.705
79.591847 75.929
80.168602 76.119
80.749537 76.274
81.334681 76.393
81.924066 76.478
82.517721 76.528
83.115679 76.546
83.717969 76.533
84.324624 76.490
84.935675 76.419
85.551154 76.323
86.171093 76.202
86.795524 76.059
87.424480 75.897
88.057994 75.717
88.696099 75.524
89.338827 75.321
89.986213 75.112
90.638290 74.902
91.295093 74.698
91.956655 74.507
92.623010 74.334
93.294195 74.188
93.970243 74.075
94.651190 74.000
95.337072 73.969
96.027924 73.983
96.723781 74.043
97.424682 74.149
98.130661 74.297
98.841756 74.482
99.558005 74.700
100.279443 74.944
101.006109 75.207
101.738041 75.484
102.475277 75.767
103.217855 76.053
103.965814 76.336
104.719193 76.612
105.478032 76.878
106.242369 77.131
107.012245 77.368
107.787700 77.589
108.568774 77.791
109.355508 77.972
110.147943 78.131
110.946120 78.267
111.750082 78.379
112.559869 78.466
113.375524 78.528
114.197090 78.563
115.024609 78.573
115.858125 78.557
116.697681 78.516
117.543320 78.452
118.395087 78.366
119.253027 78.261
120.117184 78.138
120.987602 78.000
121.864328 77.848
122.747407 77.686
123.636886 77.515
124.532810 77.337
125.435226 77.155
126.344181 76.972
127.259723 76.788
128.181899 76.606
129.110758 76.429
130.046348 76.259
130.988718 76.098
131.937916 75.948
132.893992 75.811
133.856997 75.688
134.826980 75.580
135.803992 75.485
136.788084 75.404
137.779306 75.335
138.777712 75.276
139.783353 75.224
140.796280 75.177
141.816548 75.133
142.844209 75.090
143.879317 75.046
144.921926 75.001
145.972090 74.954
147.029864 74.904
148.095303 74.850
149.168463 74.792
150.249399 74.730
151.338168 74.661
152.434827 74.585
153.539432 74.498
154.652042 74.399
155.772715 74.285
156.901508 74.152
158.038481 73.999
159.183693 73.821
160.337204 73.616
161.499073 73.380
162.669362 73.111
163.848131 72.805
165.035443 72.458
166.231357 72.068
167.435938 71.629
168.649248 71.137
169.871350 70.586
171.102308 69.970
172.342186 69.281
173.591048 68.513
174.848961 67.660
176.115988 66.722
177.392197 65.711
178.677654 64.671
179.972426 63.699
181.276581 62.974
182.590185 62.714
183.913309 63.035
185.246021 63.838
186.588390 64.904
187.940486 66.046
189.302381 67.154
190.674144 68.180
192.055847 69.106
193.447563 69.931
194.849364 70.659
196.261322 71.297
197.683513 71.852
199.116009 72.330
200.558886 72.737
202.012218 73.080
203.476082 73.361
204.950554 73.587
206.435710 73.761
207.931628 73.886
209.438386 73.965
210.956063 74.002
212.484738 73.999
214.024490 73.958
215.575399 73.881
217.137548 73.771
218.711016 73.627
220.295886 73.452
221.892241 73.246
223.500163 73.011
225.119738 72.747
226.751048 72.456
228.394180 72.139
230.049218 71.798
231.716250 71.436
233.395361 71.057
235.086640 70.664
236.790175 70.263
238.506054 69.860
240.234367 69.460
241.975204 69.072
243.728657 68.702
245.494815 68.357
247.273771 68.043
249.065619 67.766
250.870451 67.528
252.688362 67.332
254.519446 67.177
256.363799 67.065
258.221517 66.992
260.092696 66.957
261.977435 66.956
263.875832 66.988
265.787985 67.048
267.713994 67.131
269.653960 67.233
271.607984 67.347
273.576167 67.465
275.558613 67.582
277.555424 67.691
279.566705 67.786
281.592561 67.863
283.633096 67.918
285.688419 67.950
287.758635 67.957
289.843852 67.940
291.944181 67.899
294.059728 67.837
296.190606 67.753
298.336926 67.650
300.498798 67.529
302.676336 67.391
304.869654 67.236
307.078865 67.064
309.304085 66.875
311.545430 66.668
313.803016 66.444
316.076962 66.203
318.367386 65.948
320.674408 65.685
322.998147 65.423
325.338724 65.176
327.696263 64.960
330.070885 64.797
332.462715 64.706
334.871877 64.703
337.298496 64.797
339.742700 64.983
342.204616 65.250
344.684372 65.577
347.182097 65.943
349.697921 66.327
352.231977 66.711
354.784395 67.084
357.355309 67.435
359.944853 67.761
362.553161 68.059
365.180371 68.330
367.826618 68.575
370.492042 68.798
373.176780 69.002
375.880973 69.190
378.604761 69.367
381.348287 69.536
384.111694 69.699
386.895126 69.857
389.698727 70.011
392.522645 70.159
395.367026 70.301
398.232018 70.432
401.117772 70.550
404.024436 70.652
406.952164 70.734
409.901107 70.793
412.871420 70.826
415.863256 70.831
418.876773 70.808
421.912126 70.756
424.969476 70.677
428.048980 70.573
431.150799 70.449
434.275095 70.310
437.422032 70.163
440.591772 70.017
443.784482 69.879
447.000327 69.760
450.239476 69.669
453.502096 69.613
456.788360 69.598
460.098436 69.628
463.432499 69.703
466.790722 69.820
470.173280 69.975
473.580350 70.162
477.012108 70.373
480.468734 70.602
483.950409 70.840
487.457313 71.080
490.989630 71.316
494.547543 71.542
498.131238 71.752
501.740903 71.941
505.376724 72.107
509.038892 72.246
512.727598 72.356
516.443033 72.435
520.185392 72.483
523.954870 72.501
527.751663 72.488
531.575969 72.446
535.427988 72.376
539.307920 72.280
543.215967 72.160
547.152334 72.019
551.117225 71.861
555.110848 71.690
559.133410 71.509
563.185121 71.325
567.266193 71.144
571.376838 70.970
575.517270 70.810
579.687705 70.667
583.888361 70.543
588.119457 70.438
592.381213 70.349
596.673851 70.272
600.997596 70.199
605.352672 70.125
609.739307 70.040
614.157730 69.940
618.608170 69.816
623.090860 69.666
627.606033 69.486
632.153925 69.276
636.734773 69.036
641.348815 68.771
645.996293 68.487
650.677449 68.193
655.392526 67.901
660.141770 67.626
664.925430 67.383
669.743753 67.187
674.596993 67.049
679.485401 66.975
684.409232 66.965
689.368743 67.013
694.364193 67.106
699.395843 67.230
704.463953 67.369
709.568789 67.511
714.710617 67.643
719.889705 67.756
725.106323 67.844
730.360742 67.903
735.653237 67.931
740.984084 67.927
746.353560 67.894
751.761945 67.833
757.209522 67.750
762.696574 67.649
768.223388 67.535
773.790252 67.415
779.397455 67.293
785.045290 67.177
790.734052 67.070
796.464037 66.975
802.235543 66.894
808.048873 66.825
813.904328 66.767
819.802214 66.716
825.742839 66.669
831.726512 66.622
837.753545 66.573
843.824253 66.519
849.938951 66.460
856.097959 66.400
862.301598 66.340
868.550191 66.285
874.844063 66.241
881.183544 66.211
887.568963 66.202
894.000654 66.214
900.478951 66.251
907.004193 66.309
913.576719 66.388
920.196873 66.483
926.864999 66.589
933.581444 66.702
940.346560 66.814
947.160699 66.923
954.024216 67.023
960.937469 67.111
967.900818 67.186
974.914626 67.246
981.979259 67.292
989.095086 67.325
996.262477 67.347
1003.481805 67.360
1010.753448 67.367
1018.077784 67.372
1025.455196 67.376
1032.886067 67.383
1040.370785 67.394
1047.909740 67.412
1055.503326 67.438
1063.151939 67.472
1070.855976 67.518
1078.615840 67.575
1086.431935 67.644
1094.304668 67.727
1102.234451 67.824
1110.221696 67.936
1118.266820 68.063
1126.370243 68.204
1134.532386 68.357
1142.753675 68.521
1151.034539 68.692
1159.375410 68.866
1167.776722 69.040
1176.238914 69.210
1184.762426 69.371
1193.347703 69.520
1201.995192 69.655
1210.705345 69.772
1219.478615 69.869
1228.315459 69.947
1237.216340 70.002
1246.181719 70.036
1255.212066 70.048
1264.307850 70.037
1273.469546 70.004
1282.697631 69.948
1291.992587 69.869
1301.354897 69.767
1310.785051 69.641
1320.283540 69.492
1329.850859 69.320
1339.487507 69.125
1349.193985 68.908
1358.970801 68.670
1368.818464 68.412
1378.737487 68.139
1388.728387 67.854
1398.791685 67.561
1408.927906 67.269
1419.137579 66.986
1429.421235 66.722
1439.779410 66.489
1450.212645 66.298
1460.721484 66.160
1471.306474 66.084
1481.968167 66.076
1492.707119 66.136
1503.523890 66.260
1514.419044 66.440
1525.393149 66.668
1536.446776 66.933
1547.580503 67.223
1558.794909 67.529
1570.090580 67.844
1581.468104 68.160
1592.928073 68.471
1604.471087 68.774
1616.097746 69.065
1627.808656 69.341
1639.604429 69.600
1651.485678 69.839
1663.453024 70.058
1675.507091 70.254
1687.648506 70.427
1699.877902 70.576
1712.195918 70.700
1724.603196 70.798
1737.100382 70.870
1749.688127 70.917
1762.367088 70.937
1775.137927 70.932
1788.001308 70.903
1800.957903 70.849
1814.008386 70.772
1827.153438 70.673
1840.393745 70.554
1853.729997 70.415
1867.162889 70.259
1880.693121 70.087
1894.321398 69.902
1908.048432 69.704
1921.874938 69.498
1935.801636 69.286
1949.829252 69.073
1963.958519 68.863
1978.190172 68.662
1992.524953 68.476
2006.963611 68.312
2021.506896 68.173
2036.155568 68.067
2050.910391 67.996
2065.772133 67.961
2080.741570 67.962
2095.819481 67.995
2111.006653 68.056
2126.303877 68.138
2141.711952 68.235
2157.231679 68.339
2172.863869 68.445
2188.609336 68.546
2204.468902 68.637
2220.443392 68.715
2236.533640 68.776
2252.740485 68.817
2269.064771 68.838
2285.507350 68.838
2302.069078 68.816
2318.750820 68.774
2335.553444 68.714
2352.477827 68.637
2369.524851 68.547
2386.695405 68.447
2403.990384 68.341
2421.410689 68.235
2438.957229 68.131
2456.630919 68.036
2474.432679 67.951
2492.363438 67.881
2510.424131 67.825
2528.615699 67.784
2546.939091 67.757
2565.395262 67.741
2583.985173 67.734
2602.709795 67.732
2621.570103 67.734
2640.567081 67.735
2659.701718 67.735
2678.975013 67.734
2698.387971 67.730
2717.941602 67.725
2737.636927 67.721
2757.474973 67.718
2777.456773 67.719
2797.583370 67.725
2817.855812 67.737
2838.275157 67.756
2858.842469 67.782
2879.558820 67.814
2900.425290 67.851
2921.442968 67.891
2942.612948 67.932
2963.936334 67.973
2985.414238 68.011
3007.047781 68.044
3028.838089 68.070
3050.786298 68.087
3072.893553 68.094
3095.161006 68.091
3117.589819 68.078
3140.181160 68.054
3162.936207 68.022
3185.856147 67.982
3208.942174 67.939
3232.195491 67.895
3255.617312 67.854
3279.208857 67.819
3302.971357 67.793
3326.906049 67.778
3351.014181 67.777
3375.297011 67.788
3399.755805 67.811
3424.391837 67.844
3449.206392 67.884
3474.200763 67.926
3499.376254 67.968
3524.734177 68.006
3550.275854 68.039
3576.002616 68.063
3601.915805 68.079
3628.016772 68.087
3654.306877 68.089
3680.787491 68.087
3707.459994 68.083
3734.325778 68.081
3761.386242 68.084
3788.642797 68.094
3816.096864 68.114
3843.749875 68.144
3871.603271 68.185
3899.658505 68.236
3927.917038 68.296
3956.380344 68.363
3985.049907 68.435
4013.927221 68.510
4043.013792 68.586
4072.311137 68.659
4101.820782 68.729
4131.544266 68.792
4161.483139 68.849
4191.638962 68.897
4222.013305 68.935
4252.607754 68.964
4283.423903 68.983
4314.463358 68.991
4345.727738 68.989
4377.218673 68.977
4408.937804 68.957
4440.886785 68.930
4473.067281 68.897
4505.480970 68.861
4538.129543 68.821
4571.014700 68.781
4604.138157 68.740
4637.501640 68.701
4671.106889 68.663
4704.955655 68.627
4739.049703 68.592
4773.390810 68.558
4807.980768 68.524
4842.821379 68.490
4877.914459 68.457
4913.261838 68.423
4948.865358 68.390
4984.726877 68.358
5020.848262 68.328
5057.231399 68.300
5093.878182 68.274
5130.790523 68.250
5167.970346 68.227
5205.419590 68.205
5243.140206 68.183
5281.134161 68.160
5319.403436 68.138
5357.950026 68.117
5396.775941 68.099
5435.883204 68.086
5475.273855 68.079
5514.949946 68.080
5554.913547 68.089
5595.166740 68.106
5635.711625 68.129
5676.550314 68.155
5717.684938 68.183
5759.117640 68.209
5800.850581 68.232
5842.885935 68.252
5885.225895 68.267
5927.872668 68.277
5970.828477 68.285
6014.095561 68.289
6057.676177 68.292
6101.572596 68.295
6145.787106 68.297
6190.322013 68.301
6235.179638 68.305
6280.362320 68.310
6325.872414 68.316
6371.712293 68.324
6417.884347 68.334
6464.390983 68.347
6511.234625 68.365
6558.417715 68.389
6605.942713 68.422
6653.812097 68.465
6702.028362 68.519
6750.594023 68.586
6799.511610 68.665
6848.783674 68.755
6898.412783 68.855
6948.401526 68.963
6998.752508 69.076
7049.468354 69.191
7100.551707 69.306
7152.005232 69.416
7203.831610 69.520
7256.033544 69.612
7308.613754 69.690
7361.574982 69.750
7414.919989 69.789
7468.651556 69.803
7522.772483 69.791
7577.285594 69.750
7632.193729 69.679
7687.499751 69.578
7743.206543 69.449
7799.317010 69.294
7855.834076 69.117
7912.760688 68.923
7970.099813 68.720
8027.854442 68.518
8086.027585 68.327
8144.622274 68.158
8203.641564 68.024
8263.088533 67.933
8322.966279 67.894
8383.277923 67.911
8444.026611 67.986
8505.215508 68.114
8566.847806 68.290
8628.926717 68.505
8691.455477 68.749
8754.437346 69.010
8817.875608 69.278
8881.773569 69.544
8946.134562 69.798
9010.961941 70.033
9076.259085 70.241
9142.029400 70.417
9208.276314 70.556
9275.003280 70.654
9342.213777 70.708
9409.911309 70.715
9478.099405 70.674
9546.781621 70.585
9615.961536 70.448
9685.642757 70.263
9755.828917 70.034
9826.523675 69.766
9897.730716 69.465
9969.453753 69.141
10041.696525 68.809
10114.462797 68.485
10187.756364 68.189
10261.581046 67.944
10335.940693 67.769
10410.839180 67.679
10486.280412 67.680
10562.268322 67.767
10638.806873 67.927
10715.900053 68.141
10793.551882 68.385
10871.766408 68.640
10950.547709 68.888
11029.899892 69.112
11109.827094 69.302
11190.333480 69.449
11271.423250 69.546
11353.100629 69.591
11435.369876 69.579
11518.235280 69.513
11601.701161 69.392
11685.771870 69.220
11770.451790 69.003
11855.745336 68.749
11941.656954 68.469
12028.191123 68.177
12115.352354 67.891
12203.145191 67.631
12291.574212 67.415
12380.644026 67.260
12470.359276 67.176
12560.724640 67.162
12651.744828 67.210
12743.424587 67.303
12835.768694 67.421
12928.781965 67.547
13022.469249 67.662
13116.835429 67.753
13211.885426 67.810
13307.624194 67.829
13404.056725 67.807
13501.188045 67.748
13599.023219 67.656
13697.567347 67.541
13796.825567 67.413
13896.803052 67.287
13997.505016 67.172
14098.936707 67.079
14201.103415 67.013
14304.010464 66.971
14407.663220 66.949
14512.067087 66.934
14617.227507 66.915
14723.149963 66.879
14829.839977 66.814
14937.303111 66.713
15045.544967 66.574
15154.571188 66.400
15264.387458 66.200
15374.999502 65.994
15486.413086 65.804
15598.634019 65.662
15711.668151 65.594
15825.521375 65.620
15940.199627 65.743
16055.708884 65.946
16172.055169 66.198
16289.244548 66.463
16407.283129 66.704
16526.177066 66.889
16645.932557 66.992
16766.555846 66.998
16888.053221 66.893
17010.431017 66.676
17133.695612 66.352
17257.853433 65.943
17382.910953 65.492
17508.874692 65.072
17635.751215 64.777
17763.547139 64.697
17892.269124 64.869
18021.923881 65.257
18152.518171 65.766
18284.058800 66.294
18416.552628 66.760
18550.006560 67.110
18684.427554 67.312
18819.822618 67.349
18956.198811 67.214
19093.563242 66.913
19231.923072 66.462
19371.285514 65.904
19511.657834 65.317
19653.047350 64.816
19795.461433 64.529
19938.907506 64.524
20083.393050 64.761
20228.925594 65.116
20375.512728 65.453
20523.162093 65.671
20671.881385 65.703
20821.678359 65.514
20972.560824 65.085
21124.536645 64.411
21277.613745 63.504
21431.800106 62.390
21587.103764 61.114
21743.532817 59.736
21901.095419 58.308
22059.799784 56.844
22219.654187 55.295
22380.666961 53.567
22542.846499 51.545
22706.201258 49.130
22870.739752 46.240
23036.470560 42.815
23203.402322 38.814
23371.543740 34.211
23540.903581 28.998
23711.490672 23.189
23883.313908 16.850
24056.382246 10.813
