* Measurement data measured by REW V5.40 beta 135
* Source: Frequency response averaged data
* Format: Averaged data produced from the rms magnitudes of LX, RX
* Dated: Sep 11, 2026, 1:31:36 PM
* REW Settings:
*  C-weighting compensation: Off
*  Target level: 70.9 dB
* Note: ; Averaged data produced from the rms magnitudes of LX, RX
* Measurement: LR.RMS.AVG
* Smoothing: 1/48 octave
* Frequency Step: 96 ppo
* Start Frequency: 15.492315 Hz
*
* Freq(Hz) SPL(dB)
15.492315 67.315
15.604579 67.773
15.717656 68.307
15.831553 68.796
15.946275 69.223
16.061828 69.594
16.178219 69.917
16.295453 70.192
16.413536 70.431
16.532476 70.642
16.652277 70.828
16.772946 70.998
16.894490 71.162
17.016914 71.325
17.140226 71.490
17.264431 71.665
17.389536 71.851
17.515548 72.047
17.642473 72.251
17.770317 72.462
17.899088 72.675
18.028792 72.885
18.159436 73.089
18.291027 73.282
18.423572 73.463
18.557076 73.629
18.691549 73.781
18.826995 73.919
18.963423 74.044
19.100840 74.160
19.239253 74.268
19.378668 74.371
19.519094 74.472
19.660538 74.572
19.803006 74.671
19.946507 74.770
20.091047 74.868
20.236635 74.965
20.383278 75.058
20.530984 75.146
20.679760 75.228
20.829614 75.304
20.980554 75.373
21.132588 75.435
21.285723 75.493
21.439968 75.547
21.595331 75.598
21.751820 75.648
21.909442 75.698
22.068207 75.747
22.228123 75.796
22.389197 75.844
22.551438 75.890
22.714855 75.932
22.879456 75.970
23.045250 76.003
23.212246 76.031
23.380451 76.052
23.549876 76.068
23.720528 76.079
23.892416 76.085
24.065551 76.087
24.239940 76.085
24.415592 76.080
24.592518 76.070
24.770725 76.056
24.950224 76.038
25.131024 76.015
25.313133 75.987
25.496563 75.954
25.681321 75.916
25.867419 75.873
26.054865 75.825
26.243669 75.774
26.433842 75.717
26.625392 75.657
26.818331 75.592
27.012667 75.522
27.208412 75.448
27.405576 75.369
27.604168 75.286
27.804199 75.198
28.005680 75.107
28.208620 75.013
28.413032 74.917
28.618924 74.819
28.826309 74.721
29.035196 74.624
29.245597 74.528
29.457523 74.436
29.670984 74.349
29.885992 74.269
30.102558 74.195
30.320694 74.131
30.540410 74.075
30.761718 74.029
30.984631 73.993
31.209158 73.967
31.435312 73.951
31.663106 73.943
31.892550 73.944
32.123656 73.953
32.356437 73.968
32.590905 73.987
32.827073 74.008
33.064951 74.029
33.304553 74.048
33.545892 74.062
33.788979 74.069
34.033828 74.067
34.280451 74.054
34.528862 74.028
34.779072 73.987
35.031095 73.929
35.284945 73.853
35.540634 73.759
35.798177 73.645
36.057585 73.510
36.318873 73.354
36.582055 73.178
36.847143 72.980
37.114153 72.763
37.383097 72.527
37.653991 72.273
37.926847 72.003
38.201680 71.722
38.478506 71.430
38.757337 71.134
39.038188 70.837
39.321075 70.546
39.606012 70.266
39.893013 70.005
40.182095 69.769
40.473271 69.566
40.766557 69.401
41.061968 69.279
41.359520 69.204
41.659228 69.176
41.961108 69.195
42.265175 69.261
42.571446 69.370
42.879936 69.519
43.190662 69.703
43.503639 69.920
43.818885 70.165
44.136415 70.435
44.456245 70.725
44.778393 71.033
45.102876 71.354
45.429710 71.685
45.758913 72.023
46.090501 72.362
46.424491 72.701
46.760902 73.034
47.099751 73.358
47.441055 73.670
47.784833 73.966
48.131101 74.244
48.479879 74.500
48.831184 74.732
49.185035 74.938
49.541450 75.115
49.900448 75.263
50.262047 75.379
50.626267 75.462
50.993126 75.512
51.362643 75.529
51.734838 75.511
52.109730 75.459
52.487338 75.374
52.867683 75.255
53.250784 75.104
53.636661 74.922
54.025335 74.711
54.416824 74.471
54.811151 74.205
55.208335 73.916
55.608398 73.606
56.011359 73.279
56.417240 72.939
56.826063 72.591
57.237848 72.243
57.652617 71.901
58.070392 71.575
58.491194 71.276
58.915045 71.015
59.341968 70.804
59.771984 70.651
60.205117 70.565
60.641388 70.547
61.080820 70.595
61.523437 70.704
61.969261 70.863
62.418316 71.060
62.870625 71.282
63.326211 71.516
63.785099 71.751
64.247312 71.978
64.712875 72.188
65.181811 72.376
65.654145 72.538
66.129902 72.672
66.609107 72.778
67.091784 72.858
67.577958 72.914
68.067656 72.950
68.560903 72.973
69.057723 72.988
69.558144 73.005
70.062191 73.031
70.569890 73.075
71.081269 73.146
71.596353 73.251
72.115170 73.395
72.637746 73.582
73.164109 73.810
73.694286 74.077
74.228305 74.377
74.766194 74.702
75.307981 75.042
75.853694 75.389
76.403361 75.734
76.957011 76.068
77.514673 76.385
78.076377 76.678
78.642150 76.942
79.212024 77.174
79.786027 77.371
80.364189 77.532
80.946541 77.654
81.533113 77.739
82.123936 77.786
82.719040 77.797
83.318456 77.773
83.922216 77.716
84.530351 77.629
85.142892 77.514
85.759873 77.373
86.381324 77.209
87.007279 77.025
87.637770 76.822
88.272829 76.605
88.912490 76.375
89.556787 76.137
90.205752 75.895
90.859420 75.653
91.517825 75.417
92.181001 75.195
92.848983 74.992
93.521805 74.818
94.199502 74.678
94.882111 74.579
95.569665 74.523
96.262203 74.515
96.959758 74.552
97.662369 74.634
98.370070 74.758
99.082900 74.918
99.800896 75.109
100.524094 75.325
101.252533 75.562
101.986251 75.814
102.725285 76.074
103.469675 76.339
104.219459 76.603
104.974676 76.863
105.735366 77.115
106.501568 77.355
107.273322 77.582
108.050669 77.793
108.833649 77.986
109.622302 78.160
110.416671 78.313
111.216795 78.445
112.022718 78.553
112.834481 78.639
113.652126 78.700
114.475696 78.738
115.305234 78.751
116.140784 78.741
116.982388 78.709
117.830090 78.654
118.683936 78.579
119.543968 78.485
120.410233 78.373
121.282775 78.247
122.161640 78.107
123.046874 77.957
123.938522 77.798
124.836632 77.634
125.741250 77.465
126.652423 77.296
127.570198 77.127
128.494624 76.961
129.425750 76.800
130.363622 76.646
131.308290 76.501
132.259804 76.367
133.218213 76.243
134.183568 76.132
135.155917 76.033
136.135312 75.946
137.121805 75.870
138.115446 75.803
139.116288 75.744
140.124382 75.691
141.139781 75.642
142.162538 75.595
143.192706 75.550
144.230339 75.504
145.275492 75.458
146.328218 75.411
147.388573 75.363
148.456611 75.312
149.532389 75.259
150.615962 75.203
151.707387 75.142
152.806722 75.073
153.914022 74.997
155.029347 74.908
156.152753 74.806
157.284300 74.688
158.424047 74.549
159.572053 74.387
160.728378 74.200
161.893082 73.986
163.066226 73.741
164.247871 73.466
165.438079 73.158
166.636912 72.818
167.844431 72.443
169.060701 72.034
170.285785 71.590
171.519746 71.111
172.762649 70.598
174.014558 70.057
175.275539 69.499
176.545658 68.940
177.824981 68.407
179.113574 67.934
180.411505 67.561
181.718841 67.333
183.035650 67.285
184.362002 67.434
185.697965 67.767
187.043609 68.246
188.399004 68.819
189.764221 69.437
191.139331 70.063
192.524405 70.671
193.919516 71.245
195.324737 71.776
196.740141 72.260
198.165801 72.695
199.601792 73.078
201.048189 73.410
202.505067 73.692
203.972502 73.925
205.450571 74.112
206.939350 74.254
208.438918 74.355
209.949353 74.417
211.470732 74.441
213.003136 74.428
214.546645 74.382
216.101338 74.303
217.667298 74.193
219.244605 74.055
220.833341 73.889
222.433591 73.697
224.045436 73.481
225.668962 73.244
227.304252 72.986
228.951392 72.711
230.610469 72.421
232.281567 72.121
233.964775 71.813
235.660180 71.504
237.367871 71.196
239.087937 70.894
240.820466 70.602
242.565551 70.325
244.323281 70.064
246.093748 69.822
247.877045 69.600
249.673264 69.399
251.482499 69.219
253.304845 69.059
255.140396 68.918
256.989249 68.795
258.851499 68.691
260.727244 68.604
262.616581 68.534
264.519609 68.481
266.436427 68.444
268.367135 68.421
270.311834 68.412
272.270625 68.411
274.243610 68.417
276.230892 68.424
278.232575 68.428
280.248763 68.424
282.279561 68.410
284.325075 68.383
286.385412 68.339
288.460679 68.279
290.550984 68.203
292.656436 68.111
294.777145 68.004
296.913222 67.885
299.064777 67.755
301.231924 67.617
303.414775 67.470
305.613443 67.318
307.828044 67.159
310.058693 66.995
312.305506 66.825
314.568601 66.650
316.848095 66.472
319.144106 66.293
321.456756 66.119
323.786164 65.956
326.132452 65.815
328.495743 65.706
330.876158 65.642
333.273823 65.634
335.688863 65.689
338.121403 65.810
340.571570 65.994
343.039492 66.232
345.525297 66.512
348.029116 66.819
350.551078 67.142
353.091316 67.468
355.649961 67.789
358.227147 68.099
360.823009 68.393
363.437681 68.669
366.071301 68.928
368.724004 69.170
371.395930 69.397
374.087218 69.610
376.798008 69.813
379.528442 70.005
382.278662 70.188
385.048810 70.363
387.839033 70.530
390.649474 70.687
393.480281 70.835
396.331602 70.970
399.203584 71.091
402.096378 71.197
405.010134 71.284
407.945004 71.352
410.901142 71.399
413.878701 71.424
416.877837 71.425
419.898705 71.405
422.941464 71.362
426.006273 71.300
429.093290 71.222
432.202676 71.130
435.334595 71.030
438.489209 70.929
441.666683 70.833
444.867182 70.749
448.090873 70.684
451.337924 70.646
454.608504 70.639
457.902785 70.669
461.220937 70.737
464.563134 70.843
467.929550 70.983
471.320361 71.155
474.735742 71.353
478.175873 71.569
481.640933 71.798
485.131102 72.033
488.646561 72.267
492.187496 72.495
495.754089 72.711
499.346528 72.910
502.964999 73.089
506.609690 73.243
510.280793 73.372
513.978498 73.472
517.702998 73.544
521.454487 73.587
525.233162 73.601
529.039218 73.589
532.872854 73.551
536.734270 73.489
540.623668 73.407
544.541250 73.307
548.487220 73.193
552.461785 73.069
556.465151 72.937
560.497526 72.803
564.559123 72.670
568.650151 72.541
572.770824 72.419
576.921358 72.305
581.101968 72.200
585.312872 72.104
589.554290 72.012
593.826444 71.923
598.129555 71.831
602.463848 71.733
606.829550 71.622
611.226887 71.495
615.656089 71.348
620.117387 71.177
624.611013 70.980
629.137202 70.757
633.696189 70.509
638.288213 70.236
642.913512 69.945
647.572329 69.641
652.264905 69.332
656.991485 69.029
661.752316 68.745
666.547646 68.491
671.377725 68.281
676.242805 68.124
681.143139 68.026
686.078983 67.988
691.050594 68.005
696.058232 68.067
701.102157 68.163
706.182632 68.279
711.299922 68.404
716.454295 68.526
721.646018 68.636
726.875363 68.728
732.142601 68.797
737.448008 68.843
742.791860 68.864
748.174436 68.864
753.596017 68.844
759.056884 68.810
764.557323 68.767
770.097621 68.720
775.678066 68.676
781.298949 68.640
786.960563 68.614
792.663204 68.603
798.407168 68.607
804.192755 68.625
810.020268 68.655
815.890008 68.693
821.802284 68.736
827.757402 68.781
833.755673 68.823
839.797410 68.861
845.882929 68.894
852.012545 68.922
858.186579 68.944
864.405353 68.965
870.669190 68.985
876.978418 69.007
883.333365 69.034
889.734363 69.068
896.181745 69.111
902.675847 69.162
909.217009 69.222
915.805570 69.288
922.441875 69.360
929.126269 69.434
935.859101 69.508
942.640722 69.578
949.471485 69.643
956.351747 69.699
963.281866 69.745
970.262203 69.780
977.293123 69.803
984.374992 69.814
991.508179 69.816
998.693056 69.808
1005.929997 69.794
1013.219381 69.777
1020.561586 69.758
1027.956996 69.741
1035.405996 69.728
1042.908975 69.721
1050.466323 69.721
1058.078435 69.730
1065.745708 69.747
1073.468540 69.773
1081.247336 69.807
1089.082500 69.850
1096.974441 69.901
1104.923570 69.961
1112.930301 70.031
1120.995053 70.110
1129.118245 70.199
1137.300301 70.297
1145.541648 70.404
1153.842715 70.518
1162.203935 70.637
1170.625744 70.758
1179.108581 70.877
1187.652888 70.991
1196.259110 71.096
1204.927697 71.190
1213.659099 71.268
1222.453773 71.330
1231.312177 71.373
1240.234773 71.396
1249.222026 71.399
1258.274403 71.381
1267.392378 71.341
1276.576426 71.281
1285.827025 71.199
1295.144658 71.097
1304.529810 70.973
1313.982970 70.829
1323.504633 70.665
1333.095293 70.482
1342.755451 70.279
1352.485610 70.059
1362.286279 69.821
1372.157967 69.569
1382.101189 69.304
1392.116464 69.030
1402.204314 68.751
1412.365264 68.473
1422.599845 68.204
1432.908590 67.952
1443.292036 67.728
1453.750725 67.541
1464.285202 67.402
1474.896016 67.320
1485.583721 67.300
1496.348873 67.345
1507.192034 67.451
1518.113769 67.613
1529.114647 67.822
1540.195242 68.068
1551.356131 68.341
1562.597897 68.632
1573.921126 68.932
1585.326407 69.233
1596.814336 69.529
1608.385511 69.816
1620.040535 70.089
1631.780017 70.345
1643.604567 70.581
1655.514804 70.796
1667.511346 70.988
1679.594821 71.156
1691.765857 71.297
1704.025090 71.413
1716.373158 71.503
1728.810706 71.566
1741.338381 71.602
1753.956837 71.611
1766.666731 71.595
1779.468726 71.553
1792.363490 71.486
1805.351695 71.395
1818.434017 71.281
1831.611140 71.146
1844.883749 70.990
1858.252537 70.815
1871.718201 70.623
1885.281443 70.416
1898.942970 70.195
1912.703493 69.965
1926.563731 69.729
1940.524406 69.490
1954.586246 69.254
1968.749983 69.027
1983.016357 68.814
1997.386111 68.622
2011.859995 68.459
2026.438761 68.329
2041.123172 68.237
2055.913992 68.186
2070.811992 68.176
2085.817950 68.204
2100.932646 68.265
2116.156870 68.355
2131.491415 68.465
2146.937081 68.589
2162.494672 68.718
2178.165000 68.847
2193.948881 68.970
2209.847139 69.081
2225.860602 69.178
2241.990106 69.258
2258.236490 69.318
2274.600603 69.358
2291.083296 69.378
2307.685430 69.378
2324.407870 69.360
2341.251488 69.325
2358.217161 69.277
2375.305775 69.217
2392.518220 69.150
2409.855393 69.079
2427.318199 69.008
2444.907547 68.941
2462.624355 68.880
2480.469546 68.830
2498.444051 68.791
2516.548807 68.765
2534.784757 68.752
2553.152852 68.751
2571.654050 68.761
2590.289315 68.780
2609.059619 68.805
2627.965941 68.835
2647.009265 68.867
2666.190586 68.900
2685.510902 68.934
2704.971221 68.967
2724.572557 69.001
2744.315933 69.035
2764.202378 69.071
2784.232928 69.108
2804.408627 69.149
2824.730528 69.192
2845.199690 69.240
2865.817180 69.290
2886.584072 69.343
2907.501450 69.397
2928.570404 69.451
2949.792033 69.503
2971.167442 69.552
2992.697746 69.595
3014.384067 69.630
3036.227537 69.657
3058.229293 69.674
3080.390484 69.679
3102.712263 69.672
3125.195795 69.653
3147.842252 69.624
3170.652814 69.585
3193.628672 69.538
3216.771022 69.487
3240.081070 69.433
3263.560033 69.380
3287.209135 69.332
3311.029607 69.290
3335.022693 69.257
3359.189642 69.234
3383.531715 69.219
3408.050180 69.213
3432.746317 69.213
3457.621412 69.216
3482.676762 69.221
3507.913673 69.224
3533.333462 69.223
3558.937453 69.217
3584.726980 69.205
3610.703390 69.188
3636.868035 69.167
3663.222280 69.144
3689.767499 69.120
3716.505075 69.100
3743.436403 69.086
3770.562886 69.080
3797.885939 69.086
3825.406986 69.104
3853.127462 69.135
3881.048812 69.180
3909.172492 69.235
3937.499967 69.301
3966.032715 69.375
3994.772223 69.453
4023.719989 69.534
4052.877523 69.613
4082.246344 69.690
4111.827984 69.761
4141.623984 69.826
4171.635899 69.882
4201.865292 69.929
4232.313740 69.967
4262.982830 69.996
4293.874161 70.016
4324.989344 70.029
4356.329999 70.034
4387.897762 70.034
4419.694278 70.029
4451.721205 70.019
4483.980212 70.005
4516.472981 69.989
4549.201206 69.970
4582.166593 69.948
4615.370861 69.923
4648.815741 69.896
4682.502976 69.866
4716.434323 69.833
4750.611550 69.796
4785.036440 69.756
4819.710786 69.713
4854.636397 69.667
4889.815094 69.619
4925.248710 69.570
4960.939092 69.522
4996.888102 69.474
5033.097613 69.428
5069.569513 69.384
5106.305704 69.344
5143.308100 69.307
5180.578630 69.274
5218.119239 69.245
5255.931882 69.220
5294.018531 69.199
5332.381171 69.184
5371.021803 69.175
5409.942441 69.173
5449.145114 69.181
5488.631866 69.198
5528.404755 69.227
5568.465855 69.268
5608.817254 69.320
5649.461056 69.381
5690.399380 69.452
5731.634359 69.529
5773.168145 69.611
5815.002901 69.694
5857.140809 69.777
5899.584066 69.856
5942.334884 69.932
5985.395492 70.001
6028.768135 70.063
6072.455074 70.118
6116.458587 70.163
6160.780967 70.200
6205.424526 70.228
6250.391590 70.246
6295.684504 70.256
6341.305629 70.258
6387.257343 70.251
6433.542043 70.238
6480.162141 70.218
6527.120067 70.194
6574.418270 70.167
6622.059215 70.139
6670.045385 70.110
6718.379284 70.085
6767.063430 70.063
6816.100361 70.048
6865.492634 70.041
6915.242823 70.044
6965.353524 70.058
7015.827346 70.083
7066.666924 70.121
7117.874905 70.169
7169.453961 70.227
7221.406780 70.292
7273.736070 70.363
7326.444560 70.436
7379.534997 70.509
7433.010150 70.579
7486.872806 70.645
7541.125772 70.705
7595.771878 70.758
7650.813972 70.802
7706.254924 70.838
7762.097624 70.866
7818.344983 70.887
7874.999934 70.901
7932.065430 70.910
7989.544446 70.915
8047.439978 70.918
8105.755046 70.921
8164.492688 70.925
8223.655968 70.931
8283.247969 70.941
8343.271798 70.956
8403.730585 70.976
8464.627481 71.000
8525.965661 71.028
8587.748323 71.061
8649.978687 71.097
8712.659998 71.136
8775.795524 71.178
8839.388556 71.220
8903.442410 71.263
8967.960423 71.306
9032.945961 71.347
9098.402412 71.386
9164.333186 71.423
9230.741722 71.455
9297.631482 71.482
9365.005952 71.504
9432.868646 71.520
9501.223100 71.530
9570.072880 71.533
9639.421573 71.530
9709.272795 71.521
9779.630188 71.505
9850.497420 71.484
9921.878185 71.459
9993.776204 71.430
10066.195226 71.398
10139.139026 71.365
10212.611407 71.331
10286.616199 71.297
10361.157261 71.263
10436.238477 71.231
10511.863763 71.200
10588.037061 71.171
10664.762343 71.143
10742.043607 71.117
10819.884883 71.092
10898.290229 71.068
10977.263733 71.045
11056.809511 71.021
11136.931710 70.996
11217.634508 70.969
11298.922112 70.942
11380.798759 70.912
11463.268719 70.881
11546.336289 70.849
11630.005802 70.815
11714.281618 70.779
11799.168131 70.742
11884.669768 70.705
11970.790984 70.666
12057.536270 70.626
12144.910148 70.586
12232.917174 70.544
12321.561934 70.503
12410.849051 70.461
12500.783179 70.420
12591.369007 70.378
12682.611258 70.338
12774.514687 70.299
12867.084086 70.260
12960.324282 70.223
13054.240134 70.187
13148.836539 70.150
13244.118429 70.113
13340.090771 70.075
13436.758568 70.036
13534.126859 69.993
13632.200721 69.948
13730.985267 69.900
13830.485647 69.848
13930.707047 69.793
14031.654693 69.736
14133.333847 69.677
14235.749810 69.617
14338.907922 69.557
14442.813559 69.498
14547.472140 69.440
14652.889120 69.384
14759.069995 69.331
14866.020300 69.282
14973.745611 69.237
15082.251544 69.196
15191.543756 69.160
15301.627945 69.127
15412.509849 69.097
15524.195248 69.071
15636.689966 69.047
15749.999868 69.025
15864.130859 69.006
15979.088891 68.988
16094.879956 68.971
16211.510091 68.956
16328.985376 68.942
16447.311935 68.929
16566.495937 68.918
16686.543596 68.909
16807.461170 68.900
16929.254962 68.893
17051.931322 68.888
17175.496645 68.884
17299.957374 68.881
17425.319997 68.879
17551.591049 68.878
17678.777112 68.877
17806.884819 68.875
17935.920847 68.872
18065.891923 68.870
18196.804823 68.868
18328.666372 68.866
18461.483444 68.863
18595.262963 68.859
18730.011904 68.852
18865.737291 68.841
19002.446201 68.826
19140.145759 68.803
19278.843145 68.773
19418.545590 68.732
19559.260376 68.678
19700.994839 68.608
19843.756369 68.518
19987.552408 68.404
20132.390452 68.260
20278.278052 68.081
20425.222814 67.861
20573.232399 67.596
20722.314521 67.276
20872.476955 66.892
21023.727527 66.432
21176.074123 65.883
21329.524685 65.231
21484.087214 64.458
21639.769766 63.547
21796.580458 62.476
21954.527465 61.223
22113.619021 59.763
22273.863420 58.069
22435.269017 56.111
22597.844224 53.860
22761.597519 51.283
22926.537437 48.350
23092.672578 45.030
23260.011603 41.300
23428.563236 37.141
23598.336263 32.547
23769.339535 27.574
23941.581968 23.001
