* Measurement data measured by REW V5.40 beta 133
* Source: U18dB [plughw:3,0], Mic (Mic), R, Volume: 1.000. Timing signal peak level -25.9 dBFS, measurement signal peak level -14.6 dBFS
* Format: 512k Log Swept Sine, 1 sweep at -12.0 dBFS using an acoustic timing reference
* Dated: Sep 10, 2026, 11:15:23 AM
* REW Settings:
*  C-weighting compensation: Off
*  Target level: 75.0 dB
* Note: ; 10 sept 2026  Position MLP+20cm AHEAD 3.98m from front wall 3.13/3.14m from RLand L speaker  2 screen panels prolongation - new setup DAC level -29dB MIC HEIGHT: 1.000m mic boom arm height: 1.040 -12dBFS OKTO -28dB DELAY 0.0040 ms (1.4 mm, 0.05 in) using estimated IR delay relative to Acoustic reference played from DAC8STEREO L with no timing offset Clock adjustment: -17.2 ppm
* Measurement: R 120.green.1
* Smoothing: 1/48 octave
* Frequency Step: 96 ppo
* Start Frequency: 15.014648 Hz
*
* Freq(Hz) SPL(dB) Phase(degrees)
15.014648 67.474 -155.3435
15.123451 67.689 -156.8447
15.233042 67.955 -158.3652
15.343426 68.231 -159.9183
15.454611 68.512 -161.5102
15.566602 68.798 -163.1243
15.679404 69.083 -164.7569
15.793023 69.364 -166.4096
15.907466 69.642 -168.0842
16.022738 69.914 -169.7699
16.138845 70.176 -171.4585
16.255794 70.431 -173.1631
16.373590 70.675 -174.8767
16.492240 70.907 -176.5843
16.611750 71.126 -178.3004
16.732125 71.334 179.9739
16.853373 71.528 178.2571
16.975500 71.709 176.5359
17.098511 71.879 174.8049
17.222414 72.036 173.0833
17.347215 72.182 171.3588
17.472920 72.317 169.6258
17.599536 72.441 167.9030
17.727069 72.556 166.1753
17.855527 72.662 164.4432
17.984915 72.760 162.7231
18.115241 72.851 160.9984
18.246512 72.935 159.2758
18.378734 73.012 157.5679
18.511914 73.083 155.8582
18.646058 73.147 154.1593
18.781175 73.206 152.4759
18.917272 73.259 150.7963
19.054354 73.307 149.1367
19.192430 73.349 147.4914
19.331506 73.386 145.8588
19.471590 73.417 144.2501
19.612689 73.444 142.6550
19.754811 73.467 141.0789
19.897962 73.488 139.5239
20.042151 73.506 137.9848
20.187385 73.525 136.4650
20.333671 73.544 134.9637
20.481017 73.567 133.4782
20.629431 73.595 132.0087
20.778920 73.629 130.5564
20.929493 73.672 129.1148
21.081157 73.725 127.6899
21.233919 73.788 126.2758
21.387789 73.862 124.8715
21.542774 73.948 123.4799
21.698882 74.045 122.0901
21.856121 74.153 120.7101
22.014499 74.269 119.3273
22.174025 74.394 117.9448
22.334708 74.525 116.5560
22.496554 74.660 115.1527
22.659573 74.798 113.7370
22.823774 74.937 112.2955
22.989164 75.077 110.8310
23.155753 75.214 109.3311
23.323549 75.348 107.7951
23.492562 75.480 106.2167
23.662798 75.607 104.5908
23.834269 75.730 102.9176
24.006982 75.848 101.1895
24.180946 75.961 99.4114
24.356171 76.069 97.5757
24.532666 76.171 95.6889
24.710440 76.268 93.7462
24.889502 76.358 91.7525
25.069862 76.443 89.7061
25.251528 76.520 87.6089
25.434511 76.591 85.4603
25.618820 76.654 83.2601
25.804465 76.708 81.0067
25.991454 76.754 78.7000
26.179799 76.791 76.3360
26.369509 76.819 73.9173
26.560593 76.835 71.4372
26.753062 76.841 68.9050
26.946926 76.836 66.3116
27.142194 76.819 63.6758
27.338878 76.787 60.9856
27.536987 76.741 58.2709
27.736531 76.680 55.5171
27.937521 76.601 52.7624
28.139968 76.505 49.9933
28.343882 76.388 47.2498
28.549273 76.250 44.5262
28.756153 76.090 41.8508
28.964532 75.908 39.2353
29.174421 75.702 36.6916
29.385831 75.474 34.2457
29.598773 75.223 31.9023
29.813258 74.952 29.6880
30.029297 74.661 27.6099
30.246902 74.352 25.6895
30.466083 74.029 23.9335
30.686853 73.695 22.3624
30.909222 73.354 20.9741
31.133203 73.011 19.7828
31.358807 72.669 18.7873
31.586046 72.335 17.9742
31.814932 72.011 17.3511
32.045476 71.703 16.8803
32.277691 71.415 16.5499
32.511588 71.148 16.3383
32.747180 70.904 16.1985
32.984480 70.684 16.1140
33.223499 70.487 16.0492
33.464250 70.308 15.9733
33.706746 70.147 15.8722
33.950999 69.999 15.7246
34.197022 69.859 15.5245
34.444828 69.723 15.2708
34.694429 69.589 14.9635
34.945839 69.450 14.6151
35.199071 69.306 14.2412
35.454138 69.153 13.8669
35.711054 68.992 13.5188
35.969831 68.822 13.2126
36.230483 68.645 12.9678
36.493024 68.463 12.8088
36.757467 68.278 12.7543
37.023827 68.093 12.8196
37.292117 67.912 13.0175
37.562351 67.741 13.3527
37.834543 67.585 13.8238
38.108708 67.449 14.4235
38.384859 67.339 15.1323
38.663012 67.259 15.9197
38.943180 67.214 16.7510
39.225378 67.206 17.5847
39.509622 67.237 18.3713
39.795925 67.308 19.0532
40.084302 67.416 19.5791
40.374770 67.558 19.8994
40.667342 67.729 19.9684
40.962034 67.925 19.7434
41.258862 68.138 19.1884
41.557841 68.361 18.2784
41.858986 68.587 16.9951
42.162313 68.809 15.3248
42.467839 69.021 13.2572
42.775578 69.217 10.7853
43.085548 69.392 7.9062
43.397763 69.541 4.6190
43.712242 69.661 0.9221
44.028998 69.748 -3.1862
44.348051 69.800 -7.7087
44.669415 69.816 -12.6490
44.993108 69.793 -18.0065
45.319147 69.730 -23.7845
45.647548 69.626 -29.9894
45.978329 69.481 -36.6310
46.311507 69.295 -43.7232
46.647099 69.069 -51.2856
46.985123 68.806 -59.3442
47.325597 68.510 -67.9313
47.668537 68.188 -77.0824
48.013963 67.850 -86.8325
48.361892 67.513 -97.2045
48.712342 67.196 -108.1948
49.065332 66.924 -119.7532
49.420880 66.721 -131.7610
49.779004 66.607 -144.0264
50.139723 66.592 -156.3001
50.503056 66.673 -168.3112
50.869022 66.835 -179.8174
51.237640 67.051 169.3594
51.608929 67.294 159.3224
51.982909 67.539 150.1094
52.359598 67.764 141.7150
52.739018 67.954 134.1105
53.121186 68.099 127.2603
53.506124 68.196 121.1326
53.893852 68.242 115.7038
54.284389 68.242 110.9609
54.677756 68.201 106.9018
55.073973 68.127 103.5309
55.473062 68.032 100.8561
55.875043 67.930 98.8818
56.279936 67.839 97.6011
56.687764 67.777 96.9836
57.098547 67.766 96.9645
57.512306 67.823 97.4379
57.929064 67.964 98.2573
58.348842 68.194 99.2453
58.771662 68.514 100.2161
59.197546 68.913 101.0005
59.626515 69.375 101.4667
60.058594 69.881 101.5302
60.493803 70.411 101.1549
60.932166 70.948 100.3412
61.373706 71.478 99.1146
61.818445 71.988 97.5184
62.266407 72.469 95.6069
62.717615 72.916 93.4386
63.172093 73.325 91.0716
63.629864 73.693 88.5650
64.090952 74.020 85.9767
64.555381 74.307 83.3590
65.023176 74.555 80.7592
65.494361 74.768 78.2234
65.968960 74.949 75.7922
66.446998 75.104 73.4954
66.928501 75.238 71.3584
67.413492 75.358 69.3975
67.901998 75.470 67.6173
68.394044 75.583 66.0124
68.889655 75.703 64.5646
69.388858 75.837 63.2452
69.891679 75.990 62.0133
70.398142 76.166 60.8190
70.908276 76.367 59.6106
71.422107 76.592 58.3309
71.939661 76.839 56.9270
72.460965 77.104 55.3534
72.986047 77.382 53.5688
73.514934 77.666 51.5470
74.047654 77.949 49.2686
74.584234 78.223 46.7268
75.124702 78.481 43.9243
75.669086 78.716 40.8701
76.217416 78.921 37.5837
76.769719 79.090 34.0859
77.326024 79.219 30.4086
77.886360 79.301 26.5810
78.450757 79.333 22.6435
79.019243 79.311 18.6312
79.591849 79.231 14.5910
80.168605 79.091 10.5640
80.749539 78.889 6.6020
81.334684 78.623 2.7557
81.924068 78.291 -0.9186
82.517724 77.893 -4.3568
83.115681 77.429 -7.4904
83.717972 76.900 -10.2372
84.324627 76.308 -12.5034
84.935678 75.659 -14.1775
85.551157 74.962 -15.1292
86.171096 74.234 -15.2122
86.795527 73.500 -14.2739
87.424483 72.800 -12.1933
88.057997 72.190 -8.9418
88.696102 71.731 -4.6595
89.338830 71.480 0.2879
89.986216 71.460 5.3533
90.638293 71.657 9.9780
91.295096 72.017 13.7653
91.956658 72.479 16.5472
92.623013 72.989 18.3451
93.294198 73.504 19.2863
93.970246 73.998 19.5352
94.651193 74.459 19.2538
95.337075 74.880 18.5845
96.027927 75.261 17.6439
96.723785 75.604 16.5236
97.424685 75.916 15.2906
98.130664 76.204 13.9902
98.841760 76.472 12.6494
99.558008 76.727 11.2784
100.279446 76.974 9.8746
101.006112 77.218 8.4254
101.738044 77.459 6.9117
102.475280 77.701 5.3126
103.217858 77.941 3.6076
103.965817 78.180 1.7796
104.719197 78.414 -0.1851
105.478035 78.642 -2.2948
106.242372 78.859 -4.5534
107.012248 79.065 -6.9601
107.787703 79.255 -9.5111
108.568777 79.427 -12.1992
109.355511 79.579 -15.0139
110.147947 79.708 -17.9429
110.946124 79.813 -20.9719
111.750085 79.892 -24.0839
112.559873 79.942 -27.2607
113.375528 79.962 -30.4825
114.197094 79.951 -33.7280
115.024613 79.910 -36.9742
115.858129 79.836 -40.1984
116.697684 79.731 -43.3770
117.543324 79.595 -46.4869
118.395091 79.429 -49.5057
119.253031 79.235 -52.4114
120.117188 79.015 -55.1835
120.987606 78.771 -57.8034
121.864332 78.507 -60.2556
122.747411 78.227 -62.5267
123.636890 77.934 -64.6072
124.532814 77.633 -66.4912
125.435230 77.328 -68.1774
126.344185 77.024 -69.6696
127.259727 76.726 -70.9767
128.181904 76.439 -72.1130
129.110763 76.166 -73.0986
130.046352 75.910 -73.9597
130.988722 75.676 -74.7269
131.937920 75.463 -75.4349
132.893997 75.272 -76.1193
133.857001 75.102 -76.8156
134.826984 74.950 -77.5552
135.803996 74.813 -78.3636
136.788088 74.685 -79.2580
137.779311 74.563 -80.2466
138.777717 74.442 -81.3288
139.783357 74.318 -82.4967
140.796285 74.188 -83.7369
141.816553 74.050 -85.0320
142.844214 73.902 -86.3641
143.879322 73.744 -87.7161
144.921931 73.576 -89.0742
145.972095 73.401 -90.4283
147.029869 73.219 -91.7736
148.095308 73.030 -93.1097
149.168468 72.838 -94.4409
150.249404 72.644 -95.7759
151.338173 72.447 -97.1265
152.434832 72.248 -98.5062
153.539437 72.047 -99.9298
154.652047 71.841 -101.4133
155.772720 71.631 -102.9719
156.901513 71.413 -104.6215
158.038486 71.185 -106.3770
159.183698 70.944 -108.2538
160.337209 70.684 -110.2686
161.499079 70.401 -112.4379
162.669367 70.090 -114.7789
163.848137 69.743 -117.3088
165.035448 69.350 -120.0447
166.231363 68.900 -123.0041
167.435944 68.381 -126.2043
168.649254 67.775 -129.6653
169.871356 67.062 -133.4114
171.102314 66.213 -137.4788
172.342191 65.193 -141.9270
173.591054 63.946 -146.8624
174.848966 62.394 -152.5000
176.115994 60.406 -159.3168
177.392203 57.771 -168.5826
178.677660 54.210 175.1890
179.972432 50.657 129.7937
181.276587 52.406 58.9961
182.590191 56.506 33.2972
183.913315 59.727 21.2561
185.246027 62.160 12.9980
186.588396 64.067 6.2332
187.940492 65.609 0.1991
189.302387 66.884 -5.4221
190.674150 67.956 -10.7833
192.055853 68.864 -15.9650
193.447569 69.640 -21.0117
194.849370 70.302 -25.9496
196.261329 70.867 -30.7935
197.683519 71.347 -35.5514
199.116016 71.751 -40.2264
200.558892 72.087 -44.8185
202.012225 72.360 -49.3260
203.476089 72.575 -53.7461
204.950560 72.737 -58.0743
206.435716 72.848 -62.3063
207.931635 72.911 -66.4370
209.438393 72.929 -70.4617
210.956070 72.904 -74.3735
212.484745 72.836 -78.1652
214.024497 72.726 -81.8259
215.575406 72.575 -85.3414
217.137555 72.383 -88.6913
218.711023 72.149 -91.8478
220.295893 71.874 -94.7743
221.892248 71.559 -97.4252
223.500171 71.208 -99.7446
225.119745 70.826 -101.6691
226.751056 70.421 -103.1292
228.394187 70.005 -104.0588
230.049226 69.598 -104.4069
231.716257 69.221 -104.1538
233.395369 68.899 -103.3315
235.086648 68.659 -102.0402
236.790182 68.520 -100.4482
238.506062 68.493 -98.7711
240.234375 68.572 -97.2330
241.975212 68.745 -96.0245
243.728664 68.989 -95.2744
245.494823 69.279 -95.0449
247.273780 69.594 -95.3427
249.065627 69.913 -96.1368
250.870459 70.223 -97.3767
252.688370 70.514 -99.0032
254.519454 70.778 -100.9565
256.363807 71.010 -103.1803
258.221525 71.209 -105.6232
260.092705 71.372 -108.2401
261.977444 71.499 -110.9922
263.875840 71.590 -113.8455
265.787993 71.644 -116.7705
267.714003 71.663 -119.7415
269.653969 71.646 -122.7334
271.607992 71.593 -125.7219
273.576176 71.505 -128.6807
275.558622 71.381 -131.5796
277.555433 71.221 -134.3849
279.566714 71.029 -137.0592
281.592570 70.805 -139.5624
283.633106 70.553 -141.8518
285.688428 70.280 -143.8875
287.758644 69.993 -145.6359
289.843862 69.701 -147.0739
291.944190 69.416 -148.1963
294.059738 69.147 -149.0212
296.190616 68.907 -149.5922
298.336935 68.702 -149.9757
300.498808 68.537 -150.2546
302.676346 68.411 -150.5154
304.869664 68.319 -150.8326
307.078875 68.253 -151.2581
309.304095 68.201 -151.8145
311.545440 68.153 -152.4945
313.803027 68.102 -153.2660
316.076973 68.042 -154.0791
318.367397 67.971 -154.8743
320.674418 67.889 -155.5912
322.998157 67.803 -156.1772
325.338735 67.719 -156.5959
327.696273 67.648 -156.8341
330.070896 67.600 -156.9058
332.462726 67.584 -156.8539
334.871888 67.607 -156.7440
337.298507 67.669 -156.6542
339.742711 67.769 -156.6597
342.204627 67.899 -156.8215
344.684383 68.051 -157.1750
347.182108 68.215 -157.7284
349.697933 68.381 -158.4635
352.231988 68.544 -159.3423
354.784406 68.698 -160.3135
357.355320 68.844 -161.3228
359.944864 68.985 -162.3201
362.553173 69.126 -163.2681
365.180383 69.275 -164.1486
367.826630 69.441 -164.9683
370.492054 69.632 -165.7606
373.176792 69.853 -166.5820
375.880985 70.107 -167.5029
378.604773 70.391 -168.5978
381.348300 70.700 -169.9321
384.111707 71.025 -171.5547
386.895138 71.355 -173.4934
389.698740 71.681 -175.7529
392.522658 71.992 -178.3196
395.367039 72.280 178.8354
398.232031 72.537 175.7528
401.117785 72.758 172.4807
404.024450 72.940 169.0699
406.952177 73.080 165.5735
409.901120 73.179 162.0415
412.871433 73.237 158.5228
415.863270 73.256 155.0625
418.876786 73.240 151.7012
421.912140 73.192 148.4735
424.969489 73.118 145.4065
428.048993 73.023 142.5193
431.150813 72.912 139.8240
434.275109 72.791 137.3232
437.422046 72.666 135.0120
440.591786 72.540 132.8796
443.784496 72.417 130.9130
447.000341 72.300 129.0966
450.239490 72.191 127.4165
453.502111 72.091 125.8624
456.788374 72.003 124.4265
460.098451 71.928 123.1029
463.432514 71.870 121.8832
466.790737 71.832 120.7529
470.173295 71.817 119.6891
473.580365 71.829 118.6571
477.012124 71.869 117.6115
480.468750 71.938 116.4985
483.950425 72.033 115.2622
487.457329 72.147 113.8519
490.989646 72.274 112.2281
494.547559 72.405 110.3671
498.131254 72.529 108.2634
501.740919 72.637 105.9287
505.376740 72.721 103.3909
509.038909 72.773 100.6896
512.727614 72.788 97.8746
516.443050 72.761 95.0021
520.185409 72.690 92.1324
523.954887 72.574 89.3285
527.751680 72.416 86.6534
531.575987 72.219 84.1713
535.428005 71.985 81.9442
539.307937 71.724 80.0325
543.215985 71.444 78.4919
547.152352 71.158 77.3689
551.117243 70.881 76.6938
555.110866 70.631 76.4684
559.133428 70.429 76.6554
563.185140 70.293 77.1677
567.266211 70.237 77.8668
571.376856 70.271 78.5771
575.517288 70.388 79.1113
579.687724 70.578 79.3011
583.888380 70.821 79.0237
588.119476 71.093 78.2101
592.381232 71.371 76.8450
596.673871 71.634 74.9542
600.997615 71.865 72.5929
605.352692 72.048 69.8335
609.739327 72.175 66.7595
614.157750 72.235 63.4603
618.608190 72.224 60.0305
623.090880 72.138 56.5686
627.606053 71.977 53.1768
632.153945 71.741 49.9622
636.734793 71.437 47.0360
641.348836 71.072 44.5110
645.996314 70.661 42.4950
650.677470 70.222 41.0795
655.392547 69.780 40.3198
660.141792 69.364 40.2134
664.925451 69.005 40.6781
669.743775 68.726 41.5494
674.597014 68.541 42.6000
679.485423 68.448 43.5911
684.409254 68.431 44.3230
689.368766 68.468 44.6697
694.364216 68.530 44.5830
699.395865 68.596 44.0778
704.463976 68.646 43.2069
709.568812 68.667 42.0419
714.710640 68.650 40.6575
719.889728 68.587 39.1271
725.106346 68.473 37.5232
730.360766 68.306 35.9177
735.653261 68.082 34.3889
740.984108 67.800 33.0245
746.353584 67.461 31.9281
751.761970 67.069 31.2183
757.209547 66.635 31.0254
762.696599 66.175 31.4802
768.223413 65.715 32.6910
773.790277 65.290 34.7080
779.397480 64.941 37.4810
785.045315 64.705 40.8324
790.734077 64.607 44.4723
796.464062 64.649 48.0671
802.235569 64.812 51.3313
808.048899 65.065 54.0889
813.904354 65.373 56.2837
819.802241 65.708 57.9491
825.742866 66.049 59.1682
831.726539 66.386 60.0400
837.753572 66.712 60.6597
843.824280 67.028 61.1044
849.938979 67.339 61.4285
856.097987 67.649 61.6606
862.301626 67.964 61.8043
868.550219 68.288 61.8417
874.844092 68.625 61.7407
881.183573 68.973 61.4630
887.568992 69.328 60.9728
894.000683 69.687 60.2460
900.478980 70.041 59.2715
907.004222 70.386 58.0524
913.576749 70.715 56.6049
920.196903 71.023 54.9539
926.865029 71.308 53.1293
933.581475 71.566 51.1626
940.346591 71.797 49.0842
947.160730 71.999 46.9218
954.024247 72.175 44.6997
960.937500 72.324 42.4388
967.900849 72.448 40.1566
974.914658 72.547 37.8671
981.979291 72.623 35.5822
989.095118 72.676 33.3131
996.262509 72.708 31.0693
1003.481838 72.720 28.8601
1010.753481 72.711 26.6942
1018.077817 72.685 24.5815
1025.455229 72.640 22.5328
1032.886100 72.578 20.5597
1040.370819 72.501 18.6727
1047.909774 72.410 16.8832
1055.503361 72.308 15.2013
1063.151973 72.196 13.6350
1070.856010 72.078 12.1897
1078.615875 71.957 10.8672
1086.431970 71.835 9.6669
1094.304704 71.715 8.5848
1102.234487 71.601 7.6117
1110.221732 71.495 6.7345
1118.266856 71.399 5.9374
1126.370279 71.316 5.2008
1134.532422 71.246 4.5028
1142.753712 71.190 3.8197
1151.034577 71.149 3.1273
1159.375448 71.120 2.4012
1167.776760 71.104 1.6161
1176.238952 71.099 0.7443
1184.762464 71.100 -0.2396
1193.347741 71.105 -1.3593
1201.995231 71.108 -2.6346
1210.705384 71.103 -4.0792
1219.478654 71.082 -5.6969
1228.315499 71.039 -7.4819
1237.216380 70.967 -9.4180
1246.181760 70.858 -11.4772
1255.212106 70.705 -13.6215
1264.307891 70.504 -15.8033
1273.469587 70.247 -17.9669
1282.697672 69.932 -20.0480
1291.992628 69.554 -21.9728
1301.354940 69.112 -23.6558
1310.785094 68.604 -24.9965
1320.283583 68.031 -25.8734
1329.850902 67.398 -26.1366
1339.487550 66.715 -25.6055
1349.194029 66.003 -24.0706
1358.970845 65.300 -21.3164
1368.818508 64.667 -17.1857
1378.737531 64.186 -11.6996
1388.728432 63.944 -5.2015
1398.791730 63.997 1.6173
1408.927952 64.338 7.9313
1419.137625 64.901 13.1079
1429.421281 65.595 16.8781
1439.779457 66.342 19.2748
1450.212692 67.085 20.4861
1460.721531 67.791 20.7433
1471.306521 68.442 20.2633
1481.968215 69.034 19.2286
1492.707168 69.563 17.7847
1503.523939 70.033 16.0431
1514.419093 70.450 14.0875
1525.393198 70.817 11.9788
1536.446826 71.140 9.7595
1547.580553 71.424 7.4583
1558.794960 71.674 5.0928
1570.090631 71.890 2.6741
1581.468155 72.078 0.2087
1592.928125 72.237 -2.2993
1604.471139 72.368 -4.8473
1616.097798 72.473 -7.4325
1627.808709 72.550 -10.0503
1639.604482 72.598 -12.6934
1651.485732 72.616 -15.3517
1663.453078 72.603 -18.0103
1675.507145 72.558 -20.6497
1687.648560 72.480 -23.2455
1699.877958 72.369 -25.7697
1712.195974 72.224 -28.1913
1724.603252 72.048 -30.4771
1737.100438 71.843 -32.5935
1749.688184 71.612 -34.5077
1762.367146 71.359 -36.1904
1775.137984 71.092 -37.6178
1788.001366 70.816 -38.7729
1800.957961 70.539 -39.6497
1814.008445 70.269 -40.2533
1827.153498 70.015 -40.6034
1840.393805 69.781 -40.7325
1853.730057 69.574 -40.6842
1867.162949 69.397 -40.5081
1880.693182 69.250 -40.2551
1894.321460 69.132 -39.9709
1908.048494 69.041 -39.6919
1921.875000 68.973 -39.4432
1935.801698 68.924 -39.2386
1949.829316 68.890 -39.0819
1963.958583 68.868 -38.9702
1978.190236 68.857 -38.8988
1992.525018 68.857 -38.8621
2006.963676 68.866 -38.8568
2021.506962 68.887 -38.8834
2036.155634 68.918 -38.9465
2050.910458 68.960 -39.0562
2065.772200 69.013 -39.2257
2080.741637 69.078 -39.4702
2095.819549 69.151 -39.8053
2111.006721 69.231 -40.2449
2126.303946 69.315 -40.7987
2141.712021 69.400 -41.4718
2157.231749 69.483 -42.2640
2172.863940 69.561 -43.1697
2188.609407 69.629 -44.1785
2204.468973 69.686 -45.2775
2220.443464 69.731 -46.4510
2236.533713 69.760 -47.6823
2252.740558 69.774 -48.9529
2269.064845 69.772 -50.2440
2285.507424 69.752 -51.5360
2302.069153 69.716 -52.8076
2318.750895 69.663 -54.0364
2335.553520 69.596 -55.1995
2352.477904 69.515 -56.2749
2369.524928 69.424 -57.2418
2386.695483 69.327 -58.0831
2403.990462 69.228 -58.7870
2421.410768 69.132 -59.3491
2438.957308 69.043 -59.7751
2456.630998 68.968 -60.0796
2474.432759 68.911 -60.2860
2492.363519 68.874 -60.4255
2510.424213 68.859 -60.5342
2528.615781 68.867 -60.6492
2546.939174 68.897 -60.8049
2565.395345 68.946 -61.0310
2583.985257 69.010 -61.3485
2602.709879 69.087 -61.7722
2621.570188 69.172 -62.3086
2640.567166 69.262 -62.9596
2659.701804 69.354 -63.7227
2678.975100 69.445 -64.5941
2698.388058 69.534 -65.5691
2717.941690 69.619 -66.6434
2737.637016 69.698 -67.8130
2757.475062 69.768 -69.0728
2777.456863 69.826 -70.4154
2797.583461 69.871 -71.8293
2817.855904 69.901 -73.2990
2838.275249 69.912 -74.8038
2858.842562 69.904 -76.3173
2879.558913 69.876 -77.8087
2900.425384 69.829 -79.2451
2921.443062 69.765 -80.5933
2942.613043 69.687 -81.8226
2963.936430 69.600 -82.9081
2985.414335 69.511 -83.8328
3007.047878 69.425 -84.5920
3028.838187 69.350 -85.1956
3050.786397 69.293 -85.6672
3072.893653 69.258 -86.0444
3095.161107 69.250 -86.3744
3117.589920 69.269 -86.7101
3140.181262 69.314 -87.1031
3162.936310 69.381 -87.5990
3185.856250 69.465 -88.2319
3208.942278 69.559 -89.0237
3232.195596 69.658 -89.9827
3255.617418 69.754 -91.1057
3279.208964 69.843 -92.3785
3302.971464 69.919 -93.7804
3326.906156 69.979 -95.2853
3351.014290 70.019 -96.8646
3375.297121 70.040 -98.4877
3399.755915 70.039 -100.1245
3424.391948 70.017 -101.7455
3449.206504 69.974 -103.3206
3474.200876 69.913 -104.8210
3499.376367 69.835 -106.2205
3524.734291 69.745 -107.4933
3550.275969 69.646 -108.6176
3576.002732 69.543 -109.5782
3601.915922 69.444 -110.3687
3628.016889 69.354 -110.9941
3654.306995 69.280 -111.4741
3680.787610 69.227 -111.8418
3707.460115 69.199 -112.1417
3734.325899 69.197 -112.4253
3761.386364 69.220 -112.7434
3788.642920 69.264 -113.1384
3816.096988 69.323 -113.6400
3843.750000 69.392 -114.2618
3871.603397 69.464 -115.0024
3899.658631 69.533 -115.8470
3927.917165 69.597 -116.7717
3956.380472 69.653 -117.7474
3985.050036 69.700 -118.7460
4013.927351 69.740 -119.7421
4043.013923 69.775 -120.7167
4072.311269 69.808 -121.6581
4101.820915 69.842 -122.5647
4131.544400 69.881 -123.4441
4161.483274 69.926 -124.3123
4191.639097 69.979 -125.1919
4222.013442 70.041 -126.1080
4252.607892 70.108 -127.0853
4283.424042 70.180 -128.1436
4314.463498 70.251 -129.2961
4345.727879 70.317 -130.5464
4377.218815 70.375 -131.8870
4408.937947 70.419 -133.3014
4440.886929 70.447 -134.7651
4473.067426 70.457 -136.2483
4505.481116 70.449 -137.7190
4538.129690 70.423 -139.1461
4571.014848 70.382 -140.5026
4604.138306 70.329 -141.7675
4637.501790 70.268 -142.9294
4671.107040 70.203 -143.9866
4704.955807 70.138 -144.9481
4739.049856 70.075 -145.8289
4773.390965 70.016 -146.6479
4807.980924 69.961 -147.4242
4842.821536 69.908 -148.1709
4877.914617 69.855 -148.8934
4913.261997 69.801 -149.5872
4948.865519 69.744 -150.2397
4984.727038 69.684 -150.8331
5020.848425 69.622 -151.3485
5057.231563 69.562 -151.7706
5093.878347 69.506 -152.0927
5130.790689 69.459 -152.3186
5167.970514 69.424 -152.4645
5205.419759 69.406 -152.5564
5243.140376 69.404 -152.6281
5281.134332 69.418 -152.7134
5319.403609 69.446 -152.8401
5357.950200 69.483 -153.0258
5396.776116 69.526 -153.2760
5435.883380 69.570 -153.5841
5475.274032 69.613 -153.9349
5514.950125 69.653 -154.3097
5554.913727 69.691 -154.6898
5595.166922 69.728 -155.0623
5635.711808 69.763 -155.4196
5676.550498 69.801 -155.7611
5717.685123 69.842 -156.0928
5759.117827 69.886 -156.4231
5800.850769 69.934 -156.7601
5842.886124 69.985 -157.1106
5885.226086 70.037 -157.4778
5927.872860 70.091 -157.8610
5970.828671 70.147 -158.2582
6014.095756 70.203 -158.6678
6057.676373 70.261 -159.0906
6101.572794 70.320 -159.5298
6145.787305 70.381 -159.9929
6190.322213 70.443 -160.4895
6235.179840 70.505 -161.0298
6280.362523 70.564 -161.6210
6325.872619 70.619 -162.2651
6371.712500 70.666 -162.9581
6417.884555 70.703 -163.6887
6464.391192 70.726 -164.4390
6511.234836 70.736 -165.1860
6558.417927 70.732 -165.9043
6605.942927 70.714 -166.5676
6653.812313 70.684 -167.1512
6702.028580 70.645 -167.6338
6750.594241 70.601 -167.9989
6799.511830 70.555 -168.2356
6848.783896 70.512 -168.3405
6898.413007 70.478 -168.3186
6948.401751 70.457 -168.1849
6998.752735 70.453 -167.9631
7049.468582 70.470 -167.6857
7100.551937 70.509 -167.3914
7152.005464 70.570 -167.1235
7203.831844 70.651 -166.9233
7256.033779 70.748 -166.8250
7308.613991 70.856 -166.8523
7361.575220 70.968 -167.0165
7414.920229 71.080 -167.3158
7468.651798 71.185 -167.7384
7522.772727 71.280 -168.2639
7577.285840 71.362 -168.8672
7632.193976 71.428 -169.5200
7687.500000 71.479 -170.1954
7743.206794 71.515 -170.8669
7799.317262 71.535 -171.5106
7855.834330 71.543 -172.1051
7912.760944 71.542 -172.6328
7970.100072 71.534 -173.0823
8027.854702 71.523 -173.4484
8086.027847 71.512 -173.7322
8144.622538 71.505 -173.9430
8203.641830 71.503 -174.0958
8263.088801 71.510 -174.2095
8322.966548 71.525 -174.3031
8383.278195 71.548 -174.3950
8444.026884 71.578 -174.4998
8505.215784 71.614 -174.6267
8566.848084 71.653 -174.7821
8628.926996 71.696 -174.9695
8691.455758 71.740 -175.1897
8754.437630 71.785 -175.4423
8817.875894 71.829 -175.7260
8881.773857 71.871 -176.0386
8946.134852 71.912 -176.3777
9010.962233 71.950 -176.7413
9076.259380 71.986 -177.1272
9142.029697 72.018 -177.5334
9208.276612 72.046 -177.9590
9275.003581 72.070 -178.4020
9342.214080 72.090 -178.8612
9409.911614 72.105 -179.3342
9478.099713 72.114 -179.8181
9546.781930 72.117 179.6910
9615.961848 72.113 179.1986
9685.643071 72.102 178.7098
9755.829233 72.085 178.2317
9826.523994 72.061 177.7710
9897.731037 72.030 177.3357
9969.454076 71.994 176.9324
10041.696850 71.953 176.5679
10114.463125 71.908 176.2469
10187.756694 71.861 175.9720
10261.581379 71.814 175.7429
10335.941028 71.767 175.5570
10410.839517 71.722 175.4095
10486.280752 71.680 175.2933
10562.268665 71.642 175.2002
10638.807218 71.607 175.1207
10715.900400 71.576 175.0463
10793.552232 71.548 174.9698
10871.766761 71.524 174.8853
10950.548064 71.500 174.7891
11029.900250 71.478 174.6794
11109.827454 71.456 174.5564
11190.333843 71.433 174.4219
11271.423615 71.409 174.2780
11353.100997 71.384 174.1268
11435.370247 71.358 173.9709
11518.235653 71.330 173.8125
11601.701537 71.301 173.6534
11685.772249 71.270 173.4951
11770.452172 71.238 173.3387
11855.745720 71.205 173.1851
11941.657341 71.172 173.0345
12028.191513 71.137 172.8864
12115.352747 71.103 172.7400
12203.145587 71.067 172.5946
12291.574610 71.031 172.4498
12380.644427 70.994 172.3047
12470.359680 70.957 172.1584
12560.725047 70.920 172.0111
12651.745238 70.882 171.8617
12743.425000 70.845 171.7091
12835.769110 70.807 171.5513
12928.782385 70.770 171.3857
13022.469671 70.733 171.2090
13116.835855 70.696 171.0166
13211.885854 70.658 170.8048
13307.624625 70.620 170.5703
13404.057159 70.579 170.3123
13501.188483 70.535 170.0315
13599.023660 70.488 169.7329
13697.567791 70.436 169.4221
13796.826014 70.380 169.1058
13896.803503 70.319 168.7921
13997.505470 70.254 168.4885
14098.937164 70.185 168.2017
14201.103875 70.114 167.9357
14304.010928 70.041 167.6937
14407.663687 69.968 167.4766
14512.067557 69.896 167.2842
14617.227981 69.826 167.1128
14723.150441 69.760 166.9583
14829.840458 69.698 166.8156
14937.303595 69.641 166.6779
15045.545455 69.589 166.5371
15154.571679 69.544 166.3857
15264.387953 69.504 166.2157
15375.000000 69.471 166.0189
15486.413588 69.443 165.7877
15598.634525 69.421 165.5151
15711.668661 69.404 165.1956
15825.521888 69.391 164.8237
15940.200144 69.382 164.3958
16055.709405 69.376 163.9084
16172.055694 69.373 163.3593
16289.245076 69.372 162.7457
16407.283660 69.373 162.0648
16526.177601 69.375 161.3146
16645.933097 69.378 160.4923
16766.556390 69.381 159.5952
16888.053769 69.383 158.6208
17010.431568 69.386 157.5680
17133.696167 69.387 156.4346
17257.853993 69.386 155.2183
17382.911517 69.384 153.9202
17508.875259 69.381 152.5408
17635.751787 69.374 151.0620
17763.547714 69.362 149.4841
17892.269704 69.345 147.8538
18021.924466 69.327 146.1593
18152.518759 69.308 144.3788
18284.059393 69.290 142.5063
18416.553225 69.270 140.5350
18550.007161 69.248 138.4578
18684.428160 69.225 136.2678
18819.823228 69.199 133.9600
18956.199425 69.169 131.5281
19093.563861 69.134 128.9673
19231.923695 69.093 126.2742
19371.286142 69.044 123.4464
19511.658467 68.985 120.4813
19653.047987 68.913 117.3772
19795.462074 68.826 114.1322
19938.908153 68.720 110.7371
20083.393701 68.583 107.3201
20228.926250 68.413 103.9299
20375.513389 68.207 100.4335
20523.162758 67.960 96.8407
20671.882055 67.662 93.1626
20821.679034 67.302 89.4119
20972.561504 66.868 85.6022
21124.537330 66.345 81.7483
21277.614435 65.715 77.8654
21431.800801 64.958 73.9680
21587.104464 64.049 70.0703
21743.533521 62.961 66.1853
21901.096129 61.661 62.3247
22059.800499 60.110 58.4980
22219.654907 58.262 54.7135
22380.667686 56.063 50.9772
22542.847230 53.448 47.2933
22706.201994 50.337 43.6650
22870.740494 46.636 40.0934
23036.471307 42.234 36.5784
23203.403074 37.006 33.1188
23371.544498 30.835 29.7126
23540.904344 23.655 26.3572
23711.491441 15.530 23.0491
23883.314682 7.090 19.7847
