* Measurement data measured by REW V5.40 beta 133
* Source: U18dB [plughw:3,0], Mic (Mic), R, Volume: 1.000. Timing signal peak level -25.7 dBFS, measurement signal peak level -14.2 dBFS
* Format: 512k Log Swept Sine, 1 sweep at -12.0 dBFS using an acoustic timing reference
* Dated: Sep 10, 2026, 11:24:43 AM
* REW Settings:
*  C-weighting compensation: Off
*  Target level: 75.0 dB
* Note: ; 10 sept 2026  Position MLP+20cm TO THE LEFT 4.186m from front wall  2 screen panels prolongation - new setup DAC level -29dB MIC HEIGHT: 1.000m mic boom arm height: 1.040 -12dBFS OKTO -28dB DELAY 0.5262 ms (180 mm, 7.11 in) using estimated IR delay relative to Acoustic reference played from DAC8STEREO L with no timing offset Clock adjustment: -14.6 ppm
* Measurement: R 120.green.3
* Smoothing: 1/48 octave
* Frequency Step: 96 ppo
* Start Frequency: 15.014648 Hz
*
* Freq(Hz) SPL(dB) Phase(degrees)
15.014648 68.832 -155.8528
15.123451 69.009 -157.2019
15.233042 69.223 -158.5676
15.343426 69.441 -159.9644
15.454611 69.659 -161.3983
15.566602 69.878 -162.8592
15.679404 70.095 -164.3522
15.793023 70.307 -165.8833
15.907466 70.517 -167.4503
16.022738 70.723 -169.0509
16.138845 70.922 -170.6835
16.255794 71.118 -172.3543
16.373590 71.308 -174.0588
16.492240 71.492 -175.7867
16.611750 71.670 -177.5462
16.732125 71.843 -179.3356
16.853373 72.011 178.8629
16.975500 72.175 177.0418
17.098511 72.334 175.2006
17.222414 72.489 173.3597
17.347215 72.641 171.5126
17.472920 72.789 169.6575
17.599536 72.932 167.8124
17.727069 73.071 165.9670
17.855527 73.205 164.1224
17.984915 73.334 162.2900
18.115241 73.457 160.4566
18.246512 73.575 158.6262
18.378734 73.686 156.8041
18.511914 73.790 154.9758
18.646058 73.887 153.1507
18.781175 73.977 151.3281
18.917272 74.060 149.4972
19.054354 74.137 147.6760
19.192430 74.207 145.8548
19.331506 74.272 144.0356
19.471590 74.331 142.2371
19.612689 74.385 140.4440
19.754811 74.436 138.6721
19.897962 74.484 136.9286
20.042151 74.531 135.2060
20.187385 74.578 133.5192
20.333671 74.624 131.8652
20.481017 74.673 130.2440
20.629431 74.724 128.6592
20.778920 74.779 127.1084
20.929493 74.839 125.5851
21.081157 74.904 124.0930
21.233919 74.974 122.6217
21.387789 75.051 121.1671
21.542774 75.134 119.7287
21.698882 75.222 118.2906
21.856121 75.316 116.8587
22.014499 75.415 115.4177
22.174025 75.519 113.9682
22.334708 75.626 112.5038
22.496554 75.736 111.0161
22.659573 75.848 109.5073
22.823774 75.962 107.9673
22.989164 76.077 106.3985
23.155753 76.193 104.7930
23.323549 76.309 103.1507
23.492562 76.425 101.4679
23.662798 76.541 99.7418
23.834269 76.656 97.9724
24.006982 76.771 96.1547
24.180946 76.885 94.2916
24.356171 76.998 92.3771
24.532666 77.109 90.4156
24.710440 77.219 88.4017
24.889502 77.327 86.3397
25.069862 77.432 84.2258
25.251528 77.535 82.0628
25.434511 77.634 79.8477
25.618820 77.728 77.5824
25.804465 77.818 75.2637
25.991454 77.902 72.8932
26.179799 77.978 70.4663
26.369509 78.047 67.9861
26.560593 78.107 65.4448
26.753062 78.156 62.8502
26.946926 78.194 60.1914
27.142194 78.219 57.4835
27.338878 78.231 54.7114
27.536987 78.226 51.9002
27.736531 78.205 49.0314
27.937521 78.166 46.1396
28.139968 78.108 43.2074
28.343882 78.028 40.2733
28.549273 77.927 37.3296
28.756153 77.803 34.4043
28.964532 77.655 31.5111
29.174421 77.483 28.6593
29.385831 77.287 25.8827
29.598773 77.064 23.1802
29.813258 76.819 20.5884
30.029297 76.549 18.1102
30.246902 76.256 15.7726
30.466083 75.944 13.5858
30.686853 75.613 11.5697
30.909222 75.270 9.7328
31.133203 74.915 8.0898
31.358807 74.555 6.6497
31.586046 74.194 5.4061
31.814932 73.836 4.3749
32.045476 73.488 3.5274
32.277691 73.153 2.8571
32.511588 72.837 2.3502
32.747180 72.543 1.9579
32.984480 72.272 1.6646
33.223499 72.026 1.4308
33.464250 71.804 1.2142
33.706746 71.604 0.9955
33.950999 71.424 0.7418
34.197022 71.260 0.4360
34.444828 71.108 0.0706
34.694429 70.964 -0.3624
34.945839 70.822 -0.8562
35.199071 70.680 -1.3979
35.454138 70.534 -1.9656
35.711054 70.382 -2.5332
35.969831 70.223 -3.0852
36.230483 70.057 -3.6025
36.493024 69.884 -4.0585
36.757467 69.705 -4.4324
37.023827 69.521 -4.7056
37.292117 69.336 -4.8607
37.562351 69.152 -4.8846
37.834543 68.974 -4.7695
38.108708 68.806 -4.5118
38.384859 68.654 -4.1171
38.663012 68.524 -3.5999
38.943180 68.421 -2.9805
39.225378 68.350 -2.2872
39.509622 68.316 -1.5594
39.795925 68.324 -0.8489
40.084302 68.376 -0.2079
40.374770 68.473 0.3074
40.667342 68.615 0.6406
40.962034 68.799 0.7351
41.258862 69.021 0.5402
41.557841 69.274 0.0181
41.858986 69.552 -0.8586
42.162313 69.846 -2.1077
42.467839 70.151 -3.7388
42.775578 70.456 -5.7555
43.085548 70.756 -8.1537
43.397763 71.043 -10.9244
43.712242 71.310 -14.0576
44.028998 71.553 -17.5435
44.348051 71.767 -21.3736
44.669415 71.948 -25.5410
44.993108 72.092 -30.0367
45.319147 72.196 -34.8557
45.647548 72.259 -39.9943
45.978329 72.279 -45.4506
46.311507 72.255 -51.2238
46.647099 72.187 -57.3135
46.985123 72.078 -63.7192
47.325597 71.927 -70.4399
47.668537 71.738 -77.4723
48.013963 71.511 -84.8115
48.361892 71.253 -92.4496
48.712342 70.965 -100.3762
49.065332 70.652 -108.5787
49.420880 70.320 -117.0396
49.779004 69.973 -125.7371
50.139723 69.617 -134.6456
50.503056 69.258 -143.7290
50.869022 68.905 -152.9403
51.237640 68.565 -162.2178
51.608929 68.244 -171.4834
51.982909 67.947 179.3564
52.359598 67.679 170.4079
52.739018 67.440 161.7828
53.121186 67.230 153.5910
53.506124 67.045 145.9336
53.893852 66.880 138.8967
54.284389 66.734 132.5493
54.677756 66.604 126.9431
55.073973 66.489 122.1116
55.473062 66.394 118.0698
55.875043 66.324 114.8133
56.279936 66.292 112.3137
56.687764 66.307 110.5140
57.098547 66.383 109.3226
57.512306 66.532 108.6138
57.929064 66.761 108.2347
58.348842 67.071 108.0157
58.771662 67.458 107.7894
59.197546 67.911 107.4097
59.626515 68.417 106.7650
60.058594 68.957 105.7835
60.493803 69.516 104.4330
60.932166 70.079 102.7108
61.373706 70.633 100.6345
61.818445 71.168 98.2368
62.266407 71.676 95.5601
62.717615 72.151 92.6512
63.172093 72.588 89.5568
63.629864 72.985 86.3256
64.090952 73.340 83.0056
64.555381 73.652 79.6414
65.023176 73.922 76.2744
65.494361 74.150 72.9483
65.968960 74.338 69.7050
66.446998 74.490 66.5787
66.928501 74.609 63.6063
67.413492 74.700 60.8218
67.901998 74.768 58.2516
68.394044 74.820 55.9189
68.889655 74.864 53.8387
69.388858 74.909 52.0142
69.891679 74.965 50.4344
70.398142 75.041 49.0703
70.908276 75.146 47.8777
71.422107 75.287 46.7906
71.939661 75.469 45.7313
72.460965 75.693 44.6154
72.986047 75.955 43.3546
73.514934 76.250 41.8772
74.047654 76.569 40.1193
74.584234 76.902 38.0428
75.124702 77.237 35.6252
75.669086 77.563 32.8633
76.217416 77.871 29.7692
76.769719 78.152 26.3636
77.326024 78.397 22.6794
77.886360 78.601 18.7493
78.450757 78.758 14.6160
79.019243 78.864 10.3159
79.591849 78.916 5.8945
80.168605 78.912 1.3890
80.749539 78.849 -3.1567
81.334684 78.728 -7.7039
81.924068 78.547 -12.2147
82.517724 78.306 -16.6483
83.115681 78.005 -20.9702
83.717972 77.644 -25.1412
84.324627 77.223 -29.1233
84.935678 76.741 -32.8771
85.551157 76.199 -36.3568
86.171096 75.594 -39.5108
86.795527 74.927 -42.2759
87.424483 74.196 -44.5731
88.057997 73.402 -46.3021
88.696102 72.547 -47.3328
89.338830 71.639 -47.4997
89.986216 70.694 -46.6030
90.638293 69.743 -44.4218
91.295096 68.837 -40.7598
91.956658 68.050 -35.5486
92.623013 67.475 -28.9919
93.294198 67.185 -21.6511
93.970246 67.203 -14.3197
94.651193 67.488 -7.7155
95.337075 67.962 -2.2372
96.027927 68.545 2.0440
96.723785 69.179 5.2529
97.424685 69.826 7.5782
98.130664 70.470 9.1990
98.841760 71.103 10.2563
99.558008 71.722 10.8495
100.279446 72.330 11.0422
101.006112 72.926 10.8719
101.738044 73.510 10.3596
102.475280 74.082 9.5177
103.217858 74.640 8.3557
103.965817 75.181 6.8834
104.719197 75.703 5.1123
105.478035 76.201 3.0568
106.242372 76.675 0.7341
107.012248 77.121 -1.8359
107.787703 77.537 -4.6320
108.568777 77.921 -7.6313
109.355511 78.271 -10.8091
110.147947 78.586 -14.1406
110.946124 78.866 -17.6003
111.750085 79.109 -21.1627
112.559873 79.315 -24.8019
113.375528 79.484 -28.4933
114.197094 79.616 -32.2122
115.024613 79.713 -35.9348
115.858129 79.775 -39.6390
116.697684 79.804 -43.3045
117.543324 79.801 -46.9128
118.395091 79.768 -50.4482
119.253031 79.709 -53.8974
120.117188 79.626 -57.2496
120.987606 79.521 -60.4979
121.864332 79.398 -63.6383
122.747411 79.257 -66.6700
123.636890 79.104 -69.5944
124.532814 78.938 -72.4148
125.435230 78.762 -75.1355
126.344185 78.577 -77.7607
127.259727 78.385 -80.2938
128.181904 78.186 -82.7363
129.110763 77.980 -85.0881
130.046352 77.769 -87.3470
130.988722 77.555 -89.5101
131.937920 77.337 -91.5741
132.893997 77.119 -93.5366
133.857001 76.902 -95.3978
134.826984 76.689 -97.1619
135.803996 76.482 -98.8372
136.788088 76.283 -100.4365
137.779311 76.093 -101.9766
138.777717 75.914 -103.4772
139.783357 75.746 -104.9600
140.796285 75.590 -106.4468
141.816553 75.442 -107.9574
142.844214 75.303 -109.5098
143.879322 75.171 -111.1191
144.921931 75.042 -112.7977
145.972095 74.915 -114.5551
147.029869 74.786 -116.3976
148.095308 74.652 -118.3292
149.168468 74.513 -120.3514
150.249404 74.365 -122.4644
151.338173 74.205 -124.6659
152.434832 74.031 -126.9519
153.539437 73.840 -129.3163
154.652047 73.630 -131.7518
155.772720 73.399 -134.2498
156.901513 73.146 -136.8000
158.038486 72.867 -139.3912
159.183698 72.563 -142.0125
160.337209 72.231 -144.6545
161.499079 71.871 -147.3093
162.669367 71.482 -149.9727
163.848137 71.063 -152.6445
165.035448 70.611 -155.3303
166.231363 70.124 -158.0415
167.435944 69.599 -160.7952
168.649254 69.027 -163.6128
169.871356 68.400 -166.5195
171.102314 67.704 -169.5420
172.342191 66.921 -172.7065
173.591054 66.025 -176.0386
174.848966 64.983 -179.5649
176.115994 63.745 176.6838
177.392203 62.236 172.6613
178.677660 60.336 168.2727
179.972432 57.833 163.2789
181.276587 54.313 156.8450
182.590191 49.256 143.1707
183.913315 47.917 2.3721
185.246027 53.234 -21.7347
186.588396 57.265 -29.4177
187.940492 60.108 -35.2169
189.302387 62.250 -40.4523
190.674150 63.942 -45.4512
192.055853 65.323 -50.3263
193.447569 66.472 -55.1214
194.849370 67.441 -59.8533
196.261329 68.267 -64.5267
197.683519 68.974 -69.1407
199.116016 69.582 -73.6912
200.558892 70.105 -78.1740
202.012225 70.556 -82.5859
203.476089 70.943 -86.9255
204.950560 71.274 -91.1926
206.435716 71.556 -95.3895
207.931635 71.794 -99.5209
209.438393 71.992 -103.5931
210.956070 72.154 -107.6133
212.484745 72.281 -111.5891
214.024497 72.375 -115.5272
215.575406 72.436 -119.4327
217.137555 72.464 -123.3069
218.711023 72.458 -127.1470
220.295893 72.418 -130.9446
221.892248 72.342 -134.6859
223.500171 72.230 -138.3516
225.119745 72.081 -141.9160
226.751056 71.895 -145.3469
228.394187 71.673 -148.6086
230.049226 71.417 -151.6621
231.716257 71.133 -154.4664
233.395369 70.825 -156.9833
235.086648 70.501 -159.1804
236.790182 70.171 -161.0356
238.506062 69.846 -162.5415
240.234375 69.535 -163.7107
241.975212 69.252 -164.5774
243.728664 69.004 -165.1975
245.494823 68.800 -165.6427
247.273780 68.640 -165.9924
249.065627 68.526 -166.3241
250.870459 68.453 -166.7042
252.688370 68.415 -167.1824
254.519454 68.405 -167.7894
256.363807 68.417 -168.5386
258.221525 68.446 -169.4304
260.092705 68.486 -170.4578
261.977444 68.535 -171.6110
263.875840 68.591 -172.8828
265.787993 68.654 -174.2712
267.714003 68.723 -175.7812
269.653969 68.796 -177.4247
271.607992 68.872 -179.2173
273.576176 68.948 178.8240
275.558622 69.018 176.6863
277.555433 69.078 174.3643
279.566714 69.121 171.8616
281.592570 69.141 169.1938
283.633106 69.132 166.3896
285.688428 69.090 163.4873
287.758644 69.010 160.5345
289.843862 68.892 157.5857
291.944190 68.737 154.6985
294.059738 68.545 151.9287
296.190616 68.324 149.3271
298.336935 68.080 146.9329
300.498808 67.823 144.7671
302.676346 67.562 142.8269
304.869664 67.306 141.0851
307.078875 67.061 139.4907
309.304095 66.830 137.9775
311.545440 66.610 136.4775
313.803027 66.394 134.9338
316.076973 66.173 133.3152
318.367397 65.931 131.6238
320.674418 65.656 129.9003
322.998157 65.335 128.2241
325.338735 64.956 126.7146
327.696273 64.514 125.5308
330.070896 64.011 124.8755
332.462726 63.456 124.9921
334.871888 62.879 126.1536
337.298507 62.331 128.6145
339.742711 61.891 132.5017
342.204627 61.660 137.6433
344.684383 61.721 143.4448
347.182108 62.098 149.0115
349.697933 62.739 153.5227
352.231988 63.551 156.5366
354.784406 64.439 158.0002
357.355320 65.335 158.0837
359.944864 66.198 157.0312
362.553173 67.003 155.0796
365.180383 67.740 152.4302
367.826630 68.404 149.2461
370.492054 68.996 145.6586
373.176792 69.515 141.7747
375.880985 69.965 137.6842
378.604773 70.349 133.4651
381.348300 70.671 129.1863
384.111707 70.935 124.9097
386.895138 71.147 120.6899
389.698740 71.314 116.5745
392.522658 71.443 112.6000
395.367039 71.544 108.7914
398.232031 71.625 105.1582
401.117785 71.694 101.6936
404.024450 71.762 98.3728
406.952177 71.832 95.1554
409.901120 71.910 91.9907
412.871433 71.994 88.8253
415.863270 72.083 85.6121
418.876786 72.172 82.3153
421.912140 72.253 78.9164
424.969489 72.320 75.4136
428.048993 72.365 71.8235
431.150813 72.383 68.1785
434.275109 72.369 64.5232
437.422046 72.320 60.9109
440.591786 72.237 57.4022
443.784496 72.121 54.0610
447.000341 71.976 50.9497
450.239490 71.811 48.1250
453.502111 71.634 45.6343
456.788374 71.460 43.5071
460.098451 71.303 41.7491
463.432514 71.178 40.3339
466.790737 71.101 39.1990
470.173295 71.083 38.2484
473.580365 71.131 37.3608
477.012124 71.243 36.4056
480.468750 71.415 35.2604
483.950425 71.635 33.8276
487.457329 71.888 32.0441
490.989646 72.157 29.8818
494.547559 72.430 27.3442
498.131254 72.692 24.4584
501.740919 72.934 21.2672
505.376740 73.149 17.8226
509.038909 73.330 14.1798
512.727614 73.476 10.3939
516.443050 73.586 6.5165
520.185409 73.660 2.5945
523.954887 73.700 -1.3318
527.751680 73.708 -5.2286
531.575987 73.688 -9.0691
535.428005 73.642 -12.8329
539.307937 73.575 -16.5067
543.215985 73.490 -20.0823
547.152352 73.390 -23.5560
551.117243 73.280 -26.9290
555.110866 73.160 -30.2054
559.133428 73.034 -33.3923
563.185140 72.903 -36.4990
567.266211 72.769 -39.5372
571.376856 72.633 -42.5192
575.517288 72.494 -45.4581
579.687724 72.354 -48.3674
583.888380 72.211 -51.2585
588.119476 72.064 -54.1415
592.381232 71.910 -57.0219
596.673871 71.748 -59.9010
600.997615 71.576 -62.7764
605.352692 71.393 -65.6421
609.739327 71.196 -68.4896
614.157750 70.984 -71.3080
618.608190 70.757 -74.0853
623.090880 70.513 -76.8099
627.606053 70.252 -79.4706
632.153945 69.974 -82.0554
636.734793 69.678 -84.5521
641.348836 69.363 -86.9464
645.996314 69.027 -89.2197
650.677470 68.671 -91.3462
655.392547 68.292 -93.2935
660.141792 67.890 -95.0178
664.925451 67.467 -96.4634
669.743775 67.027 -97.5632
674.597014 66.579 -98.2438
679.485423 66.133 -98.4326
684.409254 65.712 -98.0764
689.368766 65.338 -97.1682
694.364216 65.041 -95.7740
699.395865 64.844 -94.0503
704.463976 64.763 -92.2302
709.568812 64.795 -90.5796
714.710640 64.923 -89.3326
719.889728 65.118 -88.6432
725.106346 65.346 -88.5674
730.360766 65.579 -89.0795
735.653261 65.790 -90.0980
740.984108 65.966 -91.5115
746.353584 66.093 -93.1968
751.761970 66.167 -95.0300
757.209547 66.189 -96.8932
762.696599 66.162 -98.6776
768.223413 66.092 -100.2855
773.790277 65.991 -101.6329
779.397480 65.872 -102.6550
785.045315 65.750 -103.3126
790.734077 65.645 -103.5985
796.464062 65.575 -103.5459
802.235569 65.556 -103.2300
808.048899 65.600 -102.7650
813.904354 65.713 -102.2902
819.802241 65.892 -101.9476
825.742866 66.127 -101.8605
831.726539 66.404 -102.1138
837.753572 66.707 -102.7484
843.824280 67.018 -103.7629
849.938979 67.325 -105.1241
856.097987 67.618 -106.7787
862.301626 67.890 -108.6652
868.550219 68.140 -110.7236
874.844092 68.367 -112.9019
881.183573 68.575 -115.1614
887.568992 68.766 -117.4783
894.000683 68.943 -119.8420
900.478980 69.108 -122.2528
907.004222 69.262 -124.7173
913.576749 69.406 -127.2429
920.196903 69.537 -129.8331
926.865029 69.654 -132.4850
933.581475 69.754 -135.1876
940.346591 69.836 -137.9240
947.160730 69.897 -140.6709
954.024247 69.939 -143.4027
960.937500 69.960 -146.0914
967.900849 69.965 -148.7096
974.914658 69.953 -151.2319
981.979291 69.930 -153.6353
989.095118 69.899 -155.8997
996.262509 69.867 -158.0128
1003.481838 69.839 -159.9705
1010.753481 69.823 -161.7811
1018.077817 69.825 -163.4668
1025.455229 69.851 -165.0641
1032.886100 69.905 -166.6218
1040.370819 69.989 -168.1975
1047.909774 70.100 -169.8486
1055.503361 70.236 -171.6259
1063.151973 70.390 -173.5671
1070.856010 70.557 -175.6947
1078.615875 70.728 -178.0149
1086.431970 70.897 179.4808
1094.304704 71.060 176.8114
1102.234487 71.213 174.0009
1110.221732 71.355 171.0740
1118.266856 71.486 168.0544
1126.370279 71.605 164.9602
1134.532422 71.715 161.8005
1142.753712 71.818 158.5770
1151.034577 71.913 155.2842
1159.375448 72.002 151.9126
1167.776760 72.083 148.4490
1176.238952 72.156 144.8796
1184.762464 72.217 141.1951
1193.347741 72.264 137.3900
1201.995231 72.293 133.4642
1210.705384 72.299 129.4230
1219.478654 72.279 125.2780
1228.315499 72.230 121.0446
1237.216380 72.148 116.7418
1246.181760 72.031 112.3932
1255.212106 71.875 108.0253
1264.307891 71.680 103.6682
1273.469587 71.441 99.3561
1282.697672 71.158 95.1274
1291.992628 70.830 91.0269
1301.354940 70.455 87.1062
1310.785094 70.035 83.4248
1320.283583 69.571 80.0508
1329.850902 69.068 77.0620
1339.487550 68.534 74.5406
1349.194029 67.981 72.5684
1358.970845 67.424 71.2159
1368.818508 66.887 70.5271
1378.737531 66.396 70.4985
1388.728432 65.979 71.0593
1398.791730 65.660 72.0635
1408.927952 65.456 73.3042
1419.137625 65.368 74.5498
1429.421281 65.387 75.5913
1439.779457 65.492 76.2789
1450.212692 65.661 76.5319
1460.721531 65.870 76.3331
1471.306521 66.102 75.7090
1481.968215 66.344 74.7085
1492.707168 66.585 73.3888
1503.523939 66.821 71.8060
1514.419093 67.049 70.0109
1525.393198 67.269 68.0477
1536.446826 67.481 65.9526
1547.580553 67.688 63.7533
1558.794960 67.893 61.4661
1570.090631 68.099 59.0969
1581.468155 68.308 56.6396
1592.928125 68.524 54.0771
1604.471139 68.747 51.3850
1616.097798 68.976 48.5344
1627.808709 69.209 45.4985
1639.604482 69.441 42.2559
1651.485732 69.668 38.7930
1663.453078 69.884 35.1067
1675.507145 70.083 31.2040
1687.648560 70.259 27.1017
1699.877958 70.409 22.8242
1712.195974 70.528 18.4027
1724.603252 70.614 13.8734
1737.100438 70.664 9.2755
1749.688184 70.678 4.6487
1762.367146 70.657 0.0322
1775.137984 70.604 -4.5376
1788.001366 70.519 -9.0275
1800.957961 70.407 -13.4091
1814.008445 70.273 -17.6597
1827.153498 70.119 -21.7631
1840.393805 69.952 -25.7096
1853.730057 69.775 -29.4951
1867.162949 69.593 -33.1213
1880.693182 69.408 -36.5936
1894.321460 69.226 -39.9194
1908.048494 69.048 -43.1067
1921.875000 68.876 -46.1624
1935.801698 68.715 -49.0928
1949.829316 68.564 -51.9025
1963.958583 68.428 -54.5959
1978.190236 68.310 -57.1816
1992.525018 68.214 -59.6725
2006.963676 68.143 -62.0887
2021.506962 68.102 -64.4598
2036.155634 68.092 -66.8240
2050.910458 68.116 -69.2280
2065.772200 68.172 -71.7222
2080.741637 68.258 -74.3546
2095.819549 68.369 -77.1678
2111.006721 68.499 -80.1940
2126.303946 68.641 -83.4519
2141.712021 68.788 -86.9478
2157.231749 68.934 -90.6761
2172.863940 69.073 -94.6223
2188.609407 69.198 -98.7645
2204.468973 69.309 -103.0774
2220.443464 69.400 -107.5338
2236.533713 69.472 -112.1064
2252.740558 69.522 -116.7704
2269.064845 69.552 -121.5032
2285.507424 69.561 -126.2856
2302.069153 69.550 -131.1007
2318.750895 69.517 -135.9326
2335.553520 69.464 -140.7660
2352.477904 69.391 -145.5852
2369.524928 69.298 -150.3718
2386.695483 69.185 -155.1047
2403.990462 69.054 -159.7604
2421.410768 68.905 -164.3116
2438.957308 68.742 -168.7314
2456.630998 68.568 -172.9930
2474.432759 68.390 -177.0732
2492.363519 68.213 179.0437
2510.424213 68.046 175.3606
2528.615781 67.896 171.8644
2546.939174 67.772 168.5239
2565.395345 67.681 165.2911
2583.985257 67.625 162.1060
2602.709879 67.606 158.9041
2621.570188 67.621 155.6244
2640.567166 67.666 152.2178
2659.701804 67.736 148.6501
2678.975100 67.822 144.9043
2698.388058 67.919 140.9768
2717.941690 68.023 136.8752
2737.637016 68.128 132.6140
2757.475062 68.232 128.2092
2777.456863 68.333 123.6785
2797.583461 68.431 119.0371
2817.855904 68.524 114.2964
2838.275249 68.613 109.4644
2858.842562 68.699 104.5452
2879.558913 68.782 99.5400
2900.425384 68.860 94.4479
2921.443062 68.935 89.2656
2942.613043 69.004 83.9904
2963.936430 69.066 78.6205
2985.414335 69.119 73.1582
3007.047878 69.162 67.6079
3028.838187 69.192 61.9788
3050.786397 69.207 56.2849
3072.893653 69.206 50.5449
3095.161107 69.187 44.7825
3117.589920 69.151 39.0239
3140.181262 69.098 33.2981
3162.936310 69.030 27.6337
3185.856250 68.951 22.0582
3208.942278 68.865 16.5934
3232.195596 68.778 11.2523
3255.617418 68.697 6.0361
3279.208964 68.629 0.9333
3302.971464 68.580 -4.0847
3326.906156 68.554 -9.0605
3351.014290 68.554 -14.0464
3375.297121 68.580 -19.0986
3399.755915 68.629 -24.2714
3424.391948 68.695 -29.6086
3449.206504 68.772 -35.1384
3474.200876 68.852 -40.8726
3499.376367 68.926 -46.8071
3524.734291 68.988 -52.9214
3550.275969 69.032 -59.1836
3576.002732 69.054 -65.5542
3601.915922 69.053 -71.9875
3628.016889 69.026 -78.4368
3654.306995 68.977 -84.8560
3680.787610 68.907 -91.2021
3707.460115 68.822 -97.4385
3734.325899 68.728 -103.5391
3761.386364 68.631 -109.4885
3788.642920 68.542 -115.2864
3816.096988 68.465 -120.9473
3843.750000 68.409 -126.5029
3871.603397 68.379 -131.9976
3899.658631 68.377 -137.4849
3927.917165 68.404 -143.0212
3956.380472 68.456 -148.6584
3985.050036 68.531 -154.4395
4013.927351 68.620 -160.3928
4043.013923 68.719 -166.5317
4072.311269 68.820 -172.8545
4101.820915 68.918 -179.3464
4131.544400 69.008 174.0132
4161.483274 69.089 167.2500
4191.639097 69.159 160.3911
4222.013442 69.217 153.4604
4252.607892 69.264 146.4785
4283.424042 69.303 139.4592
4314.463498 69.335 132.4114
4345.727879 69.362 125.3372
4377.218815 69.386 118.2344
4408.937947 69.407 111.0974
4440.886929 69.426 103.9185
4473.067426 69.442 96.6897
4505.481116 69.457 89.4033
4538.129690 69.467 82.0537
4571.014848 69.472 74.6382
4604.138306 69.471 67.1587
4637.501790 69.460 59.6206
4671.107040 69.438 52.0342
4704.955807 69.404 44.4141
4739.049856 69.357 36.7781
4773.390965 69.298 29.1479
4807.980924 69.226 21.5444
4842.821536 69.145 13.9880
4877.914617 69.055 6.4946
4913.261997 68.963 -0.9248
4948.865519 68.870 -8.2676
4984.727038 68.780 -15.5381
5020.848425 68.697 -22.7478
5057.231563 68.624 -29.9148
5093.878347 68.561 -37.0581
5130.790689 68.508 -44.1951
5167.970514 68.466 -51.3394
5205.419759 68.433 -58.4983
5243.140376 68.410 -65.6741
5281.134332 68.396 -72.8657
5319.403609 68.392 -80.0725
5357.950200 68.400 -87.2974
5396.776116 68.422 -94.5513
5435.883380 68.460 -101.8528
5475.274032 68.513 -109.2280
5514.950125 68.583 -116.7070
5554.913727 68.666 -124.3188
5595.166922 68.758 -132.0864
5635.711808 68.854 -140.0215
5676.550498 68.950 -148.1250
5717.685123 69.041 -156.3857
5759.117827 69.123 -164.7837
5800.850769 69.193 -173.2932
5842.886124 69.252 178.1140
5885.226086 69.298 169.4644
5927.872860 69.333 160.7800
5970.828671 69.360 152.0774
6014.095756 69.382 143.3645
6057.676373 69.401 134.6433
6101.572794 69.419 125.9106
6145.787305 69.438 117.1592
6190.322213 69.460 108.3796
6235.179840 69.485 99.5605
6280.362523 69.514 90.6899
6325.872619 69.548 81.7559
6371.712500 69.584 72.7461
6417.884555 69.622 63.6492
6464.391192 69.660 54.4563
6511.234836 69.696 45.1626
6558.417927 69.728 35.7695
6605.942927 69.751 26.2842
6653.812313 69.765 16.7227
6702.028580 69.768 7.1062
6750.594241 69.758 -2.5386
6799.511830 69.737 -12.1816
6848.783896 69.708 -21.7954
6898.413007 69.673 -31.3579
6948.401751 69.640 -40.8552
6998.752735 69.614 -50.2876
7049.468582 69.600 -59.6689
7100.551937 69.605 -69.0269
7152.005464 69.632 -78.4036
7203.831844 69.682 -87.8467
7256.033779 69.754 -97.4050
7308.613991 69.845 -107.1211
7361.575220 69.951 -117.0273
7414.920229 70.064 -127.1431
7468.651798 70.179 -137.4739
7522.772727 70.291 -148.0139
7577.285840 70.394 -158.7466
7632.193976 70.484 -169.6484
7687.500000 70.558 179.3079
7743.206794 70.615 168.1528
7799.317262 70.654 156.9170
7855.834330 70.678 145.6294
7912.760944 70.687 134.3162
7970.100072 70.685 122.9968
8027.854702 70.675 111.6841
8086.027847 70.661 100.3831
8144.622538 70.646 89.0918
8203.641830 70.635 77.7983
8263.088801 70.630 66.4883
8322.966548 70.632 55.1436
8383.278195 70.642 43.7441
8444.026884 70.661 32.2722
8505.215784 70.687 20.7126
8566.848084 70.720 9.0522
8628.926996 70.760 -2.7195
8691.455758 70.803 -14.6101
8754.437630 70.848 -26.6250
8817.875894 70.895 -38.7666
8881.773857 70.942 -51.0354
8946.134852 70.987 -63.4309
9010.962233 71.030 -75.9497
9076.259380 71.069 -88.5894
9142.029697 71.104 -101.3452
9208.276612 71.134 -114.2139
9275.003581 71.158 -127.1909
9342.214080 71.177 -140.2725
9409.911614 71.191 -153.4546
9478.099713 71.198 -166.7341
9546.781930 71.199 179.8936
9615.961848 71.194 166.4321
9685.643071 71.182 152.8853
9755.829233 71.165 139.2568
9826.523994 71.141 125.5508
9897.731037 71.113 111.7715
9969.454076 71.078 97.9233
10041.696850 71.039 84.0107
10114.463125 70.996 70.0381
10187.756694 70.951 56.0076
10261.581379 70.903 41.9209
10335.941028 70.855 27.7778
10410.839517 70.808 13.5759
10486.280752 70.762 -0.6897
10562.268665 70.720 -15.0261
10638.807218 70.681 -29.4417
10715.900400 70.646 -43.9463
10793.552232 70.616 -58.5498
10871.766761 70.589 -73.2615
10950.548064 70.565 -88.0884
11029.900250 70.544 -103.0374
11109.827454 70.523 -118.1116
11190.333843 70.503 -133.3108
11271.423615 70.481 -148.6348
11353.100997 70.459 -164.0815
11435.370247 70.435 -179.6487
11518.235653 70.409 164.6672
11601.701537 70.381 148.8682
11685.772249 70.351 132.9556
11770.452172 70.320 116.9309
11855.745720 70.287 100.7944
11941.657341 70.253 84.5459
12028.191513 70.219 68.1831
12115.352747 70.184 51.7041
12203.145587 70.148 35.1074
12291.574610 70.112 18.3909
12380.644427 70.075 1.5530
12470.359680 70.037 -15.4065
12560.725047 69.998 -32.4885
12651.745238 69.959 -49.6931
12743.425000 69.919 -67.0208
12835.769110 69.879 -84.4741
12928.782385 69.840 -102.0557
13022.469671 69.801 -119.7703
13116.835855 69.762 -137.6240
13211.885854 69.724 -155.6228
13307.624625 69.685 -173.7722
13404.057159 69.644 167.9248
13501.188483 69.601 149.4668
13599.023660 69.554 130.8569
13697.567791 69.503 112.0994
13796.826014 69.448 93.2000
13896.803503 69.388 74.1655
13997.505470 69.324 55.0034
14098.937164 69.255 35.7188
14201.103875 69.183 16.3174
14304.010928 69.110 -3.2002
14407.663687 69.036 -22.8301
14512.067557 68.963 -42.5742
14617.227981 68.891 -62.4355
14723.150441 68.822 -82.4185
14829.840458 68.758 -102.5283
14937.303595 68.699 -122.7734
15045.545455 68.646 -143.1641
15154.571679 68.599 -163.7109
15264.387953 68.559 175.5771
15375.000000 68.526 154.6875
15486.413588 68.499 133.6113
15598.634525 68.478 112.3389
15711.668661 68.461 90.8633
15825.521888 68.450 69.1777
15940.200144 68.441 47.2773
16055.709405 68.436 25.1572
16172.055694 68.433 2.8159
16289.245076 68.431 -19.7490
16407.283660 68.431 -42.5410
16526.177601 68.431 -65.5625
16645.933097 68.431 -88.8154
16766.556390 68.432 -112.3037
16888.053769 68.432 -136.0303
17010.431568 68.431 -159.9976
17133.696167 68.429 175.7910
17257.853993 68.425 151.3320
17382.911517 68.419 126.6250
17508.875259 68.411 101.6714
17635.751787 68.400 76.4512
17763.547714 68.383 50.9644
17892.269704 68.361 25.2563
18021.924466 68.338 -0.6831
18152.518759 68.314 -26.8794
18284.059393 68.290 -53.3394
18416.553225 68.264 -80.0708
18550.007161 68.237 -107.0825
18684.428160 68.209 -134.3828
18819.823228 68.179 -161.9795
18956.199425 68.145 170.1196
19093.563861 68.106 141.9082
19231.923695 68.062 113.3799
19371.286142 68.011 84.5293
19511.658467 67.950 55.3516
19653.047987 67.877 25.8428
19795.462074 67.789 -4.0010
19938.908153 67.682 -34.1919
20083.393701 67.544 -64.6035
20228.926250 67.373 -95.1895
20375.513389 67.167 -126.0854
20523.162758 66.919 -157.2832
20671.882055 66.620 171.2246
20821.679034 66.261 139.4502
20972.561504 65.826 107.4038
21124.537330 65.303 75.0986
21277.614435 64.672 42.5483
21431.800801 63.915 9.7651
21587.104464 63.005 -23.2383
21743.533521 61.917 -56.4517
21901.096129 60.616 -89.8623
22059.800499 59.064 -123.4634
22219.654907 57.216 -157.2480
22380.667686 55.017 168.7891
22542.847230 52.401 134.6514
22706.201994 49.290 100.3408
22870.740494 45.588 65.8564
23036.471307 41.186 31.1997
23203.403074 35.957 -3.6338
23371.544498 29.785 -38.6460
23540.904344 22.605 -73.8413
23711.491441 14.479 -109.2241
23883.314682 6.040 -144.7983
