* Measurement data measured by REW V5.40 beta 133
* Source: U18dB [plughw:3,0], Mic (Mic), R, Volume: 1.000. Timing signal peak level -27.2 dBFS, measurement signal peak level -15.0 dBFS
* Format: 512k Log Swept Sine, 1 sweep at -12.0 dBFS using an acoustic timing reference
* Dated: Sep 10, 2026, 11:18:57 AM
* REW Settings:
*  C-weighting compensation: Off
*  Target level: 75.0 dB
* Note: ; 10 sept 2026  Position MLP+20cm AHEAD 4.387m from front wall 3.49/3.49m from RLand L speaker  2 screen panels prolongation - new setup DAC level -29dB MIC HEIGHT: 1.000m mic boom arm height: 1.040 -12dBFS OKTO -28dB DELAY -0.0038 ms (-1.3 mm, -0.05 in) using estimated IR delay relative to Acoustic reference played from DAC8STEREO L with no timing offset Clock adjustment: -14.7 ppm
* Measurement: R 120.green.2
* Smoothing: 1/48 octave
* Frequency Step: 96 ppo
* Start Frequency: 15.014648 Hz
*
* Freq(Hz) SPL(dB) Phase(degrees)
15.014648 69.238 -156.1223
15.123451 69.436 -157.2376
15.233042 69.673 -158.3401
15.343426 69.910 -159.4644
15.454611 70.141 -160.6262
15.566602 70.367 -161.8067
15.679404 70.585 -163.0327
15.793023 70.795 -164.3292
15.907466 70.997 -165.6840
16.022738 71.191 -167.1035
16.138845 71.377 -168.5997
16.255794 71.556 -170.1771
16.373590 71.729 -171.8281
16.492240 71.895 -173.5429
16.611750 72.057 -175.3320
16.732125 72.214 -177.1873
16.853373 72.368 -179.0808
16.975500 72.520 178.9792
17.098511 72.671 176.9967
17.222414 72.819 175.0075
17.347215 72.968 173.0050
17.472920 73.116 170.9910
17.599536 73.263 168.9960
17.727069 73.410 167.0110
17.855527 73.554 165.0385
17.984915 73.697 163.0961
18.115241 73.838 161.1732
18.246512 73.976 159.2709
18.378734 74.110 157.3933
18.511914 74.239 155.5305
18.646058 74.364 153.6817
18.781175 74.484 151.8420
18.917272 74.599 150.0041
19.054354 74.708 148.1696
19.192430 74.811 146.3286
19.331506 74.909 144.4807
19.471590 75.002 142.6301
19.612689 75.089 140.7643
19.754811 75.173 138.8947
19.897962 75.252 137.0216
20.042151 75.329 135.1399
20.187385 75.403 133.2672
20.333671 75.475 131.3938
20.481017 75.546 129.5298
20.629431 75.616 127.6815
20.778920 75.686 125.8436
20.929493 75.756 124.0261
21.081157 75.826 122.2242
21.233919 75.896 120.4403
21.387789 75.967 118.6733
21.542774 76.038 116.9208
21.698882 76.110 115.1793
21.856121 76.182 113.4468
22.014499 76.254 111.7186
22.174025 76.325 109.9908
22.334708 76.396 108.2614
22.496554 76.467 106.5228
22.659573 76.536 104.7763
22.823774 76.604 103.0167
22.989164 76.672 101.2426
23.155753 76.737 99.4533
23.323549 76.801 97.6444
23.492562 76.863 95.8198
23.662798 76.923 93.9731
23.834269 76.981 92.1103
24.006982 77.037 90.2253
24.180946 77.091 88.3232
24.356171 77.142 86.3992
24.532666 77.190 84.4568
24.710440 77.237 82.4925
24.889502 77.282 80.5078
25.069862 77.325 78.5003
25.251528 77.366 76.4698
25.434511 77.406 74.4135
25.618820 77.444 72.3307
25.804465 77.480 70.2176
25.991454 77.515 68.0735
26.179799 77.548 65.8924
26.369509 77.578 63.6744
26.560593 77.604 61.4107
26.753062 77.625 59.1038
26.946926 77.640 56.7426
27.142194 77.647 54.3333
27.338878 77.645 51.8624
27.536987 77.630 49.3428
27.736531 77.602 46.7584
27.937521 77.558 44.1307
28.139968 77.498 41.4448
28.343882 77.418 38.7281
28.549273 77.318 35.9741
28.756153 77.197 33.2043
28.964532 77.054 30.4333
29.174421 76.888 27.6676
29.385831 76.700 24.9434
29.598773 76.489 22.2588
29.813258 76.256 19.6548
30.029297 76.002 17.1352
30.246902 75.727 14.7299
30.466083 75.435 12.4526
30.686853 75.126 10.3231
30.909222 74.804 8.3543
31.133203 74.472 6.5595
31.358807 74.134 4.9497
31.586046 73.793 3.5203
31.814932 73.454 2.2863
32.045476 73.121 1.2238
32.277691 72.799 0.3277
32.511588 72.491 -0.4119
32.747180 72.202 -1.0388
32.984480 71.933 -1.5657
33.223499 71.685 -2.0274
33.464250 71.460 -2.4657
33.706746 71.254 -2.8992
33.950999 71.068 -3.3624
34.197022 70.896 -3.8785
34.444828 70.734 -4.4587
34.694429 70.580 -5.1188
34.945839 70.427 -5.8608
35.199071 70.273 -6.6782
35.454138 70.113 -7.5571
35.711054 69.944 -8.4788
35.969831 69.767 -9.4327
36.230483 69.579 -10.4051
36.493024 69.381 -11.3721
36.757467 69.171 -12.3146
37.023827 68.952 -13.2155
37.292117 68.724 -14.0569
37.562351 68.490 -14.8226
37.834543 68.253 -15.5022
38.108708 68.015 -16.0870
38.384859 67.780 -16.5749
38.663012 67.552 -16.9692
38.943180 67.334 -17.2764
39.225378 67.129 -17.5070
39.509622 66.941 -17.6794
39.795925 66.774 -17.8202
40.084302 66.631 -17.9568
40.374770 66.514 -18.1227
40.667342 66.426 -18.3567
40.962034 66.367 -18.7046
41.258862 66.338 -19.2158
41.557841 66.337 -19.9380
41.858986 66.363 -20.9177
42.162313 66.413 -22.1981
42.467839 66.483 -23.8181
42.775578 66.569 -25.8110
43.085548 66.666 -28.2005
43.397763 66.768 -31.0001
43.712242 66.871 -34.2173
44.028998 66.970 -37.8541
44.348051 67.062 -41.9094
44.669415 67.141 -46.3803
44.993108 67.206 -51.2604
45.319147 67.252 -56.5466
45.647548 67.278 -62.2383
45.978329 67.284 -68.3374
46.311507 67.270 -74.8488
46.647099 67.239 -81.7780
46.985123 67.195 -89.1294
47.325597 67.143 -96.9026
47.668537 67.091 -105.0876
48.013963 67.047 -113.6600
48.361892 67.020 -122.5763
48.712342 67.018 -131.7714
49.065332 67.050 -141.1587
49.420880 67.118 -150.6325
49.779004 67.223 -160.0774
50.139723 67.359 -169.3806
50.503056 67.518 -178.4379
50.869022 67.691 172.8360
51.237640 67.866 164.5059
51.608929 68.031 156.6161
51.982909 68.176 149.1953
52.359598 68.292 142.2607
52.739018 68.374 135.8248
53.121186 68.419 129.8985
53.506124 68.424 124.4965
53.893852 68.392 119.6376
54.284389 68.326 115.3467
54.677756 68.231 111.6547
55.073973 68.117 108.5936
55.473062 67.995 106.1927
55.875043 67.880 104.4716
56.279936 67.789 103.4293
56.687764 67.743 103.0322
57.098547 67.761 103.2028
57.512306 67.860 103.8148
57.929064 68.054 104.7007
58.348842 68.344 105.6669
58.771662 68.725 106.5219
59.197546 69.184 107.1028
59.626515 69.702 107.2919
60.058594 70.258 107.0216
60.493803 70.834 106.2705
60.932166 71.412 105.0486
61.373706 71.979 103.3859
61.818445 72.523 101.3250
62.266407 73.037 98.9151
62.717615 73.514 96.2078
63.172093 73.950 93.2520
63.629864 74.342 90.0973
64.090952 74.688 86.7917
64.555381 74.987 83.3793
65.023176 75.237 79.9007
65.494361 75.439 76.3995
65.968960 75.593 72.9187
66.446998 75.701 69.4948
66.928501 75.764 66.1695
67.413492 75.785 62.9861
67.901998 75.766 59.9832
68.394044 75.713 57.2030
68.889655 75.631 54.6884
69.388858 75.527 52.4758
69.891679 75.411 50.5980
70.398142 75.294 49.0762
70.908276 75.188 47.9161
71.422107 75.109 47.0974
71.939661 75.069 46.5711
72.460965 75.083 46.2569
72.986047 75.157 46.0401
73.514934 75.295 45.7974
74.047654 75.493 45.3935
74.584234 75.743 44.7198
75.124702 76.029 43.6880
75.669086 76.337 42.2498
76.217416 76.651 40.3868
76.769719 76.955 38.1089
77.326024 77.236 35.4478
77.886360 77.485 32.4447
78.450757 77.693 29.1534
79.019243 77.853 25.6246
79.591849 77.960 21.9174
80.168605 78.012 18.0816
80.749539 78.006 14.1730
81.334684 77.941 10.2404
81.924068 77.816 6.3304
82.517724 77.632 2.4913
83.115681 77.389 -1.2360
83.717972 77.087 -4.8063
84.324627 76.727 -8.1768
84.935678 76.311 -11.3034
85.551157 75.840 -14.1365
86.171096 75.316 -16.6224
86.795527 74.739 -18.6973
87.424483 74.115 -20.2867
88.057997 73.448 -21.3035
88.696102 72.748 -21.6455
89.338830 72.029 -21.2005
89.986216 71.315 -19.8612
90.638293 70.637 -17.5489
91.295096 70.037 -14.2540
91.956658 69.561 -10.0854
92.623013 69.250 -5.2977
93.294198 69.128 -0.2641
93.970246 69.188 4.6159
94.651193 69.405 9.0214
95.337075 69.739 12.7703
96.027927 70.149 15.8138
96.723785 70.603 18.1939
97.424685 71.080 19.9941
98.130664 71.565 21.3052
98.841760 72.054 22.2072
99.558008 72.541 22.7602
100.279446 73.026 23.0045
101.006112 73.511 22.9622
101.738044 73.994 22.6426
102.475280 74.474 22.0475
103.217858 74.950 21.1752
103.965817 75.420 20.0240
104.719197 75.880 18.5941
105.478035 76.327 16.8893
106.242372 76.758 14.9174
107.012248 77.170 12.6904
107.787703 77.559 10.2230
108.568777 77.922 7.5330
109.355511 78.256 4.6415
110.147947 78.560 1.5707
110.946124 78.831 -1.6559
111.750085 79.068 -5.0137
112.559873 79.268 -8.4773
113.375528 79.431 -12.0215
114.197094 79.557 -15.6209
115.024613 79.645 -19.2501
115.858129 79.695 -22.8848
116.697684 79.708 -26.5015
117.543324 79.685 -30.0779
118.395091 79.628 -33.5934
119.253031 79.539 -37.0289
120.117188 79.420 -40.3674
120.987606 79.274 -43.5947
121.864332 79.104 -46.7001
122.747411 78.912 -49.6755
123.636890 78.702 -52.5164
124.532814 78.477 -55.2211
125.435230 78.238 -57.7903
126.344185 77.988 -60.2267
127.259727 77.730 -62.5337
128.181904 77.463 -64.7137
129.110763 77.189 -66.7675
130.046352 76.908 -68.6942
130.988722 76.621 -70.4897
131.937920 76.330 -72.1475
132.893997 76.036 -73.6594
133.857001 75.740 -75.0168
134.826984 75.446 -76.2131
135.803996 75.157 -77.2447
136.788088 74.876 -78.1136
137.779311 74.610 -78.8284
138.777717 74.361 -79.4052
139.783357 74.135 -79.8688
140.796285 73.934 -80.2507
141.816553 73.762 -80.5873
142.844214 73.620 -80.9188
143.879322 73.507 -81.2863
144.921931 73.423 -81.7306
145.972095 73.366 -82.2897
147.029869 73.331 -82.9981
148.095308 73.313 -83.8856
149.168468 73.310 -84.9767
150.249404 73.314 -86.2914
151.338173 73.321 -87.8442
152.434832 73.325 -89.6434
153.539437 73.318 -91.6924
154.652047 73.296 -93.9901
155.772720 73.253 -96.5307
156.901513 73.185 -99.3050
158.038486 73.085 -102.3004
159.183698 72.950 -105.5033
160.337209 72.776 -108.9003
161.499079 72.560 -112.4788
162.669367 72.299 -116.2295
163.848137 71.989 -120.1479
165.035448 71.628 -124.2356
166.231363 71.211 -128.5029
167.435944 70.735 -132.9711
168.649254 70.194 -137.6750
169.871356 69.580 -142.6676
171.102314 68.886 -148.0260
172.342191 68.098 -153.8619
173.591054 67.204 -160.3384
174.848966 66.188 -167.7021
176.115994 65.038 -176.3328
177.392203 63.755 173.1760
178.677660 62.385 159.9165
179.972432 61.085 142.7305
181.276587 60.203 121.0249
182.590191 60.158 96.7146
183.913315 61.002 74.0654
185.246027 62.344 55.6627
186.588396 63.799 41.2716
187.940492 65.174 29.7526
189.302387 66.408 20.1465
190.674150 67.491 11.8212
192.055853 68.433 4.3827
193.447569 69.249 -2.4133
194.849370 69.954 -8.7217
196.261329 70.560 -14.6418
197.683519 71.081 -20.2390
199.116016 71.525 -25.5565
200.558892 71.902 -30.6246
202.012225 72.220 -35.4659
203.476089 72.487 -40.0980
204.950560 72.708 -44.5358
206.435716 72.889 -48.7935
207.931635 73.036 -52.8855
209.438393 73.151 -56.8267
210.956070 73.240 -60.6313
212.484745 73.303 -64.3147
214.024497 73.343 -67.8903
215.575406 73.362 -71.3702
217.137555 73.358 -74.7634
218.711023 73.333 -78.0750
220.295893 73.286 -81.3054
221.892248 73.217 -84.4507
223.500171 73.125 -87.5020
225.119745 73.010 -90.4458
226.751056 72.873 -93.2633
228.394187 72.715 -95.9325
230.049226 72.539 -98.4301
231.716257 72.348 -100.7318
233.395369 72.147 -102.8164
235.086648 71.943 -104.6692
236.790182 71.743 -106.2854
238.506062 71.555 -107.6731
240.234375 71.386 -108.8578
241.975212 71.245 -109.8817
243.728664 71.136 -110.8031
245.494823 71.062 -111.6886
247.273780 71.021 -112.6072
249.065627 71.009 -113.6206
250.870459 71.020 -114.7771
252.688370 71.046 -116.1072
254.519454 71.077 -117.6232
256.363807 71.108 -119.3198
258.221525 71.130 -121.1798
260.092705 71.139 -123.1771
261.977444 71.131 -125.2808
263.875840 71.105 -127.4589
265.787993 71.059 -129.6808
267.714003 70.994 -131.9194
269.653969 70.911 -134.1521
271.607992 70.811 -136.3611
273.576176 70.697 -138.5337
275.558622 70.570 -140.6604
277.555433 70.431 -142.7346
279.566714 70.282 -144.7527
281.592570 70.123 -146.7111
283.633106 69.956 -148.6046
285.688428 69.781 -150.4266
287.758644 69.598 -152.1683
289.843862 69.411 -153.8184
291.944190 69.220 -155.3647
294.059738 69.029 -156.7983
296.190616 68.843 -158.1149
298.336935 68.665 -159.3186
300.498808 68.502 -160.4271
302.676346 68.356 -161.4722
304.869664 68.232 -162.4971
307.078875 68.129 -163.5548
309.304095 68.046 -164.6995
311.545440 67.976 -165.9803
313.803027 67.912 -167.4351
316.076973 67.845 -169.0837
318.367397 67.765 -170.9287
320.674418 67.662 -172.9517
322.998157 67.525 -175.1176
325.338735 67.345 -177.3741
327.696273 67.116 -179.6554
330.070896 66.833 178.1207
332.462726 66.491 176.0490
334.871888 66.089 174.2404
337.298507 65.631 172.8224
339.742711 65.121 171.9403
342.204627 64.576 171.7521
344.684383 64.019 172.4176
347.182108 63.485 174.0688
349.697933 63.025 176.7581
352.231988 62.699 -179.6123
354.784406 62.559 -175.3416
357.355320 62.636 -170.9076
359.944864 62.922 -166.8403
362.553173 63.378 -163.5598
365.180383 63.946 -161.2905
367.826630 64.573 -160.0737
370.492054 65.214 -159.8337
373.176792 65.838 -160.4413
375.880985 66.425 -161.7546
378.604773 66.964 -163.6388
381.348300 67.449 -165.9731
384.111707 67.876 -168.6522
386.895138 68.244 -171.5857
389.698740 68.557 -174.6945
392.522658 68.814 -177.9111
395.367039 69.022 178.8206
398.232031 69.183 175.5471
401.117785 69.302 172.3057
404.024450 69.385 169.1221
406.952177 69.435 166.0132
409.901120 69.457 162.9858
412.871433 69.453 160.0414
415.863270 69.425 157.1782
418.876786 69.375 154.3942
421.912140 69.301 151.6890
424.969489 69.202 149.0675
428.048993 69.077 146.5421
431.150813 68.922 144.1355
434.275109 68.736 141.8822
437.422046 68.517 139.8287
440.591786 68.265 138.0385
443.784496 67.981 136.5908
447.000341 67.673 135.5789
450.239490 67.351 135.1055
453.502111 67.033 135.2699
456.788374 66.749 136.1427
460.098451 66.533 137.7292
463.432514 66.424 139.9266
466.790737 66.457 142.5028
470.173295 66.648 145.1232
473.580365 66.989 147.4279
477.012124 67.452 149.1260
480.468750 67.999 150.0487
483.950425 68.590 150.1498
487.457329 69.192 149.4720
490.989646 69.779 148.1052
494.547559 70.336 146.1556
498.131254 70.851 143.7281
501.740919 71.320 140.9170
505.376740 71.739 137.8043
509.038909 72.107 134.4595
512.727614 72.425 130.9417
516.443050 72.693 127.2996
520.185409 72.913 123.5762
523.954887 73.087 119.8077
527.751680 73.216 116.0269
531.575987 73.301 112.2632
535.428005 73.344 108.5455
539.307937 73.345 104.9016
543.215985 73.309 101.3606
547.152352 73.235 97.9535
551.117243 73.127 94.7125
555.110866 72.989 91.6700
559.133428 72.825 88.8586
563.185140 72.641 86.3073
567.266211 72.445 84.0376
571.376856 72.246 82.0603
575.517288 72.053 80.3690
579.687724 71.878 78.9359
583.888380 71.729 77.7096
588.119476 71.612 76.6171
592.381232 71.531 75.5715
596.673871 71.482 74.4839
600.997615 71.459 73.2750
605.352692 71.452 71.8867
609.739327 71.449 70.2892
614.157750 71.434 68.4836
618.608190 71.397 66.5006
623.090880 71.326 64.3962
627.606053 71.212 62.2477
632.153945 71.051 60.1495
636.734793 70.843 58.2095
641.348836 70.589 56.5438
645.996314 70.301 55.2701
650.677470 69.995 54.4958
655.392547 69.693 54.2958
660.141792 69.425 54.6875
664.925451 69.223 55.6025
669.743775 69.115 56.8730
674.597014 69.115 58.2484
679.485423 69.223 59.4524
684.409254 69.419 60.2489
689.368766 69.673 60.4916
694.364216 69.954 60.1327
699.395865 70.232 59.2072
704.463976 70.487 57.8007
709.568812 70.704 56.0227
714.710640 70.876 53.9866
719.889728 71.000 51.7971
725.106346 71.079 49.5444
730.360766 71.118 47.2983
735.653261 71.123 45.1077
740.984108 71.102 42.9996
746.353584 71.063 40.9817
751.761970 71.010 39.0461
757.209547 70.950 37.1737
762.696599 70.884 35.3389
768.223413 70.813 33.5156
773.790277 70.736 31.6810
779.397480 70.651 29.8169
785.045315 70.556 27.9104
790.734077 70.447 25.9552
796.464062 70.319 23.9500
802.235569 70.169 21.9004
808.048899 69.991 19.8192
813.904354 69.782 17.7271
819.802241 69.535 15.6554
825.742866 69.247 13.6460
831.726539 68.915 11.7529
837.753572 68.537 10.0408
843.824280 68.112 8.5851
849.938979 67.644 7.4674
856.097987 67.139 6.7729
862.301626 66.607 6.5847
868.550219 66.060 6.9767
874.844092 65.518 8.0068
881.183573 65.001 9.7040
887.568992 64.534 12.0555
894.000683 64.145 14.9938
900.478980 63.857 18.3851
907.004222 63.688 22.0325
913.576749 63.640 25.7007
920.196903 63.707 29.1583
926.865029 63.868 32.2231
933.581475 64.094 34.7913
940.346591 64.358 36.8407
947.160730 64.635 38.4170
954.024247 64.908 39.6082
960.937500 65.169 40.5203
967.900849 65.415 41.2577
974.914658 65.648 41.9065
981.979291 65.877 42.5245
989.095118 66.110 43.1365
996.262509 66.356 43.7310
1003.481838 66.621 44.2673
1010.753481 66.909 44.6868
1018.077817 67.218 44.9272
1025.455229 67.542 44.9384
1032.886100 67.873 44.6901
1040.370819 68.201 44.1755
1047.909774 68.518 43.4117
1055.503361 68.818 42.4320
1063.151973 69.095 41.2806
1070.856010 69.347 40.0059
1078.615875 69.575 38.6547
1086.431970 69.778 37.2690
1094.304704 69.961 35.8835
1102.234487 70.129 34.5209
1110.221732 70.284 33.1929
1118.266856 70.432 31.9025
1126.370279 70.577 30.6417
1134.532422 70.722 29.3956
1142.753712 70.870 28.1432
1151.034577 71.021 26.8615
1159.375448 71.175 25.5273
1167.776760 71.331 24.1196
1176.238952 71.488 22.6194
1184.762464 71.642 21.0134
1193.347741 71.792 19.2950
1201.995231 71.934 17.4614
1210.705384 72.065 15.5144
1219.478654 72.183 13.4598
1228.315499 72.285 11.3043
1237.216380 72.371 9.0544
1246.181760 72.439 6.7177
1255.212106 72.487 4.3015
1264.307891 72.514 1.8127
1273.469587 72.517 -0.7406
1282.697672 72.496 -3.3497
1291.992628 72.448 -6.0044
1301.354940 72.372 -8.6920
1310.785094 72.266 -11.3987
1320.283583 72.127 -14.1078
1329.850902 71.955 -16.7986
1339.487550 71.747 -19.4489
1349.194029 71.502 -22.0334
1358.970845 71.218 -24.5231
1368.818508 70.895 -26.8854
1378.737531 70.531 -29.0825
1388.728432 70.128 -31.0719
1398.791730 69.685 -32.8064
1408.927952 69.204 -34.2319
1419.137625 68.689 -35.2882
1429.421281 68.144 -35.9098
1439.779457 67.579 -36.0288
1450.212692 67.006 -35.5819
1460.721531 66.438 -34.5161
1471.306521 65.897 -32.8009
1481.968215 65.405 -30.4417
1492.707168 64.985 -27.4913
1503.523939 64.661 -24.0574
1514.419093 64.448 -20.2959
1525.393198 64.356 -16.3938
1536.446826 64.385 -12.5422
1547.580553 64.526 -8.9124
1558.794960 64.764 -5.6394
1570.090631 65.081 -2.8173
1581.468155 65.458 -0.5024
1592.928125 65.877 1.2798
1604.471139 66.321 2.5292
1616.097798 66.777 3.2639
1627.808709 67.232 3.5170
1639.604482 67.676 3.3313
1651.485732 68.100 2.7556
1663.453078 68.500 1.8401
1675.507145 68.871 0.6339
1687.648560 69.212 -0.8175
1699.877958 69.521 -2.4735
1712.195974 69.797 -4.2993
1724.603252 70.040 -6.2635
1737.100438 70.251 -8.3386
1749.688184 70.429 -10.4993
1762.367146 70.575 -12.7216
1775.137984 70.689 -14.9823
1788.001366 70.772 -17.2582
1800.957961 70.827 -19.5270
1814.008445 70.853 -21.7677
1827.153498 70.853 -23.9623
1840.393805 70.829 -26.0963
1853.730057 70.785 -28.1587
1867.162949 70.722 -30.1429
1880.693182 70.641 -32.0463
1894.321460 70.546 -33.8676
1908.048494 70.437 -35.6067
1921.875000 70.314 -37.2628
1935.801698 70.179 -38.8329
1949.829316 70.031 -40.3097
1963.958583 69.870 -41.6824
1978.190236 69.697 -42.9362
1992.525018 69.514 -44.0533
2006.963676 69.322 -45.0146
2021.506962 69.126 -45.8010
2036.155634 68.929 -46.3975
2050.910458 68.737 -46.7969
2065.772200 68.557 -47.0017
2080.741637 68.394 -47.0266
2095.819549 68.254 -46.8995
2111.006721 68.143 -46.6602
2126.303946 68.063 -46.3557
2141.712021 68.014 -46.0372
2157.231749 67.996 -45.7531
2172.863940 68.005 -45.5446
2188.609407 68.035 -45.4423
2204.468973 68.083 -45.4655
2220.443464 68.142 -45.6217
2236.533713 68.207 -45.9084
2252.740558 68.274 -46.3164
2269.064845 68.341 -46.8320
2285.507424 68.405 -47.4402
2302.069153 68.465 -48.1262
2318.750895 68.518 -48.8768
2335.553520 68.567 -49.6813
2352.477904 68.609 -50.5312
2369.524928 68.646 -51.4197
2386.695483 68.676 -52.3398
2403.990462 68.700 -53.2852
2421.410768 68.716 -54.2482
2438.957308 68.726 -55.2222
2456.630998 68.730 -56.1996
2474.432759 68.728 -57.1733
2492.363519 68.720 -58.1371
2510.424213 68.707 -59.0865
2528.615781 68.691 -60.0186
2546.939174 68.671 -60.9316
2565.395345 68.649 -61.8259
2583.985257 68.625 -62.7015
2602.709879 68.599 -63.5593
2621.570188 68.572 -64.3992
2640.567166 68.542 -65.2201
2659.701804 68.511 -66.0189
2678.975100 68.479 -66.7909
2698.388058 68.444 -67.5287
2717.941690 68.410 -68.2251
2737.637016 68.377 -68.8723
2757.475062 68.346 -69.4645
2777.456863 68.320 -69.9993
2797.583461 68.303 -70.4791
2817.855904 68.296 -70.9137
2838.275249 68.302 -71.3203
2858.842562 68.324 -71.7217
2879.558913 68.362 -72.1445
2900.425384 68.415 -72.6174
2921.443062 68.481 -73.1665
2942.613043 68.557 -73.8136
2963.936430 68.640 -74.5731
2985.414335 68.725 -75.4513
3007.047878 68.809 -76.4467
3028.838187 68.887 -77.5516
3050.786397 68.956 -78.7526
3072.893653 69.014 -80.0314
3095.161107 69.058 -81.3676
3117.589920 69.088 -82.7390
3140.181262 69.103 -84.1235
3162.936310 69.103 -85.4987
3185.856250 69.089 -86.8430
3208.942278 69.063 -88.1368
3232.195596 69.027 -89.3636
3255.617418 68.984 -90.5098
3279.208964 68.937 -91.5657
3302.971464 68.890 -92.5281
3326.906156 68.847 -93.4009
3351.014290 68.811 -94.1946
3375.297121 68.785 -94.9269
3399.755915 68.771 -95.6221
3424.391948 68.770 -96.3075
3449.206504 68.781 -97.0107
3474.200876 68.804 -97.7570
3499.376367 68.835 -98.5669
3524.734291 68.869 -99.4532
3550.275969 68.905 -100.4202
3576.002732 68.936 -101.4637
3601.915922 68.961 -102.5726
3628.016889 68.975 -103.7286
3654.306995 68.977 -104.9089
3680.787610 68.966 -106.0865
3707.460115 68.940 -107.2335
3734.325899 68.903 -108.3217
3761.386364 68.855 -109.3246
3788.642920 68.801 -110.2196
3816.096988 68.744 -110.9899
3843.750000 68.691 -111.6268
3871.603397 68.645 -112.1329
3899.658631 68.614 -112.5221
3927.917165 68.603 -112.8208
3956.380472 68.614 -113.0659
3985.050036 68.651 -113.3041
4013.927351 68.713 -113.5852
4043.013923 68.797 -113.9556
4072.311269 68.898 -114.4540
4101.820915 69.010 -115.1058
4131.544400 69.126 -115.9222
4161.483274 69.239 -116.8989
4191.639097 69.343 -118.0181
4222.013442 69.433 -119.2511
4252.607892 69.506 -120.5624
4283.424042 69.560 -121.9141
4314.463498 69.596 -123.2695
4345.727879 69.615 -124.5970
4377.218815 69.622 -125.8722
4408.937947 69.619 -127.0804
4440.886929 69.611 -128.2185
4473.067426 69.601 -129.2939
4505.481116 69.592 -130.3236
4538.129690 69.587 -131.3311
4571.014848 69.583 -132.3408
4604.138306 69.580 -133.3740
4637.501790 69.574 -134.4441
4671.107040 69.561 -135.5538
4704.955807 69.537 -136.6947
4739.049856 69.498 -137.8446
4773.390965 69.442 -138.9716
4807.980924 69.367 -140.0372
4842.821536 69.275 -141.0001
4877.914617 69.169 -141.8203
4913.261997 69.056 -142.4663
4948.865519 68.941 -142.9186
4984.727038 68.834 -143.1757
5020.848425 68.740 -143.2555
5057.231563 68.669 -143.1957
5093.878347 68.623 -143.0485
5130.790689 68.604 -142.8724
5167.970514 68.610 -142.7230
5205.419759 68.635 -142.6433
5243.140376 68.675 -142.6592
5281.134332 68.722 -142.7764
5319.403609 68.769 -142.9822
5357.950200 68.813 -143.2513
5396.776116 68.852 -143.5524
5435.883380 68.885 -143.8542
5475.274032 68.914 -144.1326
5514.950125 68.943 -144.3741
5554.913727 68.975 -144.5786
5595.166922 69.013 -144.7578
5635.711808 69.058 -144.9312
5676.550498 69.111 -145.1212
5717.685123 69.171 -145.3486
5759.117827 69.233 -145.6272
5800.850769 69.296 -145.9603
5842.886124 69.356 -146.3417
5885.226086 69.411 -146.7576
5927.872860 69.461 -147.1899
5970.828671 69.505 -147.6200
6014.095756 69.545 -148.0349
6057.676373 69.582 -148.4276
6101.572794 69.619 -148.7994
6145.787305 69.657 -149.1586
6190.322213 69.697 -149.5181
6235.179840 69.738 -149.8918
6280.362523 69.779 -150.2915
6325.872619 69.819 -150.7223
6371.712500 69.853 -151.1835
6417.884555 69.881 -151.6672
6464.391192 69.900 -152.1598
6511.234836 69.910 -152.6438
6558.417927 69.910 -153.0997
6605.942927 69.900 -153.5093
6653.812313 69.883 -153.8547
6702.028580 69.861 -154.1223
6750.594241 69.835 -154.3014
6799.511830 69.809 -154.3849
6848.783896 69.787 -154.3708
6898.413007 69.771 -154.2639
6948.401751 69.766 -154.0750
6998.752735 69.775 -153.8224
7049.468582 69.800 -153.5310
7100.551937 69.841 -153.2301
7152.005464 69.900 -152.9532
7203.831844 69.973 -152.7312
7256.033779 70.058 -152.5898
7308.613991 70.151 -152.5471
7361.575220 70.247 -152.6115
7414.920229 70.341 -152.7811
7468.651798 70.430 -153.0468
7522.772727 70.510 -153.3927
7577.285840 70.579 -153.7980
7632.193976 70.634 -154.2394
7687.500000 70.675 -154.6937
7743.206794 70.703 -155.1378
7799.317262 70.717 -155.5503
7855.834330 70.721 -155.9110
7912.760944 70.717 -156.2035
7970.100072 70.707 -156.4163
8027.854702 70.696 -156.5444
8086.027847 70.685 -156.5884
8144.622538 70.680 -156.5576
8203.641830 70.683 -156.4697
8263.088801 70.695 -156.3464
8322.966548 70.718 -156.2126
8383.278195 70.751 -156.0925
8444.026884 70.791 -156.0052
8505.215784 70.836 -155.9622
8566.848084 70.884 -155.9672
8628.926996 70.932 -156.0177
8691.455758 70.978 -156.1056
8754.437630 71.021 -156.2205
8817.875894 71.061 -156.3530
8881.773857 71.097 -156.4960
8946.134852 71.132 -156.6459
9010.962233 71.165 -156.8031
9076.259380 71.196 -156.9703
9142.029697 71.226 -157.1517
9208.276612 71.253 -157.3519
9275.003581 71.277 -157.5739
9342.214080 71.298 -157.8187
9409.911614 71.314 -158.0858
9478.099713 71.323 -158.3708
9546.781930 71.324 -158.6669
9615.961848 71.317 -158.9641
9685.643071 71.302 -159.2510
9755.829233 71.278 -159.5148
9826.523994 71.247 -159.7435
9897.731037 71.209 -159.9270
9969.454076 71.167 -160.0585
10041.696850 71.122 -160.1351
10114.463125 71.076 -160.1578
10187.756694 71.030 -160.1317
10261.581379 70.987 -160.0645
10335.941028 70.947 -159.9645
10410.839517 70.910 -159.8412
10486.280752 70.877 -159.7026
10562.268665 70.846 -159.5557
10638.807218 70.817 -159.4059
10715.900400 70.790 -159.2566
10793.552232 70.765 -159.1101
10871.766761 70.741 -158.9679
10950.548064 70.716 -158.8311
11029.900250 70.692 -158.7002
11109.827454 70.667 -158.5750
11190.333843 70.641 -158.4532
11271.423615 70.613 -158.3333
11353.100997 70.585 -158.2122
11435.370247 70.554 -158.0869
11518.235653 70.522 -157.9554
11601.701537 70.490 -157.8167
11685.772249 70.457 -157.6704
11770.452172 70.422 -157.5173
11855.745720 70.388 -157.3590
11941.657341 70.354 -157.1965
12028.191513 70.320 -157.0320
12115.352747 70.286 -156.8666
12203.145587 70.251 -156.7007
12291.574610 70.215 -156.5347
12380.644427 70.180 -156.3684
12470.359680 70.144 -156.2020
12560.725047 70.108 -156.0355
12651.745238 70.071 -155.8702
12743.425000 70.035 -155.7083
12835.769110 69.999 -155.5529
12928.782385 69.964 -155.4077
13022.469671 69.928 -155.2764
13116.835855 69.891 -155.1624
13211.885854 69.853 -155.0675
13307.624625 69.812 -154.9919
13404.057159 69.767 -154.9333
13501.188483 69.718 -154.8875
13599.023660 69.665 -154.8473
13697.567791 69.606 -154.8057
13796.826014 69.543 -154.7559
13896.803503 69.476 -154.6912
13997.505470 69.405 -154.6060
14098.937164 69.331 -154.4966
14201.103875 69.256 -154.3616
14304.010928 69.181 -154.2002
14407.663687 69.106 -154.0133
14512.067557 69.032 -153.8022
14617.227981 68.961 -153.5704
14723.150441 68.893 -153.3219
14829.840458 68.829 -153.0610
14937.303595 68.770 -152.7930
15045.545455 68.716 -152.5254
15154.571679 68.667 -152.2649
15264.387953 68.624 -152.0181
15375.000000 68.586 -151.7921
15486.413588 68.553 -151.5929
15598.634525 68.526 -151.4255
15711.668661 68.503 -151.2939
15825.521888 68.484 -151.2021
15940.200144 68.469 -151.1536
16055.709405 68.457 -151.1519
16172.055694 68.450 -151.2013
16289.245076 68.446 -151.3060
16407.283660 68.444 -151.4711
16526.177601 68.444 -151.7006
16645.933097 68.447 -151.9978
16766.556390 68.451 -152.3662
16888.053769 68.455 -152.8086
17010.431568 68.460 -153.3254
17133.696167 68.464 -153.9188
17257.853993 68.469 -154.5912
17382.911517 68.472 -155.3420
17508.875259 68.475 -156.1713
17635.751787 68.476 -157.0984
17763.547714 68.474 -158.1241
17892.269704 68.467 -159.2032
18021.924466 68.460 -160.3484
18152.518759 68.454 -161.5826
18284.059393 68.448 -162.9126
18416.553225 68.441 -164.3457
18550.007161 68.432 -165.8892
18684.428160 68.423 -167.5494
18819.823228 68.410 -169.3320
18956.199425 68.393 -171.2422
19093.563861 68.371 -173.2847
19231.923695 68.341 -175.4615
19371.286142 68.304 -177.7749
19511.658467 68.256 179.7733
19653.047987 68.195 177.1821
19795.462074 68.118 174.4496
19938.908153 68.021 171.5667
20083.393701 67.893 168.6616
20228.926250 67.730 165.7830
20375.513389 67.532 162.7980
20523.162758 67.292 159.7163
20671.882055 67.000 156.5492
20821.679034 66.646 153.3094
20972.561504 66.217 150.0109
21124.537330 65.698 146.6680
21277.614435 65.071 143.2955
21431.800801 64.317 139.9081
21587.104464 63.411 136.5194
21743.533521 62.325 133.1420
21901.096129 61.026 129.7871
22059.800499 59.476 126.4644
22219.654907 57.630 123.1816
22380.667686 55.432 119.9448
22542.847230 52.818 116.7583
22706.201994 49.708 113.6248
22870.740494 46.008 110.5460
23036.471307 41.606 107.5221
23203.403074 36.379 104.5522
23371.544498 30.208 101.6349
23540.904344 23.028 98.7678
23711.491441 14.903 95.9479
23883.314682 6.463 93.1722
