* Measurement data measured by REW V5.40 beta 133
* Source: U18dB [plughw:3,0], Mic (Mic), R, Volume: 1.000. Timing signal peak level -27.2 dBFS, measurement signal peak level -15.4 dBFS
* Format: 512k Log Swept Sine, 1 sweep at -12.0 dBFS using an acoustic timing reference
* Dated: Sep 10, 2026, 11:28:58 AM
* REW Settings:
*  C-weighting compensation: Off
*  Target level: 75.0 dB
* Note: ; 10 sept 2026  Position MLP+20cm TO THE RIGHT 4.180m from front wall  2 screen panels prolongation - new setup DAC level -29dB MIC HEIGHT: 1.000m mic boom arm height: 1.040 -12dBFS OKTO -28dB DELAY -0.4548 ms (-156 mm, -6.14 in) using estimated IR delay relative to Acoustic reference played from DAC8STEREO L with no timing offset Clock adjustment: -14.6 ppm
* Measurement: R 120.green.4
* Smoothing: 1/48 octave
* Frequency Step: 96 ppo
* Start Frequency: 15.014648 Hz
*
* Freq(Hz) SPL(dB) Phase(degrees)
15.014648 68.330 -157.7526
15.123451 68.488 -158.5348
15.233042 68.686 -159.3509
15.343426 68.895 -160.2443
15.454611 69.111 -161.2322
15.566602 69.335 -162.2798
15.679404 69.560 -163.4123
15.793023 69.784 -164.6556
15.907466 70.008 -165.9913
16.022738 70.229 -167.4129
16.138845 70.442 -168.9245
16.255794 70.650 -170.5362
16.373590 70.850 -172.2271
16.492240 71.041 -173.9702
16.611750 71.222 -175.7854
16.732125 71.395 -177.6602
16.853373 71.559 -179.5481
16.975500 71.713 178.5359
17.098511 71.859 176.5910
17.222414 71.998 174.6638
17.347215 72.129 172.7445
17.472920 72.253 170.8258
17.599536 72.372 168.9382
17.727069 72.485 167.0727
17.855527 72.593 165.2223
17.984915 72.697 163.3973
18.115241 72.799 161.5906
18.246512 72.898 159.7955
18.378734 72.996 158.0100
18.511914 73.091 156.2295
18.646058 73.186 154.4501
18.781175 73.280 152.6665
18.917272 73.375 150.8768
19.054354 73.468 149.0860
19.192430 73.562 147.2873
19.331506 73.655 145.4855
19.471590 73.747 143.6909
19.612689 73.839 141.8935
19.754811 73.929 140.1079
19.897962 74.019 138.3374
20.042151 74.107 136.5776
20.187385 74.193 134.8421
20.333671 74.278 133.1244
20.481017 74.361 131.4275
20.629431 74.442 129.7528
20.778920 74.522 128.0956
20.929493 74.601 126.4551
21.081157 74.680 124.8277
21.233919 74.757 123.2106
21.387789 74.834 121.5989
21.542774 74.910 119.9914
21.698882 74.985 118.3823
21.856121 75.060 116.7699
22.014499 75.134 115.1519
22.174025 75.207 113.5237
22.334708 75.278 111.8861
22.496554 75.347 110.2324
22.659573 75.414 108.5637
22.823774 75.479 106.8769
22.989164 75.541 105.1693
23.155753 75.601 103.4407
23.323549 75.657 101.6862
23.492562 75.712 99.9098
23.662798 75.764 98.1050
23.834269 75.814 96.2798
24.006982 75.863 94.4284
24.180946 75.909 92.5600
24.356171 75.955 90.6715
24.532666 75.998 88.7706
24.710440 76.040 86.8574
24.889502 76.080 84.9359
25.069862 76.118 83.0074
25.251528 76.152 81.0719
25.434511 76.183 79.1283
25.618820 76.208 77.1742
25.804465 76.228 75.2042
25.991454 76.242 73.2146
26.179799 76.248 71.1958
26.369509 76.245 69.1444
26.560593 76.233 67.0473
26.753062 76.211 64.9044
26.946926 76.177 62.7015
27.142194 76.131 60.4441
27.338878 76.072 58.1171
27.536987 75.998 55.7359
27.736531 75.909 53.2846
27.937521 75.804 50.7898
28.139968 75.682 48.2387
28.343882 75.543 45.6648
28.549273 75.384 43.0653
28.756153 75.207 40.4684
28.964532 75.011 37.8912
29.174421 74.795 35.3484
29.385831 74.561 32.8752
29.598773 74.307 30.4790
29.813258 74.035 28.1967
30.029297 73.747 26.0385
30.246902 73.443 24.0325
30.466083 73.126 22.1895
30.686853 72.799 20.5327
30.909222 72.465 19.0634
31.133203 72.128 17.7960
31.358807 71.792 16.7311
31.586046 71.462 15.8547
31.814932 71.140 15.1746
32.045476 70.832 14.6517
32.277691 70.540 14.2726
32.511588 70.268 14.0146
32.747180 70.016 13.8269
32.984480 69.784 13.6901
33.223499 69.571 13.5651
33.464250 69.375 13.4149
33.706746 69.192 13.2218
33.950999 69.019 12.9590
34.197022 68.851 12.6150
34.444828 68.684 12.1851
34.694429 68.515 11.6646
34.945839 68.338 11.0637
35.199071 68.151 10.3959
35.454138 67.951 9.6846
35.711054 67.738 8.9583
35.969831 67.511 8.2336
36.230483 67.270 7.5323
36.493024 67.018 6.8855
36.757467 66.754 6.3176
37.023827 66.481 5.8519
37.292117 66.203 5.5116
37.562351 65.923 5.3152
37.834543 65.645 5.2758
38.108708 65.375 5.4027
38.384859 65.116 5.6959
38.663012 64.876 6.1451
38.943180 64.659 6.7357
39.225378 64.469 7.4442
39.509622 64.311 8.2356
39.795925 64.188 9.0617
40.084302 64.100 9.8732
40.374770 64.048 10.6147
40.667342 64.028 11.2278
40.962034 64.036 11.6502
41.258862 64.066 11.8221
41.557841 64.109 11.6913
41.858986 64.155 11.2106
42.162313 64.194 10.3369
42.467839 64.218 9.0292
42.775578 64.214 7.2473
43.085548 64.174 4.9518
43.397763 64.087 2.0988
43.712242 63.945 -1.3663
44.028998 63.742 -5.5132
44.348051 63.474 -10.4331
44.669415 63.138 -16.2455
44.993108 62.740 -23.0980
45.319147 62.290 -31.1774
45.647548 61.820 -40.6974
45.978329 61.379 -51.8522
46.311507 61.045 -64.7115
46.647099 60.910 -79.0598
46.985123 61.052 -94.2870
47.325597 61.490 -109.5084
47.668537 62.172 -123.9146
48.013963 63.007 -137.0547
48.361892 63.903 -148.8484
48.712342 64.795 -159.4354
49.065332 65.641 -169.0291
49.420880 66.420 -177.8348
49.779004 67.120 173.9797
50.139723 67.738 166.2870
50.503056 68.277 158.9999
50.869022 68.738 152.0621
51.237640 69.124 145.4418
51.608929 69.440 139.1264
51.982909 69.688 133.1174
52.359598 69.870 127.4275
52.739018 69.992 122.0780
53.121186 70.055 117.0966
53.506124 70.064 112.5173
53.893852 70.022 108.3785
54.284389 69.935 104.7223
54.677756 69.810 101.5945
55.073973 69.655 99.0402
55.473062 69.481 97.1012
55.875043 69.303 95.8104
56.279936 69.138 95.1826
56.687764 69.007 95.2036
57.098547 68.929 95.8165
57.512306 68.928 96.9141
57.929064 69.017 98.3405
58.348842 69.205 99.9025
58.771662 69.490 101.3969
59.197546 69.862 102.6412
59.626515 70.301 103.4962
60.058594 70.787 103.8775
60.493803 71.299 103.7529
60.932166 71.817 103.1286
61.373706 72.327 102.0362
61.818445 72.815 100.5235
62.266407 73.273 98.6475
62.717615 73.695 96.4674
63.172093 74.075 94.0416
63.629864 74.410 91.4284
64.090952 74.700 88.6857
64.555381 74.943 85.8664
65.023176 75.140 83.0202
65.494361 75.293 80.1992
65.968960 75.403 77.4534
66.446998 75.474 74.8253
66.928501 75.510 72.3591
67.413492 75.516 70.0960
67.901998 75.497 68.0692
68.394044 75.462 66.3070
68.889655 75.420 64.8284
69.388858 75.379 63.6388
69.891679 75.351 62.7274
70.398142 75.346 62.0630
70.908276 75.373 61.5976
71.422107 75.442 61.2586
71.939661 75.555 60.9613
72.460965 75.713 60.6149
72.986047 75.914 60.1257
73.514934 76.150 59.4184
74.047654 76.411 58.4291
74.584234 76.686 57.1215
75.124702 76.963 55.4774
75.669086 77.231 53.4987
76.217416 77.478 51.2043
76.769719 77.697 48.6224
77.326024 77.877 45.7941
77.886360 78.014 42.7611
78.450757 78.102 39.5762
79.019243 78.137 36.2875
79.591849 78.115 32.9536
80.168605 78.033 29.6273
80.749539 77.892 26.3710
81.334684 77.691 23.2455
81.924068 77.430 20.3154
82.517724 77.112 17.6523
83.115681 76.740 15.3285
83.717972 76.319 13.4254
84.324627 75.857 12.0273
84.935678 75.366 11.2221
85.551157 74.863 11.0927
86.171096 74.369 11.7055
86.795527 73.913 13.0918
87.424483 73.528 15.2168
88.057997 73.247 17.9553
88.696102 73.098 21.0894
89.338830 73.091 24.3318
89.986216 73.222 27.3827
90.638293 73.468 29.9985
91.295096 73.798 32.0298
91.956658 74.180 33.4235
92.623013 74.584 34.2012
93.294198 74.990 34.4311
93.970246 75.381 34.2020
94.651193 75.749 33.6072
95.337075 76.089 32.7343
96.027927 76.400 31.6606
96.723785 76.682 30.4509
97.424685 76.940 29.1556
98.130664 77.177 27.8109
98.841760 77.398 26.4402
99.558008 77.607 25.0546
100.279446 77.808 23.6539
101.006112 78.007 22.2287
101.738044 78.205 20.7628
102.475280 78.403 19.2367
103.217858 78.602 17.6295
103.965817 78.802 15.9216
104.719197 79.001 14.0957
105.478035 79.197 12.1384
106.242372 79.387 10.0406
107.012248 79.570 7.7980
107.787703 79.741 5.4095
108.568777 79.898 2.8780
109.355511 80.038 0.2106
110.147947 80.158 -2.5833
110.946124 80.256 -5.4915
111.750085 80.330 -8.4990
112.559873 80.376 -11.5885
113.375528 80.393 -14.7408
114.197094 80.379 -17.9352
115.024613 80.334 -21.1487
115.858129 80.255 -24.3578
116.697684 80.142 -27.5383
117.543324 79.995 -30.6652
118.395091 79.815 -33.7135
119.253031 79.603 -36.6583
120.117188 79.360 -39.4745
120.987606 79.088 -42.1384
121.864332 78.790 -44.6278
122.747411 78.468 -46.9219
123.636890 78.128 -49.0026
124.532814 77.774 -50.8544
125.435230 77.409 -52.4658
126.344185 77.039 -53.8299
127.259727 76.671 -54.9445
128.181904 76.308 -55.8129
129.110763 75.959 -56.4454
130.046352 75.628 -56.8597
130.988722 75.320 -57.0811
131.937920 75.042 -57.1432
132.893997 74.796 -57.0867
133.857001 74.585 -56.9584
134.826984 74.409 -56.8082
135.803996 74.268 -56.6850
136.788088 74.159 -56.6337
137.779311 74.077 -56.6910
138.777717 74.018 -56.8844
139.783357 73.976 -57.2316
140.796285 73.947 -57.7413
141.816553 73.925 -58.4144
142.844214 73.906 -59.2475
143.879322 73.888 -60.2345
144.921931 73.867 -61.3694
145.972095 73.841 -62.6471
147.029869 73.808 -64.0637
148.095308 73.767 -65.6177
149.168468 73.715 -67.3089
150.249404 73.651 -69.1388
151.338173 73.573 -71.1088
152.434832 73.477 -73.2203
153.539437 73.362 -75.4733
154.652047 73.223 -77.8671
155.772720 73.058 -80.3995
156.901513 72.863 -83.0672
158.038486 72.634 -85.8656
159.183698 72.368 -88.7906
160.337209 72.061 -91.8403
161.499079 71.708 -95.0145
162.669367 71.306 -98.3179
163.848137 70.849 -101.7602
165.035448 70.329 -105.3586
166.231363 69.740 -109.1400
167.435944 69.069 -113.1435
168.649254 68.303 -117.4262
169.871356 67.422 -122.0724
171.102314 66.402 -127.2106
172.342191 65.206 -133.0486
173.591054 63.788 -139.9458
174.848966 62.087 -148.5847
176.115994 60.047 -160.3750
177.392203 57.733 -178.3979
178.677660 55.803 152.0498
179.972432 55.854 113.5529
181.276587 57.885 83.6455
182.590191 60.295 65.1593
183.913315 62.422 52.8025
185.246027 64.200 43.4716
186.588396 65.682 35.7567
187.940492 66.927 28.9880
189.302387 67.980 22.8217
190.674150 68.875 17.0693
192.055853 69.638 11.6229
193.447569 70.288 6.4171
194.849370 70.841 1.4116
196.261329 71.307 -3.4199
197.683519 71.697 -8.0947
199.116016 72.020 -12.6239
200.558892 72.281 -17.0148
202.012225 72.485 -21.2726
203.476089 72.637 -25.4001
204.950560 72.741 -29.3976
206.435716 72.799 -33.2637
207.931635 72.814 -36.9951
209.438393 72.787 -40.5868
210.956070 72.721 -44.0304
212.484745 72.617 -47.3159
214.024497 72.476 -50.4301
215.575406 72.300 -53.3560
217.137555 72.089 -56.0720
218.711023 71.846 -58.5516
220.295893 71.574 -60.7628
221.892248 71.275 -62.6677
223.500171 70.956 -64.2247
225.119745 70.624 -65.3904
226.751056 70.290 -66.1243
228.394187 69.968 -66.3992
230.049226 69.675 -66.2122
231.716257 69.430 -65.5981
233.395369 69.252 -64.6395
235.086648 69.155 -63.4692
236.790182 69.148 -62.2560
238.506062 69.227 -61.1780
240.234375 69.382 -60.3940
241.975212 69.594 -60.0198
243.728664 69.844 -60.1184
245.494823 70.111 -60.7042
247.273780 70.377 -61.7551
249.065627 70.628 -63.2251
250.870459 70.853 -65.0563
252.688370 71.046 -67.1866
254.519454 71.201 -69.5553
256.363807 71.315 -72.1044
258.221525 71.388 -74.7821
260.092705 71.419 -77.5425
261.977444 71.409 -80.3450
263.875840 71.359 -83.1544
265.787993 71.271 -85.9402
267.714003 71.145 -88.6748
269.653969 70.983 -91.3335
271.607992 70.786 -93.8916
273.576176 70.555 -96.3246
275.558622 70.293 -98.6045
277.555433 69.999 -100.7013
279.566714 69.677 -102.5814
281.592570 69.330 -104.2083
283.633106 68.962 -105.5417
285.688428 68.581 -106.5430
287.758644 68.193 -107.1769
289.843862 67.812 -107.4187
291.944190 67.449 -107.2629
294.059738 67.120 -106.7334
296.190616 66.840 -105.8885
298.336935 66.618 -104.8228
300.498808 66.462 -103.6582
302.676346 66.370 -102.5258
304.869664 66.335 -101.5438
307.078875 66.343 -100.7987
309.304095 66.378 -100.3351
311.545440 66.424 -100.1567
313.803027 66.467 -100.2324
316.076973 66.496 -100.5054
318.367397 66.503 -100.9026
320.674418 66.484 -101.3422
322.998157 66.439 -101.7407
325.338735 66.373 -102.0193
327.696273 66.294 -102.1112
330.070896 66.212 -101.9681
332.462726 66.142 -101.5699
334.871888 66.097 -100.9292
337.298507 66.089 -100.0940
339.742711 66.129 -99.1421
342.204627 66.221 -98.1687
344.684383 66.363 -97.2701
347.182108 66.550 -96.5270
349.697933 66.772 -95.9941
352.231988 67.021 -95.6970
354.784406 67.286 -95.6343
357.355320 67.559 -95.7881
359.944864 67.837 -96.1310
362.553173 68.116 -96.6349
365.180383 68.396 -97.2773
367.826630 68.678 -98.0460
370.492054 68.963 -98.9406
373.176792 69.250 -99.9711
375.880985 69.540 -101.1544
378.604773 69.830 -102.5094
381.348300 70.116 -104.0521
384.111707 70.394 -105.7909
386.895138 70.658 -107.7256
389.698740 70.903 -109.8450
392.522658 71.123 -112.1281
395.367039 71.314 -114.5463
398.232031 71.472 -117.0637
401.117785 71.594 -119.6388
404.024450 71.680 -122.2278
406.952177 71.730 -124.7850
409.901120 71.745 -127.2664
412.871433 71.727 -129.6276
415.863270 71.679 -131.8264
418.876786 71.607 -133.8240
421.912140 71.518 -135.5872
424.969489 71.418 -137.0911
428.048993 71.315 -138.3215
431.150813 71.221 -139.2765
434.275109 71.143 -139.9705
437.422046 71.090 -140.4357
440.591786 71.071 -140.7178
443.784496 71.091 -140.8755
447.000341 71.152 -140.9753
450.239490 71.255 -141.0848
453.502111 71.397 -141.2666
456.788374 71.573 -141.5735
460.098451 71.778 -142.0471
463.432514 72.006 -142.7172
466.790737 72.248 -143.6016
470.173295 72.500 -144.7079
473.580365 72.753 -146.0359
477.012124 73.003 -147.5781
480.468750 73.245 -149.3243
483.950425 73.474 -151.2604
487.457329 73.688 -153.3710
490.989646 73.881 -155.6385
494.547559 74.052 -158.0450
498.131254 74.198 -160.5704
501.740919 74.317 -163.1931
505.376740 74.405 -165.8894
509.038909 74.463 -168.6335
512.727614 74.487 -171.3975
516.443050 74.478 -174.1508
520.185409 74.436 -176.8615
523.954887 74.360 -179.4957
527.751680 74.252 177.9810
531.575987 74.114 175.6046
535.428005 73.950 173.4109
539.307937 73.763 171.4338
543.215985 73.560 169.7039
547.152352 73.348 168.2443
551.117243 73.138 167.0648
555.110866 72.938 166.1581
559.133428 72.758 165.4946
563.185140 72.607 165.0214
567.266211 72.491 164.6649
571.376856 72.413 164.3412
575.517288 72.368 163.9666
579.687724 72.351 163.4701
583.888380 72.353 162.8032
588.119476 72.364 161.9419
592.381232 72.373 160.8870
596.673871 72.371 159.6584
600.997615 72.353 158.2885
605.352692 72.313 156.8147
609.739327 72.249 155.2750
614.157750 72.160 153.7042
618.608190 72.045 152.1311
623.090880 71.906 150.5776
627.606053 71.742 149.0608
632.153945 71.553 147.5935
636.734793 71.339 146.1888
641.348836 71.099 144.8636
645.996314 70.831 143.6425
650.677470 70.534 142.5610
655.392547 70.208 141.6659
660.141792 69.853 141.0150
664.925451 69.477 140.6736
669.743775 69.088 140.7058
674.597014 68.699 141.1598
679.485423 68.328 142.0530
684.409254 67.997 143.3511
689.368766 67.723 144.9567
694.364216 67.518 146.7129
699.395865 67.384 148.4297
704.463976 67.311 149.9252
709.568812 67.277 151.0640
714.710640 67.258 151.7794
719.889728 67.224 152.0752
725.106346 67.151 152.0164
730.360766 67.020 151.7107
735.653261 66.812 151.2986
740.984108 66.519 150.9469
746.353584 66.134 150.8506
751.761970 65.657 151.2371
757.209547 65.100 152.3721
762.696599 64.486 154.5557
768.223413 63.866 158.0873
773.790277 63.319 163.1663
779.397480 62.949 169.7070
785.045315 62.856 177.1659
790.734077 63.079 -175.3888
796.464062 63.576 -168.8770
802.235569 64.248 -163.8174
808.048899 64.991 -160.2780
813.904354 65.734 -158.0575
819.802241 66.430 -156.8669
825.742866 67.059 -156.4281
831.726539 67.614 -156.5088
837.753572 68.095 -156.9265
843.824280 68.509 -157.5428
849.938979 68.863 -158.2555
856.097987 69.166 -158.9905
862.301626 69.427 -159.6979
868.550219 69.654 -160.3463
874.844092 69.857 -160.9209
881.183573 70.042 -161.4209
887.568992 70.216 -161.8579
894.000683 70.384 -162.2521
900.478980 70.548 -162.6296
907.004222 70.710 -163.0203
913.576749 70.869 -163.4514
920.196903 71.024 -163.9453
926.865029 71.171 -164.5156
933.581475 71.308 -165.1661
940.346591 71.429 -165.8907
947.160730 71.533 -166.6747
954.024247 71.616 -167.4963
960.937500 71.678 -168.3312
967.900849 71.720 -169.1528
974.914658 71.740 -169.9385
981.979291 71.743 -170.6687
989.095118 71.730 -171.3297
996.262509 71.703 -171.9136
1003.481838 71.665 -172.4197
1010.753481 71.618 -172.8516
1018.077817 71.565 -173.2162
1025.455229 71.504 -173.5209
1032.886100 71.436 -173.7708
1040.370819 71.360 -173.9674
1047.909774 71.275 -174.1064
1055.503361 71.181 -174.1771
1063.151973 71.077 -174.1637
1070.856010 70.965 -174.0472
1078.615875 70.846 -173.8102
1086.431970 70.725 -173.4377
1094.304704 70.604 -172.9227
1102.234487 70.491 -172.2695
1110.221732 70.388 -171.4941
1118.266856 70.299 -170.6223
1126.370279 70.227 -169.6877
1134.532422 70.172 -168.7277
1142.753712 70.133 -167.7760
1151.034577 70.106 -166.8601
1159.375448 70.088 -165.9971
1167.776760 70.076 -165.1943
1176.238952 70.065 -164.4517
1184.762464 70.052 -163.7607
1193.347741 70.037 -163.1105
1201.995231 70.016 -162.4891
1210.705384 69.991 -161.8868
1219.478654 69.960 -161.2969
1228.315499 69.924 -160.7166
1237.216380 69.883 -160.1478
1246.181760 69.836 -159.5944
1255.212106 69.782 -159.0596
1264.307891 69.719 -158.5443
1273.469587 69.645 -158.0457
1282.697672 69.557 -157.5542
1291.992628 69.452 -157.0552
1301.354940 69.328 -156.5281
1310.785094 69.184 -155.9484
1320.283583 69.018 -155.2875
1329.850902 68.831 -154.5127
1339.487550 68.623 -153.5896
1349.194029 68.395 -152.4812
1358.970845 68.150 -151.1476
1368.818508 67.892 -149.5471
1378.737531 67.626 -147.6362
1388.728432 67.361 -145.3755
1398.791730 67.107 -142.7327
1408.927952 66.878 -139.6907
1419.137625 66.687 -136.2559
1429.421281 66.553 -132.4659
1439.779457 66.488 -128.3955
1450.212692 66.507 -124.1577
1460.721531 66.614 -119.8912
1471.306521 66.809 -115.7445
1481.968215 67.085 -111.8546
1492.707168 67.428 -108.3298
1503.523939 67.820 -105.2406
1514.419093 68.247 -102.6205
1525.393198 68.691 -100.4712
1536.446826 69.139 -98.7727
1547.580553 69.582 -97.4917
1558.794960 70.009 -96.5891
1570.090631 70.415 -96.0229
1581.468155 70.794 -95.7515
1592.928125 71.144 -95.7347
1604.471139 71.461 -95.9336
1616.097798 71.743 -96.3120
1627.808709 71.990 -96.8354
1639.604482 72.200 -97.4719
1651.485732 72.375 -98.1921
1663.453078 72.514 -98.9707
1675.507145 72.619 -99.7844
1687.648560 72.690 -100.6143
1699.877958 72.729 -101.4447
1712.195974 72.735 -102.2629
1724.603252 72.711 -103.0591
1737.100438 72.657 -103.8239
1749.688184 72.571 -104.5488
1762.367146 72.454 -105.2253
1775.137984 72.305 -105.8423
1788.001366 72.122 -106.3854
1800.957961 71.903 -106.8361
1814.008445 71.648 -107.1697
1827.153498 71.354 -107.3542
1840.393805 71.018 -107.3501
1853.730057 70.641 -107.1058
1867.162949 70.224 -106.5585
1880.693182 69.766 -105.6321
1894.321460 69.275 -104.2382
1908.048494 68.760 -102.2788
1921.875000 68.236 -99.6565
1935.801698 67.728 -96.2913
1949.829316 67.265 -92.1476
1963.958583 66.884 -87.2699
1978.190236 66.622 -81.8135
1992.525018 66.503 -76.0425
2006.963676 66.536 -70.2853
2021.506962 66.707 -64.8564
2036.155634 66.988 -59.9861
2050.910458 67.341 -55.7922
2065.772200 67.732 -52.2925
2080.741637 68.134 -49.4370
2095.819549 68.526 -47.1431
2111.006721 68.896 -45.3184
2126.303946 69.233 -43.8743
2141.712021 69.535 -42.7322
2157.231749 69.799 -41.8257
2172.863940 70.024 -41.0995
2188.609407 70.210 -40.5078
2204.468973 70.358 -40.0127
2220.443464 70.468 -39.5811
2236.533713 70.540 -39.1831
2252.740558 70.575 -38.7898
2269.064845 70.573 -38.3721
2285.507424 70.535 -37.8994
2302.069153 70.462 -37.3396
2318.750895 70.355 -36.6573
2335.553520 70.216 -35.8163
2352.477904 70.048 -34.7795
2369.524928 69.856 -33.5101
2386.695483 69.646 -31.9734
2403.990462 69.424 -30.1398
2421.410768 69.200 -27.9889
2438.957308 68.982 -25.5142
2456.630998 68.782 -22.7260
2474.432759 68.611 -19.6555
2492.363519 68.477 -16.3549
2510.424213 68.387 -12.8950
2528.615781 68.344 -9.3579
2546.939174 68.347 -5.8281
2565.395345 68.393 -2.3807
2583.985257 68.473 0.9255
2602.709879 68.580 4.0525
2621.570188 68.702 6.9835
2640.567166 68.833 9.7198
2659.701804 68.964 12.2773
2678.975100 69.089 14.6816
2698.388058 69.204 16.9631
2717.941690 69.308 19.1536
2737.637016 69.400 21.2837
2757.475062 69.478 23.3794
2777.456863 69.544 25.4624
2797.583461 69.600 27.5487
2817.855904 69.647 29.6475
2838.275249 69.687 31.7612
2858.842562 69.721 33.8892
2879.558913 69.750 36.0269
2900.425384 69.774 38.1689
2921.443062 69.792 40.3112
2942.613043 69.802 42.4524
2963.936430 69.802 44.5972
2985.414335 69.791 46.7566
3007.047878 69.767 48.9479
3028.838187 69.730 51.1938
3050.786397 69.679 53.5216
3072.893653 69.616 55.9603
3095.161107 69.545 58.5377
3117.589920 69.470 61.2751
3140.181262 69.397 64.1851
3162.936310 69.332 67.2664
3185.856250 69.284 70.5013
3208.942278 69.256 73.8561
3232.195596 69.255 77.2814
3255.617418 69.281 80.7196
3279.208964 69.333 84.1125
3302.971464 69.406 87.4075
3326.906156 69.493 90.5649
3351.014290 69.587 93.5625
3375.297121 69.679 96.3965
3399.755915 69.760 99.0798
3424.391948 69.823 101.6398
3449.206504 69.863 104.1166
3474.200876 69.875 106.5581
3499.376367 69.857 109.0171
3524.734291 69.809 111.5510
3550.275969 69.733 114.2173
3576.002732 69.633 117.0703
3601.915922 69.516 120.1582
3628.016889 69.389 123.5167
3654.306995 69.265 127.1644
3680.787610 69.154 131.0969
3707.460115 69.067 135.2825
3734.325899 69.014 139.6628
3761.386364 69.001 144.1593
3788.642920 69.030 148.6836
3816.096988 69.097 153.1508
3843.750000 69.195 157.4927
3871.603397 69.314 161.6650
3899.658631 69.443 165.6514
3927.917165 69.572 169.4587
3956.380472 69.694 173.1143
3985.050036 69.801 176.6565
4013.927351 69.891 -179.8705
4043.013923 69.961 -176.4202
4072.311269 70.012 -172.9487
4101.820915 70.045 -169.4187
4131.544400 70.066 -165.8018
4161.483274 70.078 -162.0798
4191.639097 70.085 -158.2476
4222.013442 70.093 -154.3112
4252.607892 70.106 -150.2876
4283.424042 70.125 -146.2024
4314.463498 70.151 -142.0856
4345.727879 70.184 -137.9658
4377.218815 70.220 -133.8656
4408.937947 70.255 -129.7981
4440.886929 70.284 -125.7644
4473.067426 70.303 -121.7531
4505.481116 70.308 -117.7435
4538.129690 70.298 -113.7064
4571.014848 70.271 -109.6087
4604.138306 70.229 -105.4169
4637.501790 70.173 -101.1013
4671.107040 70.107 -96.6392
4704.955807 70.035 -92.0186
4739.049856 69.964 -87.2382
4773.390965 69.896 -82.3077
4807.980924 69.835 -77.2471
4842.821536 69.784 -72.0823
4877.914617 69.742 -66.8406
4913.261997 69.709 -61.5455
4948.865519 69.681 -56.2124
4984.727038 69.655 -50.8461
5020.848425 69.629 -45.4403
5057.231563 69.602 -39.9803
5093.878347 69.570 -34.4458
5130.790689 69.537 -28.8154
5167.970514 69.503 -23.0717
5205.419759 69.473 -17.2052
5243.140376 69.450 -11.2190
5281.134332 69.437 -5.1265
5319.403609 69.437 1.0491
5357.950200 69.450 7.2807
5396.776116 69.475 13.5409
5435.883380 69.510 19.8090
5475.274032 69.552 26.0742
5514.950125 69.597 32.3369
5554.913727 69.641 38.6071
5595.166922 69.684 44.9011
5635.711808 69.725 51.2379
5676.550498 69.765 57.6335
5717.685123 69.806 64.0974
5759.117827 69.850 70.6292
5800.850769 69.899 77.2220
5842.886124 69.954 83.8610
5885.226086 70.015 90.5291
5927.872860 70.081 97.2111
5970.828671 70.151 103.8961
6014.095756 70.222 110.5781
6057.676373 70.291 117.2578
6101.572794 70.358 123.9402
6145.787305 70.420 130.6318
6190.322213 70.477 137.3394
6235.179840 70.527 144.0679
6280.362523 70.569 150.8225
6325.872619 70.603 157.6087
6371.712500 70.626 164.4337
6417.884555 70.637 171.3112
6464.391192 70.634 178.2602
6511.234836 70.617 -174.6942
6558.417927 70.588 -167.5226
6605.942927 70.547 -160.1958
6653.812313 70.498 -152.6874
6702.028580 70.448 -144.9807
6750.594241 70.401 -137.0706
6799.511830 70.365 -128.9662
6848.783896 70.344 -120.6910
6898.413007 70.342 -112.2803
6948.401751 70.361 -103.7756
6998.752735 70.402 -95.2194
7049.468582 70.463 -86.6486
7100.551937 70.539 -78.0930
7152.005464 70.627 -69.5741
7203.831844 70.721 -61.1030
7256.033779 70.818 -52.6821
7308.613991 70.913 -44.3055
7361.575220 71.001 -35.9606
7414.920229 71.079 -27.6289
7468.651798 71.146 -19.2875
7522.772727 71.200 -10.9109
7577.285840 71.240 -2.4733
7632.193976 71.268 6.0499
7687.500000 71.286 14.6777
7743.206794 71.296 23.4242
7799.317262 71.299 32.2966
7855.834330 71.301 41.2969
7912.760944 71.302 50.4223
7970.100072 71.305 59.6664
8027.854702 71.311 69.0202
8086.027847 71.320 78.4763
8144.622538 71.334 88.0248
8203.641830 71.352 97.6567
8263.088801 71.375 107.3636
8322.966548 71.403 117.1381
8383.278195 71.434 126.9736
8444.026884 71.468 136.8665
8505.215784 71.503 146.8158
8566.848084 71.540 156.8220
8628.926996 71.579 166.8868
8691.455758 71.617 177.0122
8754.437630 71.656 -172.8012
8817.875894 71.696 -162.5543
8881.773857 71.736 -152.2500
8946.134852 71.777 -141.8918
9010.962233 71.818 -131.4848
9076.259380 71.857 -121.0317
9142.029697 71.894 -110.5347
9208.276612 71.927 -99.9935
9275.003581 71.955 -89.4044
9342.214080 71.978 -78.7625
9409.911614 71.992 -68.0597
9478.099713 71.999 -57.2863
9546.781930 71.997 -46.4313
9615.961848 71.986 -35.4829
9685.643071 71.967 -24.4298
9755.829233 71.941 -13.2621
9826.523994 71.908 -1.9716
9897.731037 71.871 9.4476
9969.454076 71.830 20.9990
10041.696850 71.788 32.6836
10114.463125 71.745 44.5004
10187.756694 71.702 56.4464
10261.581379 71.662 68.5159
10335.941028 71.624 80.7031
10410.839517 71.588 93.0009
10486.280752 71.557 105.4017
10562.268665 71.527 117.8997
10638.807218 71.500 130.4886
10715.900400 71.475 143.1656
10793.552232 71.450 155.9290
10871.766761 71.427 168.7790
10950.548064 71.402 -178.2842
11029.900250 71.378 -165.2578
11109.827454 71.352 -152.1395
11190.333843 71.325 -138.9257
11271.423615 71.296 -125.6139
11353.100997 71.267 -112.2022
11435.370247 71.236 -98.6886
11518.235653 71.205 -85.0722
11601.701537 71.173 -71.3520
11685.772249 71.140 -57.5277
11770.452172 71.107 -43.5998
11855.745720 71.074 -29.5681
11941.657341 71.040 -15.4333
12028.191513 71.007 -1.1961
12115.352747 70.973 13.1432
12203.145587 70.938 27.5851
12291.574610 70.903 42.1308
12380.644427 70.868 56.7808
12470.359680 70.833 71.5362
12560.725047 70.797 86.3972
12651.745238 70.762 101.3635
12743.425000 70.726 116.4323
12835.769110 70.691 131.6018
12928.782385 70.657 146.8687
13022.469671 70.622 162.2307
13116.835855 70.585 177.6858
13211.885854 70.547 -166.7663
13307.624625 70.505 -151.1232
13404.057159 70.461 -135.3810
13501.188483 70.412 -119.5347
13599.023660 70.358 -103.5760
13697.567791 70.300 -87.4976
13796.826014 70.237 -71.2930
13896.803503 70.171 -54.9563
13997.505470 70.102 -38.4819
14098.937164 70.030 -21.8667
14201.103875 69.957 -5.1085
14304.010928 69.884 11.7934
14407.663687 69.812 28.8389
14512.067557 69.741 46.0268
14617.227981 69.672 63.3547
14723.150441 69.607 80.8185
14829.840458 69.545 98.4143
14937.303595 69.488 116.1377
15045.545455 69.436 133.9822
15154.571679 69.389 151.9425
15264.387953 69.346 170.0143
15375.000000 69.309 -171.8069
15486.413588 69.276 -153.5254
15598.634525 69.247 -135.1438
15711.668661 69.222 -116.6641
15825.521888 69.202 -98.0890
15940.200144 69.185 -79.4199
16055.709405 69.172 -60.6600
16172.055694 69.163 -41.8115
16289.245076 69.157 -22.8792
16407.283660 69.154 -3.8654
16526.177601 69.153 15.2263
16645.933097 69.155 34.3936
16766.556390 69.158 53.6338
16888.053769 69.162 72.9458
17010.431568 69.167 92.3291
17133.696167 69.172 111.7828
17257.853993 69.177 131.3053
17382.911517 69.182 150.8975
17508.875259 69.187 170.5594
17635.751787 69.191 -169.7275
17763.547714 69.191 -149.9642
17892.269704 69.188 -130.1045
18021.924466 69.184 -110.1617
18152.518759 69.182 -90.1570
18284.059393 69.180 -70.0975
18416.553225 69.178 -49.9891
18550.007161 69.174 -29.8381
18684.428160 69.168 -9.6505
18819.823228 69.159 10.5707
18956.199425 69.146 30.8218
19093.563861 69.127 51.0991
19231.923695 69.101 71.4031
19371.286142 69.067 91.7332
19511.658467 69.021 112.0895
19653.047987 68.962 132.4722
19795.462074 68.887 152.8809
19938.908153 68.792 173.3083
20083.393701 68.665 -166.1162
20228.926250 68.504 -145.3431
20375.513389 68.306 -124.5034
20523.162758 68.066 -103.5868
20671.882055 67.775 -82.5803
20821.679034 67.420 -61.4707
20972.561504 66.991 -40.2428
21124.537330 66.472 -18.8806
21277.614435 65.845 2.6304
21431.800801 65.089 24.3070
21587.104464 64.182 46.1637
21743.533521 63.095 68.2146
21901.096129 61.796 90.4707
22059.800499 60.246 112.9443
22219.654907 58.399 135.6440
22380.667686 56.200 158.5767
22542.847230 53.586 -178.2515
22706.201994 50.475 -154.8364
22870.740494 46.775 -131.1750
23036.471307 42.373 -107.2666
23203.403074 37.145 -83.1094
23371.544498 30.974 -58.7039
23540.904344 23.795 -34.0515
23711.491441 15.669 -9.1521
23883.314682 7.230 15.9907
