* Measurement data measured by REW V5.40 beta 133
* Source: Frequency response averaged data
* Format: Averaged data produced from the rms magnitudes of R 120.green.1, R 120.green.2, R 120.green.3, R 120.green.4, R.0
* Dated: Sep 11, 2026, 11:19:26 AM
* REW Settings:
*  C-weighting compensation: Off
*  Target level: 75.0 dB
* Note: ; Averaged data produced from the rms magnitudes of R 120.green.1, R 120.green.2, R 120.green.3, R 120.green.4, R.0
* Measurement: R-SP
* Smoothing: 1/48 octave
* Frequency Step: 96 ppo
* Start Frequency: 15.12345 Hz
*
* Freq(Hz) SPL(dB)
15.123450 68.777
15.233041 68.958
15.343426 69.178
15.454611 69.406
15.566601 69.634
15.679403 69.860
15.793023 70.083
15.907465 70.302
16.022737 70.517
16.138845 70.726
16.255794 70.929
16.373590 71.126
16.492239 71.316
16.611749 71.499
16.732125 71.675
16.853372 71.845
16.975499 72.009
17.098510 72.167
17.222413 72.319
17.347214 72.466
17.472919 72.608
17.599535 72.746
17.727069 72.878
17.855526 73.006
17.984915 73.130
18.115241 73.249
18.246511 73.365
18.378733 73.475
18.511913 73.581
18.646058 73.683
18.781175 73.779
18.917271 73.872
19.054353 73.959
19.192429 74.042
19.331505 74.120
19.471589 74.194
19.612689 74.263
19.754810 74.329
19.897962 74.392
20.042150 74.452
20.187384 74.511
20.333670 74.568
20.481016 74.625
20.629430 74.683
20.778920 74.741
20.929492 74.802
21.081156 74.866
21.233919 74.932
21.387788 75.002
21.542773 75.075
21.698881 75.151
21.856120 75.231
22.014499 75.315
22.174025 75.401
22.334707 75.489
22.496553 75.579
22.659573 75.670
22.823773 75.762
22.989164 75.853
23.155753 75.945
23.323549 76.035
23.492561 76.125
23.662798 76.213
23.834268 76.299
24.006981 76.384
24.180945 76.467
24.356170 76.547
24.532665 76.625
24.710439 76.700
24.889501 76.773
25.069861 76.842
25.251527 76.908
25.434510 76.970
25.618819 77.027
25.804464 77.079
25.991454 77.126
26.179798 77.167
26.369508 77.200
26.560592 77.225
26.753061 77.241
26.946925 77.247
27.142193 77.242
27.338877 77.224
27.536986 77.192
27.736530 77.144
27.937520 77.081
28.139967 76.999
28.343881 76.898
28.549272 76.778
28.756152 76.636
28.964531 76.472
29.174420 76.286
29.385830 76.078
29.598772 75.848
29.813257 75.597
30.029296 75.325
30.246901 75.034
30.466082 74.726
30.686852 74.404
30.909221 74.072
31.133202 73.731
31.358806 73.388
31.586045 73.045
31.814931 72.708
32.045475 72.381
32.277690 72.068
32.511587 71.773
32.747179 71.499
32.984479 71.246
33.223498 71.015
33.464249 70.805
33.706745 70.614
33.950998 70.439
34.197021 70.276
34.444827 70.121
34.694428 69.970
34.945838 69.818
35.199070 69.662
35.454137 69.499
35.711052 69.327
35.969829 69.146
36.230482 68.956
36.493023 68.757
36.757466 68.550
37.023826 68.338
37.292116 68.122
37.562350 67.907
37.834542 67.697
38.108707 67.497
38.384858 67.310
38.663011 67.144
38.943179 67.001
39.225377 66.888
39.509620 66.808
39.795923 66.763
40.084301 66.757
40.374768 66.789
40.667341 66.858
40.962033 66.962
41.258861 67.096
41.557839 67.254
41.858985 67.430
42.162312 67.618
42.467838 67.811
42.775577 68.003
43.085546 68.187
43.397762 68.358
43.712240 68.511
44.028997 68.642
44.348049 68.747
44.669414 68.824
44.993107 68.870
45.319145 68.883
45.647546 68.863
45.978327 68.811
46.311505 68.728
46.647097 68.617
46.985122 68.484
47.325595 68.336
47.668536 68.183
48.013962 68.033
48.361891 67.900
48.712341 67.794
49.065331 67.725
49.420878 67.699
49.779002 67.718
50.139721 67.777
50.503055 67.871
50.869021 67.988
51.237638 68.116
51.608927 68.244
51.982907 68.360
52.359597 68.456
52.739016 68.524
53.121184 68.560
53.506122 68.561
53.893850 68.528
54.284387 68.462
54.677754 68.370
55.073972 68.256
55.473060 68.133
55.875041 68.013
56.279934 67.912
56.687762 67.850
57.098545 67.845
57.512305 67.914
57.929062 68.070
58.348840 68.318
58.771660 68.655
59.197544 69.070
59.626514 69.545
60.058592 70.061
60.493801 70.599
60.932164 71.142
61.373704 71.676
61.818443 72.190
62.266405 72.675
62.717613 73.124
63.172091 73.535
63.629862 73.903
64.090950 74.227
64.555379 74.508
65.023174 74.744
65.494359 74.939
65.968958 75.093
66.446996 75.209
66.928498 75.293
67.413490 75.348
67.901996 75.379
68.394042 75.395
68.889653 75.404
69.388856 75.413
69.891676 75.432
70.398140 75.470
70.908274 75.537
71.422105 75.638
71.939659 75.778
72.460963 75.958
72.986045 76.176
73.514932 76.424
74.047652 76.696
74.584231 76.982
75.124699 77.270
75.669084 77.550
76.217413 77.811
76.769716 78.047
77.326021 78.247
77.886357 78.407
78.450754 78.521
79.019241 78.584
79.591847 78.593
80.168602 78.545
80.749537 78.440
81.334681 78.275
81.924066 78.050
82.517721 77.765
83.115679 77.422
83.717969 77.022
84.324624 76.566
84.935675 76.059
85.551154 75.506
86.171093 74.915
86.795524 74.298
87.424480 73.673
88.057994 73.065
88.696099 72.505
89.338827 72.033
89.986213 71.685
90.638290 71.491
91.295093 71.459
91.956655 71.577
92.623010 71.814
93.294195 72.135
93.970243 72.504
94.651190 72.892
95.337072 73.282
96.027924 73.661
96.723781 74.025
97.424682 74.372
98.130661 74.705
98.841756 75.027
99.558005 75.341
100.279443 75.651
101.006109 75.961
101.738041 76.273
102.475277 76.586
103.217855 76.900
103.965814 77.213
104.719193 77.524
105.478032 77.828
106.242369 78.123
107.012245 78.406
107.787700 78.673
108.568774 78.922
109.355508 79.148
110.147943 79.351
110.946120 79.527
111.750082 79.675
112.559869 79.793
113.375524 79.879
114.197090 79.932
115.024609 79.953
115.858125 79.941
116.697681 79.895
117.543320 79.818
118.395087 79.710
119.253027 79.572
120.117184 79.409
120.987602 79.220
121.864328 79.010
122.747407 78.781
123.636886 78.537
124.532810 78.281
125.435226 78.016
126.344181 77.745
127.259723 77.472
128.181899 77.197
129.110758 76.925
130.046348 76.657
130.988718 76.395
131.937916 76.142
132.893992 75.899
133.856997 75.669
134.826980 75.452
135.803992 75.250
136.788084 75.062
137.779306 74.891
138.777712 74.733
139.783353 74.590
140.796280 74.458
141.816548 74.337
142.844209 74.225
143.879317 74.120
144.921926 74.021
145.972090 73.925
147.029864 73.831
148.095303 73.737
149.168463 73.641
150.249399 73.541
151.338168 73.435
152.434827 73.319
153.539432 73.191
154.652042 73.048
155.772715 72.886
156.901508 72.702
158.038481 72.493
159.183693 72.255
160.337204 71.985
161.499073 71.681
162.669362 71.338
163.848131 70.953
165.035443 70.520
166.231357 70.035
167.435938 69.490
168.649248 68.875
169.871350 68.179
171.102308 67.385
172.342186 66.475
173.591048 65.424
174.848961 64.201
176.115988 62.779
177.392197 61.149
178.677654 59.398
179.972426 57.908
181.276581 57.473
182.590185 58.475
183.913309 60.240
185.246021 62.082
186.588390 63.746
187.940486 65.188
189.302381 66.426
190.674144 67.487
192.055847 68.400
193.447563 69.185
194.849364 69.860
196.261322 70.440
197.683513 70.936
199.116009 71.358
200.558886 71.713
202.012218 72.010
203.476082 72.253
204.950554 72.448
206.435710 72.598
207.931628 72.708
209.438386 72.780
210.956063 72.818
212.484738 72.822
214.024490 72.795
215.575399 72.737
217.137548 72.649
218.711016 72.531
220.295886 72.385
221.892241 72.210
223.500163 72.008
225.119738 71.781
226.751048 71.534
228.394180 71.270
230.049218 70.997
231.716250 70.725
233.395361 70.463
235.086640 70.225
236.790175 70.022
238.506054 69.865
240.234367 69.762
241.975204 69.715
243.728657 69.721
245.494815 69.775
247.273771 69.865
249.065619 69.980
250.870451 70.109
252.688362 70.239
254.519446 70.363
256.363799 70.473
258.221517 70.563
260.092696 70.632
261.977435 70.677
263.875832 70.698
265.787985 70.694
267.713994 70.666
269.653960 70.615
271.607984 70.542
273.576167 70.448
275.558613 70.331
277.555424 70.193
279.566705 70.035
281.592561 69.856
283.633096 69.658
285.688419 69.442
287.758635 69.211
289.843852 68.969
291.944181 68.722
294.059728 68.477
296.190606 68.241
298.336926 68.021
300.498798 67.825
302.676336 67.657
304.869654 67.517
307.078865 67.404
309.304085 67.310
311.545430 67.228
313.803016 67.147
316.076962 67.059
318.367386 66.955
320.674408 66.828
322.998147 66.676
325.338724 66.497
327.696263 66.298
330.070885 66.085
332.462715 65.872
334.871877 65.676
337.298496 65.516
339.742700 65.410
342.204616 65.377
344.684372 65.424
347.182097 65.555
349.697921 65.762
352.231977 66.034
354.784395 66.354
357.355309 66.708
359.944853 67.081
362.553161 67.462
365.180371 67.844
367.826618 68.220
370.492042 68.586
373.176780 68.939
375.880973 69.276
378.604761 69.596
381.348287 69.896
384.111694 70.176
386.895126 70.433
389.698727 70.667
392.522645 70.878
395.367026 71.065
398.232018 71.229
401.117772 71.369
404.024436 71.487
406.952164 71.582
409.901107 71.656
412.871420 71.708
415.863256 71.738
418.876773 71.747
421.912126 71.736
424.969476 71.705
428.048980 71.655
431.150799 71.589
434.275095 71.509
437.422032 71.419
440.591772 71.322
443.784482 71.225
447.000327 71.134
450.239476 71.055
453.502096 70.995
456.788360 70.963
460.098436 70.963
463.432499 71.001
466.790722 71.078
470.173280 71.196
473.580350 71.351
477.012108 71.538
480.468734 71.749
483.950409 71.977
487.457313 72.214
490.989630 72.450
494.547543 72.678
498.131238 72.891
501.740903 73.084
505.376724 73.251
509.038892 73.389
512.727598 73.497
516.443033 73.572
520.185392 73.614
523.954870 73.623
527.751663 73.602
531.575969 73.550
535.427988 73.472
539.307920 73.368
543.215967 73.244
547.152334 73.102
551.117225 72.948
555.110848 72.787
559.133410 72.625
563.185121 72.469
567.266193 72.324
571.376838 72.196
575.517270 72.090
579.687705 72.006
583.888361 71.945
588.119457 71.902
592.381213 71.873
596.673851 71.850
600.997596 71.824
605.352672 71.788
609.739307 71.733
614.157730 71.651
618.608170 71.538
623.090860 71.387
627.606033 71.198
632.153925 70.967
636.734773 70.698
641.348815 70.392
645.996293 70.058
650.677449 69.703
655.392526 69.341
660.141770 68.988
664.925430 68.661
669.743753 68.379
674.596993 68.157
679.485401 68.006
684.409232 67.927
689.368743 67.914
694.364193 67.953
699.395843 68.029
704.463953 68.121
709.568789 68.213
714.710617 68.291
719.889705 68.342
725.106323 68.358
730.360742 68.334
735.653237 68.268
740.984084 68.159
746.353560 68.010
751.761945 67.826
757.209522 67.614
762.696574 67.384
768.223388 67.151
773.790252 66.929
779.397455 66.735
785.045290 66.585
790.734052 66.492
796.464037 66.462
802.235543 66.495
808.048873 66.584
813.904328 66.719
819.802214 66.886
825.742839 67.072
831.726512 67.266
837.753545 67.460
843.824253 67.648
849.938951 67.829
856.097959 68.003
862.301598 68.173
868.550191 68.341
874.844063 68.510
881.183544 68.684
887.568963 68.863
894.000654 69.048
900.478951 69.237
907.004193 69.429
913.576719 69.619
920.196873 69.805
926.864999 69.982
933.581444 70.147
940.346560 70.296
947.160699 70.428
954.024216 70.540
960.937469 70.632
967.900818 70.705
974.914626 70.759
981.979259 70.797
989.095086 70.821
996.262477 70.834
1003.481805 70.837
1010.753448 70.834
1018.077784 70.826
1025.455196 70.816
1032.886067 70.804
1040.370785 70.792
1047.909740 70.779
1055.503326 70.765
1063.151939 70.751
1070.855976 70.738
1078.615840 70.726
1086.431935 70.716
1094.304668 70.710
1102.234451 70.710
1110.221696 70.717
1118.266820 70.734
1126.370243 70.762
1134.532386 70.802
1142.753675 70.853
1151.034539 70.915
1159.375410 70.986
1167.776722 71.063
1176.238914 71.143
1184.762426 71.222
1193.347703 71.296
1201.995192 71.361
1210.705345 71.414
1219.478615 71.449
1228.315459 71.465
1237.216340 71.458
1246.181719 71.426
1255.212066 71.366
1264.307850 71.275
1273.469546 71.154
1282.697631 70.999
1291.992587 70.810
1301.354897 70.587
1310.785051 70.331
1320.283540 70.041
1329.850859 69.721
1339.487507 69.372
1349.193985 69.000
1358.970801 68.609
1368.818464 68.208
1378.737487 67.809
1388.728387 67.424
1398.791685 67.071
1408.927906 66.768
1419.137579 66.532
1429.421235 66.380
1439.779410 66.319
1450.212645 66.353
1460.721484 66.473
1471.306474 66.667
1481.968167 66.919
1492.707119 67.212
1503.523890 67.529
1514.419044 67.858
1525.393149 68.190
1536.446776 68.518
1547.580503 68.838
1558.794909 69.146
1570.090580 69.440
1581.468104 69.720
1592.928073 69.985
1604.471087 70.233
1616.097746 70.464
1627.808656 70.676
1639.604429 70.868
1651.485678 71.037
1663.453024 71.184
1675.507091 71.305
1687.648506 71.401
1699.877902 71.470
1712.195918 71.512
1724.603196 71.527
1737.100382 71.515
1749.688127 71.476
1762.367088 71.411
1775.137927 71.321
1788.001308 71.207
1800.957903 71.071
1814.008386 70.914
1827.153438 70.737
1840.393745 70.544
1853.729997 70.335
1867.162889 70.115
1880.693121 69.886
1894.321398 69.651
1908.048432 69.414
1921.874938 69.181
1935.801636 68.958
1949.829252 68.749
1963.958519 68.563
1978.190172 68.405
1992.524953 68.281
2006.963611 68.197
2021.506896 68.155
2036.155568 68.155
2050.910391 68.194
2065.772133 68.270
2080.741570 68.376
2095.819481 68.504
2111.006653 68.647
2126.303877 68.798
2141.711952 68.950
2157.231679 69.096
2172.863869 69.233
2188.609336 69.356
2204.468902 69.462
2220.443392 69.550
2236.533640 69.616
2252.740485 69.662
2269.064771 69.685
2285.507350 69.686
2302.069078 69.666
2318.750820 69.623
2335.553444 69.561
2352.477827 69.481
2369.524851 69.385
2386.695405 69.276
2403.990384 69.157
2421.410689 69.034
2438.957229 68.909
2456.630919 68.790
2474.432679 68.679
2492.363438 68.583
2510.424131 68.505
2528.615699 68.448
2546.939091 68.414
2565.395262 68.402
2583.985173 68.412
2602.709795 68.441
2621.570103 68.485
2640.567081 68.541
2659.701718 68.606
2678.975013 68.676
2698.387971 68.748
2717.941602 68.820
2737.636927 68.891
2757.474973 68.958
2777.456773 69.021
2797.583370 69.079
2817.855812 69.131
2838.275157 69.178
2858.842469 69.220
2879.558820 69.256
2900.425290 69.287
2921.442968 69.312
2942.612948 69.331
2963.936334 69.344
2985.414238 69.352
3007.047781 69.353
3028.838089 69.349
3050.786298 69.338
3072.893553 69.323
3095.161006 69.302
3117.589819 69.278
3140.181160 69.252
3162.936207 69.226
3185.856147 69.202
3208.942174 69.182
3232.195491 69.169
3255.617312 69.164
3279.208857 69.168
3302.971357 69.182
3326.906049 69.205
3351.014181 69.235
3375.297011 69.270
3399.755805 69.307
3424.391837 69.341
3449.206392 69.370
3474.200763 69.390
3499.376254 69.398
3524.734177 69.392
3550.275854 69.372
3576.002616 69.337
3601.915805 69.289
3628.016772 69.230
3654.306877 69.164
3680.787491 69.097
3707.459994 69.031
3734.325778 68.974
3761.386242 68.930
3788.642797 68.902
3816.096864 68.892
3843.749875 68.902
3871.603271 68.931
3899.658505 68.976
3927.917038 69.035
3956.380344 69.105
3985.049907 69.181
4013.927221 69.261
4043.013792 69.341
4072.311137 69.419
4101.820782 69.493
4131.544266 69.561
4161.483139 69.625
4191.638962 69.682
4222.013305 69.734
4252.607754 69.781
4283.423903 69.823
4314.463358 69.861
4345.727738 69.894
4377.218673 69.923
4408.937804 69.947
4440.886785 69.964
4473.067281 69.974
4505.480970 69.977
4538.129543 69.970
4571.014700 69.953
4604.138157 69.927
4637.501640 69.891
4671.106889 69.845
4704.955655 69.791
4739.049703 69.729
4773.390810 69.662
4807.980768 69.590
4842.821379 69.515
4877.914459 69.440
4913.261838 69.367
4948.865358 69.298
4984.726877 69.234
5020.848262 69.177
5057.231399 69.129
5093.878182 69.090
5130.790523 69.061
5167.970346 69.042
5205.419590 69.032
5243.140206 69.032
5281.134161 69.041
5319.403436 69.057
5357.950026 69.079
5396.775941 69.108
5435.883204 69.141
5475.273855 69.180
5514.949946 69.222
5554.913547 69.268
5595.166740 69.317
5635.711625 69.368
5676.550314 69.421
5717.684938 69.474
5759.117640 69.529
5800.850581 69.583
5842.885935 69.637
5885.225895 69.690
5927.872668 69.743
5970.828477 69.795
6014.095561 69.848
6057.676177 69.899
6101.572596 69.951
6145.787106 70.002
6190.322013 70.051
6235.179638 70.099
6280.362320 70.143
6325.872414 70.183
6371.712293 70.216
6417.884347 70.242
6464.390983 70.258
6511.234625 70.264
6558.417715 70.260
6605.942713 70.246
6653.812097 70.223
6702.028362 70.194
6750.594023 70.162
6799.511610 70.129
6848.783674 70.101
6898.412783 70.081
6948.401526 70.073
6998.752508 70.081
7049.468354 70.106
7100.551707 70.150
7152.005232 70.211
7203.831610 70.287
7256.033544 70.376
7308.613754 70.472
7361.574982 70.570
7414.919989 70.667
7468.651556 70.758
7522.772483 70.840
7577.285594 70.911
7632.193729 70.968
7687.499751 71.013
7743.206543 71.044
7799.317010 71.063
7855.834076 71.072
7912.760688 71.073
7970.099813 71.070
8027.854442 71.065
8086.027585 71.060
8144.622274 71.058
8203.641564 71.062
8263.088533 71.072
8322.966279 71.089
8383.277923 71.112
8444.026611 71.142
8505.215508 71.177
8566.847806 71.216
8628.926717 71.257
8691.455477 71.300
8754.437346 71.343
8817.875608 71.386
8881.773569 71.428
8946.134562 71.469
9010.961941 71.508
9076.259085 71.544
9142.029400 71.577
9208.276314 71.606
9275.003280 71.631
9342.213777 71.651
9409.911309 71.665
9478.099405 71.672
9546.781621 71.673
9615.961536 71.666
9685.642757 71.652
9755.828917 71.631
9826.523675 71.604
9897.730716 71.571
9969.453753 71.533
10041.696525 71.492
10114.462797 71.448
10187.756364 71.403
10261.581046 71.358
10335.940693 71.315
10410.839180 71.273
10486.280412 71.235
10562.268322 71.200
10638.806873 71.168
10715.900053 71.139
10793.551882 71.113
10871.766408 71.088
10950.547709 71.064
11029.899892 71.041
11109.827094 71.018
11190.333480 70.994
11271.423250 70.968
11353.100629 70.941
11435.369876 70.913
11518.235280 70.883
11601.701161 70.853
11685.771870 70.821
11770.451790 70.788
11855.745336 70.755
11941.656954 70.722
12028.191123 70.688
12115.352354 70.653
12203.145191 70.618
12291.574212 70.582
12380.644026 70.546
12470.359276 70.510
12560.724640 70.473
12651.744828 70.436
12743.424587 70.399
12835.768694 70.362
12928.781965 70.326
13022.469249 70.289
13116.835429 70.252
13211.885426 70.213
13307.624194 70.173
13404.056725 70.131
13501.188045 70.084
13599.023219 70.034
13697.567347 69.979
13796.825567 69.919
13896.803052 69.856
13997.505016 69.788
14098.936707 69.718
14201.103415 69.646
14304.010464 69.572
14407.663220 69.499
14512.067087 69.427
14617.227507 69.357
14723.149963 69.290
14829.839977 69.227
14937.303111 69.169
15045.544967 69.117
15154.571188 69.070
15264.387458 69.028
15374.999502 68.993
15486.413086 68.963
15598.634019 68.938
15711.668151 68.917
15825.521375 68.901
15940.199627 68.889
16055.708884 68.880
16172.055169 68.874
16289.244548 68.871
16407.283129 68.870
16526.177066 68.871
16645.932557 68.873
16766.555846 68.876
16888.053221 68.879
17010.431017 68.882
17133.695612 68.884
17257.853433 68.885
17382.910953 68.886
17508.874692 68.885
17635.751215 68.882
17763.547139 68.874
17892.269124 68.864
18021.923881 68.851
18152.518171 68.839
18284.058800 68.827
18416.552628 68.814
18550.006560 68.799
18684.427554 68.783
18819.822618 68.764
18956.198811 68.741
19093.563242 68.712
19231.923072 68.677
19371.285514 68.634
19511.657834 68.580
19653.047350 68.514
19795.461433 68.432
19938.907506 68.328
20083.393050 68.196
20228.925594 68.030
20375.512728 67.828
20523.162093 67.583
20671.881385 67.287
20821.678359 66.930
20972.560824 66.499
21124.536645 65.980
21277.613745 65.355
21431.800106 64.605
21587.103764 63.708
21743.532817 62.638
21901.095419 61.365
22059.799784 59.854
22219.654187 58.064
22380.666961 55.950
22542.846499 53.458
22706.201258 50.524
22870.739752 47.082
23036.470560 43.055
23203.402322 38.373
23371.543740 32.981
23540.903581 26.860
23711.490672 20.054
23883.313908 12.870
24056.382246 8.288
