* Measurement data measured by REW V5.40 beta 133
* Source: U18dB [plughw:3,0], Mic (Mic), R, Volume: 1.000. Timing signal peak level -26.9 dBFS, measurement signal peak level -14.7 dBFS
* Format: 512k Log Swept Sine, 1 sweep at -12.0 dBFS using an acoustic timing reference
* Dated: Sep 10, 2026, 11:05:55 AM
* REW Settings:
*  C-weighting compensation: Off
*  Target level: 75.0 dB
* Note: ; 10 sept 2026  Position MLP 4.18m from front wall 3.32m from RLand L speaker  1.20m speakers to front wall marker: green 2 screen panels prolongation - new setup DAC level -29dB MIC HEIGHT: 1.000m mic boom arm height: 1.040 -12dBFS OKTO -28dB DELAY -0.0108 ms (-3.7 mm, -0.15 in) using estimated IR delay relative to Acoustic reference played from DAC8STEREO L with no timing offset Clock adjustment: -15.2 ppm
* Measurement: R.0
* Smoothing: 1/48 octave
* Frequency Step: 96 ppo
* Start Frequency: 15.014648 Hz
*
* Freq(Hz) SPL(dB) Phase(degrees)
15.014648 68.641 -156.5884
15.123451 68.810 -157.6749
15.233042 69.011 -158.7879
15.343426 69.214 -159.9534
15.454611 69.417 -161.1826
15.566602 69.620 -162.4596
15.679404 69.821 -163.7933
15.793023 70.019 -165.1918
15.907466 70.217 -166.6503
16.022738 70.413 -168.1623
16.138845 70.605 -169.7226
16.255794 70.797 -171.3361
16.373590 70.985 -172.9941
16.492240 71.169 -174.6809
16.611750 71.351 -176.4025
16.732125 71.528 -178.1563
16.853373 71.702 -179.9243
16.975500 71.871 178.2885
17.098511 72.037 176.4800
17.222414 72.198 174.6656
17.347215 72.355 172.8396
17.472920 72.509 170.9992
17.599536 72.657 169.1564
17.727069 72.803 167.3017
17.855527 72.944 165.4371
17.984915 73.082 163.5732
18.115241 73.216 161.6974
18.246512 73.346 159.8180
18.378734 73.472 157.9445
18.511914 73.594 156.0624
18.646058 73.712 154.1874
18.781175 73.824 152.3231
18.917272 73.932 150.4583
19.054354 74.034 148.6154
19.192430 74.130 146.7852
19.331506 74.221 144.9694
19.471590 74.305 143.1855
19.612689 74.383 141.4175
19.754811 74.455 139.6782
19.897962 74.522 137.9713
20.042151 74.584 136.2879
20.187385 74.641 134.6389
20.333671 74.694 133.0179
20.481017 74.744 131.4233
20.629431 74.792 129.8556
20.778920 74.838 128.3096
20.929493 74.885 126.7787
21.081157 74.932 125.2627
21.233919 74.980 123.7518
21.387789 75.030 122.2406
21.542774 75.083 120.7275
21.698882 75.140 119.1989
21.856121 75.200 117.6583
22.014499 75.264 116.0954
22.174025 75.333 114.5093
22.334708 75.406 112.8992
22.496554 75.483 111.2586
22.659573 75.563 109.5927
22.823774 75.647 107.8985
22.989164 75.733 106.1779
23.155753 75.821 104.4329
23.323549 75.910 102.6617
23.492562 76.000 100.8699
23.662798 76.091 99.0534
23.834269 76.181 97.2182
24.006982 76.270 95.3597
24.180946 76.357 93.4824
24.356171 76.442 91.5814
24.532666 76.524 89.6595
24.710440 76.603 87.7116
24.889502 76.679 85.7390
25.069862 76.751 83.7365
25.251528 76.818 81.7035
25.434511 76.881 79.6344
25.618820 76.938 77.5279
25.804465 76.989 75.3776
25.991454 77.034 73.1822
26.179799 77.071 70.9340
26.369509 77.101 68.6335
26.560593 77.121 66.2706
26.753062 77.131 63.8503
26.946926 77.131 61.3606
27.142194 77.118 58.8135
27.338878 77.093 56.1941
27.536987 77.052 53.5247
27.736531 76.996 50.7879
27.937521 76.923 48.0165
28.139968 76.833 45.1951
28.343882 76.723 42.3616
28.549273 76.594 39.5108
28.756153 76.445 36.6719
28.964532 76.275 33.8611
29.174421 76.084 31.0909
29.385831 75.872 28.3967
29.598773 75.639 25.7825
29.813258 75.386 23.2858
30.029297 75.114 20.9136
30.246902 74.824 18.6942
30.466083 74.518 16.6383
30.686853 74.197 14.7678
30.909222 73.867 13.0873
31.133203 73.529 11.6111
31.358807 73.188 10.3434
31.586046 72.848 9.2734
31.814932 72.512 8.4124
32.045476 72.187 7.7255
32.277691 71.875 7.2028
32.511588 71.582 6.8256
32.747180 71.309 6.5435
32.984480 71.057 6.3391
33.223499 70.829 6.1731
33.464250 70.621 6.0059
33.706746 70.432 5.8192
33.950999 70.259 5.5835
34.197022 70.096 5.2850
34.444828 69.941 4.9180
34.694429 69.789 4.4769
34.945839 69.634 3.9706
35.199071 69.473 3.4124
35.454138 69.303 2.8254
35.711054 69.122 2.2366
35.969831 68.929 1.6616
36.230483 68.724 1.1205
36.493024 68.508 0.6411
36.757467 68.281 0.2455
37.023827 68.046 -0.0466
37.292117 67.806 -0.2156
37.562351 67.564 -0.2466
37.834543 67.325 -0.1304
38.108708 67.093 0.1393
38.384859 66.874 0.5585
38.663012 66.673 1.1141
38.943180 66.495 1.7876
39.225378 66.345 2.5519
39.509622 66.226 3.3685
39.795925 66.142 4.1855
40.084302 66.094 4.9496
40.374770 66.083 5.6016
40.667342 66.107 6.0801
40.962034 66.165 6.3202
41.258862 66.252 6.2601
41.557841 66.362 5.8484
41.858986 66.491 5.0417
42.162313 66.632 3.8057
42.467839 66.780 2.1141
42.775578 66.929 -0.0504
43.085548 67.074 -2.6943
43.397763 67.210 -5.8156
43.712242 67.333 -9.4073
44.028998 67.438 -13.4600
44.348051 67.522 -17.9636
44.669415 67.581 -22.9097
44.993108 67.610 -28.2900
45.319147 67.604 -34.1057
45.647548 67.562 -40.3677
45.978329 67.482 -47.0974
46.311507 67.363 -54.3274
46.647099 67.210 -62.0989
46.985123 67.029 -70.4578
47.325597 66.831 -79.4457
47.668537 66.634 -89.0865
48.013963 66.458 -99.3673
48.361892 66.327 -110.2190
48.712342 66.263 -121.5042
49.065332 66.281 -133.0212
49.420880 66.386 -144.5294
49.779004 66.570 -155.7932
50.139723 66.814 -166.6226
50.503056 67.093 -176.8911
50.869022 67.386 173.4642
51.237640 67.670 164.4586
51.608929 67.929 156.0789
51.982909 68.152 148.2999
52.359598 68.331 141.0964
52.739018 68.462 134.4495
53.121186 68.545 128.3488
53.506124 68.580 122.7953
53.893852 68.571 117.7986
54.284389 68.521 113.3768
54.677756 68.439 109.5543
55.073973 68.331 106.3577
55.473062 68.210 103.8115
55.875043 68.090 101.9324
56.279936 67.987 100.7202
56.687764 67.920 100.1473
57.098547 67.909 100.1475
57.512306 67.971 100.6105
57.929064 68.120 101.3859
58.348842 68.362 102.2933
58.771662 68.695 103.1472
59.197546 69.107 103.7823
59.626515 69.581 104.0724
60.058594 70.097 103.9395
60.493803 70.637 103.3521
60.932166 71.183 102.3134
61.373706 71.721 100.8495
61.818445 72.238 99.0024
62.266407 72.725 96.8234
62.717615 73.177 94.3666
63.172093 73.589 91.6859
63.629864 73.957 88.8353
64.090952 74.279 85.8685
64.555381 74.557 82.8347
65.023176 74.788 79.7794
65.494361 74.975 76.7500
65.968960 75.120 73.7926
66.446998 75.227 70.9453
66.928501 75.298 68.2485
67.413492 75.339 65.7402
67.901998 75.356 63.4505
68.394044 75.357 61.4063
68.889655 75.350 59.6258
69.388858 75.344 58.1149
69.891679 75.351 56.8646
70.398142 75.379 55.8466
70.908276 75.439 55.0162
71.422107 75.539 54.3051
71.939661 75.682 53.6328
72.460965 75.869 52.9110
72.986047 76.099 52.0478
73.514934 76.363 50.9682
74.047654 76.653 49.6064
74.584234 76.958 47.9238
75.124702 77.265 45.8979
75.669086 77.564 43.5270
76.217416 77.844 40.8254
76.769719 78.095 37.8163
77.326024 78.310 34.5359
77.886360 78.482 31.0206
78.450757 78.605 27.3171
79.019243 78.676 23.4667
79.591849 78.690 19.5206
80.168605 78.645 15.5223
80.749539 78.539 11.5234
81.334684 78.372 7.5720
81.924068 78.141 3.7172
82.517724 77.848 0.0129
83.115681 77.492 -3.4892
83.717972 77.073 -6.7293
84.324627 76.594 -9.6436
84.935678 76.056 -12.1602
85.551157 75.463 -14.1945
86.171096 74.821 -15.6492
86.795527 74.139 -16.4102
87.424483 73.432 -16.3527
88.057997 72.726 -15.3534
88.696102 72.054 -13.3156
89.338830 71.463 -10.2198
89.986216 71.008 -6.1891
90.638293 70.733 -1.5229
91.295096 70.662 3.3359
91.956658 70.786 7.9168
92.623013 71.068 11.8591
93.294198 71.457 14.9808
93.970246 71.905 17.2637
94.651193 72.374 18.7916
95.337075 72.840 19.6929
96.027927 73.289 20.1021
96.723785 73.716 20.1396
97.424685 74.119 19.9026
98.130664 74.502 19.4632
98.841760 74.869 18.8704
99.558008 75.224 18.1521
100.279446 75.572 17.3189
101.006112 75.916 16.3682
101.738044 76.258 15.2880
102.475280 76.600 14.0625
103.217858 76.940 12.6750
103.965817 77.278 11.1114
104.719197 77.610 9.3605
105.478035 77.934 7.4163
106.242372 78.247 5.2774
107.012248 78.545 2.9473
107.787703 78.826 0.4329
108.568777 79.087 -2.2554
109.355511 79.324 -5.1040
110.147947 79.536 -8.0973
110.946124 79.721 -11.2178
111.750085 79.876 -14.4464
112.559873 79.999 -17.7623
113.375528 80.090 -21.1443
114.197094 80.148 -24.5703
115.024613 80.171 -28.0169
115.858129 80.160 -31.4616
116.697684 80.115 -34.8818
117.543324 80.037 -38.2554
118.395091 79.927 -41.5618
119.253031 79.786 -44.7813
120.117188 79.618 -47.8956
120.987606 79.423 -50.8890
121.864332 79.205 -53.7488
122.747411 78.966 -56.4644
123.636890 78.711 -59.0281
124.532814 78.442 -61.4351
125.435230 78.161 -63.6826
126.344185 77.873 -65.7703
127.259727 77.580 -67.6989
128.181904 77.285 -69.4704
129.110763 76.990 -71.0872
130.046352 76.699 -72.5533
130.988722 76.414 -73.8737
131.937920 76.139 -75.0555
132.893997 75.875 -76.1088
133.857001 75.625 -77.0478
134.826984 75.392 -77.8909
135.803996 75.177 -78.6605
136.788088 74.981 -79.3819
137.779311 74.805 -80.0817
138.777717 74.647 -80.7861
139.783357 74.508 -81.5197
140.796285 74.384 -82.3036
141.816553 74.273 -83.1550
142.844214 74.173 -84.0875
143.879322 74.080 -85.1114
144.921931 73.994 -86.2359
145.972095 73.911 -87.4683
147.029869 73.828 -88.8156
148.095308 73.743 -90.2841
149.168468 73.655 -91.8801
150.249404 73.561 -93.6096
151.338173 73.458 -95.4777
152.434832 73.342 -97.4873
153.539437 73.212 -99.6396
154.652047 73.063 -101.9341
155.772720 72.893 -104.3681
156.901513 72.699 -106.9371
158.038486 72.476 -109.6349
159.183698 72.223 -112.4556
160.337209 71.935 -115.3949
161.499079 71.612 -118.4506
162.669367 71.248 -121.6247
163.848137 70.841 -124.9244
165.035448 70.385 -128.3639
166.231363 69.874 -131.9658
167.435944 69.302 -135.7627
168.649254 68.657 -139.8000
169.871356 67.926 -144.1407
171.102314 67.090 -148.8737
172.342191 66.125 -154.1294
173.591054 64.998 -160.1125
174.848966 63.668 -167.1692
176.115994 62.083 -175.9314
177.392203 60.202 172.3531
178.677660 58.087 155.1245
179.972432 56.262 128.2144
181.276587 56.025 92.6263
182.590191 57.686 62.1599
183.913315 59.943 42.1260
185.246027 62.036 28.5878
186.588396 63.821 18.4326
187.940492 65.323 10.1180
189.302387 66.592 2.8875
190.674150 67.670 -3.6527
192.055853 68.591 -9.7203
193.447569 69.380 -15.4423
194.849370 70.057 -20.8960
196.261329 70.637 -26.1305
197.683519 71.134 -31.1771
199.116016 71.557 -36.0576
200.558892 71.914 -40.7859
202.012225 72.212 -45.3732
203.476089 72.458 -49.8284
204.950560 72.655 -54.1583
206.435716 72.809 -58.3693
207.931635 72.923 -62.4670
209.438393 72.999 -66.4576
210.956070 73.040 -70.3455
212.484745 73.047 -74.1348
214.024497 73.022 -77.8279
215.575406 72.964 -81.4247
217.137555 72.874 -84.9210
218.711023 72.752 -88.3083
220.295893 72.596 -91.5726
221.892248 72.408 -94.6926
223.500171 72.187 -97.6416
225.119745 71.934 -100.3851
226.751056 71.652 -102.8821
228.394187 71.344 -105.0878
230.049226 71.017 -106.9562
231.716257 70.680 -108.4452
233.395369 70.344 -109.5240
235.086648 70.024 -110.1829
236.790182 69.736 -110.4417
238.506062 69.494 -110.3568
240.234375 69.312 -110.0229
241.975212 69.199 -109.5646
243.728664 69.155 -109.1189
245.494823 69.176 -108.8145
247.273780 69.248 -108.7527
249.065627 69.360 -108.9993
250.870459 69.494 -109.5818
252.688370 69.639 -110.4971
254.519454 69.781 -111.7196
256.363807 69.913 -113.2107
258.221525 70.028 -114.9264
260.092705 70.124 -116.8235
261.977444 70.197 -118.8618
263.875840 70.247 -121.0085
265.787993 70.275 -123.2371
267.714003 70.282 -125.5282
269.653969 70.266 -127.8678
271.607992 70.229 -130.2462
273.576176 70.170 -132.6548
275.558622 70.088 -135.0833
277.555433 69.981 -137.5178
279.566714 69.848 -139.9401
281.592570 69.688 -142.3250
283.633106 69.500 -144.6401
285.688428 69.285 -146.8474
287.758644 69.044 -148.9049
289.843862 68.782 -150.7687
291.944190 68.504 -152.3993
294.059738 68.219 -153.7686
296.190616 67.937 -154.8654
298.336935 67.668 -155.7039
300.498808 67.424 -156.3274
302.676346 67.211 -156.8070
304.869664 67.032 -157.2307
307.078875 66.885 -157.6896
309.304095 66.761 -158.2595
311.545440 66.647 -158.9886
313.803027 66.530 -159.8876
316.076973 66.396 -160.9294
318.367397 66.230 -162.0516
320.674418 66.025 -163.1603
322.998157 65.775 -164.1356
325.338735 65.478 -164.8365
327.696273 65.143 -165.1071
330.070896 64.786 -164.7883
332.462726 64.434 -163.7428
334.871888 64.126 -161.8936
337.298507 63.909 -159.2791
339.742711 63.829 -156.0970
342.204627 63.917 -152.7010
344.684383 64.174 -149.5167
347.182108 64.575 -146.9182
349.697933 65.077 -145.1354
352.231988 65.632 -144.2396
354.784406 66.202 -144.1826
357.355320 66.756 -144.8538
359.944864 67.277 -146.1196
362.553173 67.754 -147.8489
365.180383 68.181 -149.9233
367.826630 68.560 -152.2410
370.492054 68.890 -154.7168
373.176792 69.175 -157.2806
375.880985 69.420 -159.8752
378.604773 69.631 -162.4557
381.348300 69.813 -164.9873
384.111707 69.974 -167.4480
386.895138 70.119 -169.8268
389.698740 70.255 -172.1256
392.522658 70.388 -174.3588
395.367039 70.522 -176.5518
398.232031 70.660 -178.7374
401.117785 70.800 179.0497
404.024450 70.942 176.7769
406.952177 71.081 174.4202
409.901120 71.213 171.9663
412.871433 71.331 169.4169
415.863270 71.431 166.7882
418.876786 71.507 164.1093
421.912140 71.557 161.4194
424.969489 71.577 158.7651
428.048993 71.569 156.1970
431.150813 71.535 153.7672
434.275109 71.480 151.5245
437.422046 71.411 149.5093
440.591786 71.337 147.7502
443.784496 71.267 146.2588
447.000341 71.214 145.0233
450.239490 71.187 144.0082
453.502111 71.196 143.1552
456.788374 71.246 142.3899
460.098451 71.338 141.6304
463.432514 71.470 140.7979
466.790737 71.637 139.8264
470.173295 71.832 138.6687
473.580365 72.045 137.2977
477.012124 72.269 135.7047
480.468750 72.495 133.8939
483.950425 72.719 131.8785
487.457329 72.935 129.6765
490.989646 73.140 127.3080
494.547559 73.331 124.7926
498.131254 73.506 122.1495
501.740919 73.664 119.3961
505.376740 73.803 116.5492
509.038909 73.922 113.6241
512.727614 74.020 110.6361
516.443050 74.098 107.6000
520.185409 74.153 104.5295
523.954887 74.187 101.4381
527.751680 74.199 98.3379
531.575987 74.188 95.2416
535.428005 74.154 92.1621
539.307937 74.096 89.1129
543.215985 74.016 86.1108
547.152352 73.912 83.1752
551.117243 73.787 80.3279
555.110866 73.641 77.5929
559.133428 73.477 74.9939
563.185140 73.299 72.5507
567.266211 73.112 70.2767
571.376856 72.923 68.1743
575.517288 72.736 66.2321
579.687724 72.558 64.4231
583.888380 72.391 62.7073
588.119476 72.238 61.0348
592.381232 72.096 59.3547
596.673871 71.962 57.6228
600.997615 71.828 55.8071
605.352692 71.688 53.8938
609.739327 71.531 51.8892
614.157750 71.350 49.8192
618.608190 71.138 47.7274
623.090880 70.890 45.6716
627.606053 70.603 43.7202
632.153945 70.279 41.9486
636.734793 69.919 40.4344
641.348836 69.532 39.2524
645.996314 69.127 38.4684
650.677470 68.719 38.1309
655.392547 68.324 38.2598
660.141792 67.961 38.8386
664.925451 67.648 39.8081
669.743775 67.400 41.0654
674.597014 67.228 42.4739
679.485423 67.132 43.8823
684.409254 67.108 45.1471
689.368766 67.144 46.1489
694.364216 67.224 46.8044
699.395865 67.330 47.0681
704.463976 67.444 46.9288
709.568812 67.551 46.4026
714.710640 67.636 45.5269
719.889728 67.687 44.3550
725.106346 67.692 42.9543
730.360766 67.644 41.4025
735.653261 67.537 39.7855
740.984108 67.366 38.1987
746.353584 67.129 36.7461
751.761970 66.826 35.5431
757.209547 66.462 34.7172
762.696599 66.043 34.4084
768.223413 65.585 34.7689
773.790277 65.112 35.9495
779.397480 64.660 38.0695
785.045315 64.278 41.1639
790.734077 64.022 45.1140
796.464062 63.940 49.6029
802.235569 64.054 54.1570
808.048899 64.349 58.2831
813.904354 64.782 61.6215
819.802241 65.297 64.0149
825.742866 65.843 65.4808
831.726539 66.383 66.1406
837.753572 66.893 66.1552
843.824280 67.359 65.6852
849.938979 67.781 64.8712
856.097987 68.157 63.8259
862.301626 68.493 62.6327
868.550219 68.793 61.3490
874.844092 69.065 60.0105
881.183573 69.314 58.6349
887.568992 69.544 57.2273
894.000683 69.757 55.7871
900.478980 69.957 54.3096
907.004222 70.143 52.7898
913.576749 70.315 51.2242
920.196903 70.474 49.6122
926.865029 70.619 47.9552
933.581475 70.749 46.2577
940.346591 70.864 44.5255
947.160730 70.962 42.7662
954.024247 71.043 40.9884
960.937500 71.108 39.2019
967.900849 71.157 37.4166
974.914658 71.188 35.6415
981.979291 71.203 33.8857
989.095118 71.203 32.1583
996.262509 71.186 30.4672
1003.481838 71.154 28.8196
1010.753481 71.107 27.2235
1018.077817 71.046 25.6884
1025.455229 70.969 24.2263
1032.886100 70.879 22.8523
1040.370819 70.775 21.5825
1047.909774 70.661 20.4363
1055.503361 70.537 19.4329
1063.151973 70.407 18.5901
1070.856010 70.276 17.9226
1078.615875 70.150 17.4392
1086.431970 70.033 17.1421
1094.304704 69.931 17.0239
1102.234487 69.854 17.0658
1110.221732 69.804 17.2350
1118.266856 69.790 17.4877
1126.370279 69.812 17.7683
1134.532422 69.872 18.0133
1142.753712 69.970 18.1575
1151.034577 70.099 18.1407
1159.375448 70.254 17.9142
1167.776760 70.427 17.4431
1176.238952 70.608 16.7081
1184.762464 70.790 15.7058
1193.347741 70.964 14.4460
1201.995231 71.123 12.9473
1210.705384 71.262 11.2340
1219.478654 71.376 9.3342
1228.315499 71.461 7.2766
1237.216380 71.516 5.0890
1246.181760 71.537 2.7998
1255.212106 71.522 0.4371
1264.307891 71.471 -1.9707
1273.469587 71.381 -4.3945
1282.697672 71.252 -6.8042
1291.992628 71.083 -9.1692
1301.354940 70.874 -11.4579
1310.785094 70.624 -13.6375
1320.283583 70.334 -15.6741
1329.850902 70.004 -17.5291
1339.487550 69.634 -19.1604
1349.194029 69.225 -20.5203
1358.970845 68.779 -21.5518
1368.818508 68.299 -22.1884
1378.737531 67.792 -22.3517
1388.728432 67.267 -21.9553
1398.791730 66.739 -20.9116
1408.927952 66.230 -19.1454
1419.137625 65.770 -16.6198
1429.421281 65.393 -13.3700
1439.779457 65.136 -9.5350
1450.212692 65.025 -5.3654
1460.721531 65.072 -1.1841
1471.306521 65.264 2.6875
1481.968215 65.575 6.0035
1492.707168 65.967 8.6317
1503.523939 66.406 10.5457
1514.419093 66.863 11.7932
1525.393198 67.317 12.4615
1536.446826 67.755 12.6492
1547.580553 68.170 12.4496
1558.794960 68.559 11.9419
1570.090631 68.924 11.1876
1581.468155 69.265 10.2311
1592.928125 69.585 9.1010
1604.471139 69.885 7.8140
1616.097798 70.166 6.3788
1627.808709 70.430 4.7997
1639.604482 70.674 3.0802
1651.485732 70.898 1.2247
1663.453078 71.100 -0.7599
1675.507145 71.279 -2.8632
1687.648560 71.433 -5.0719
1699.877958 71.560 -7.3702
1712.195974 71.659 -9.7412
1724.603252 71.729 -12.1659
1737.100438 71.769 -14.6254
1749.688184 71.777 -17.1005
1762.367146 71.756 -19.5724
1775.137984 71.704 -22.0231
1788.001366 71.620 -24.4332
1800.957961 71.507 -26.7843
1814.008445 71.362 -29.0564
1827.153498 71.188 -31.2294
1840.393805 70.984 -33.2809
1853.730057 70.750 -35.1857
1867.162949 70.489 -36.9143
1880.693182 70.200 -38.4325
1894.321460 69.886 -39.6995
1908.048494 69.552 -40.6697
1921.875000 69.204 -41.2947
1935.801698 68.851 -41.5286
1949.829316 68.504 -41.3346
1963.958583 68.179 -40.6963
1978.190236 67.893 -39.6304
1992.525018 67.664 -38.1951
2006.963676 67.509 -36.4933
2021.506962 67.435 -34.6647
2036.155634 67.445 -32.8654
2050.910458 67.532 -31.2444
2065.772200 67.684 -29.9202
2080.741637 67.884 -28.9679
2095.819549 68.115 -28.4205
2111.006721 68.361 -28.2751
2126.303946 68.607 -28.5040
2141.712021 68.845 -29.0648
2157.231749 69.067 -29.9097
2172.863940 69.267 -30.9902
2188.609407 69.442 -32.2621
2204.468973 69.593 -33.6869
2220.443464 69.716 -35.2313
2236.533713 69.812 -36.8666
2252.740558 69.881 -38.5679
2269.064845 69.923 -40.3116
2285.507424 69.938 -42.0751
2302.069153 69.926 -43.8346
2318.750895 69.886 -45.5648
2335.553520 69.822 -47.2389
2352.477904 69.732 -48.8303
2369.524928 69.621 -50.3118
2386.695483 69.491 -51.6573
2403.990462 69.347 -52.8447
2421.410768 69.192 -53.8555
2438.957308 69.031 -54.6791
2456.630998 68.872 -55.3121
2474.432759 68.718 -55.7596
2492.363519 68.577 -56.0353
2510.424213 68.452 -56.1608
2528.615781 68.347 -56.1641
2546.939174 68.266 -56.0775
2565.395345 68.209 -55.9346
2583.985257 68.177 -55.7670
2602.709879 68.170 -55.6041
2621.570188 68.185 -55.4723
2640.567166 68.223 -55.3939
2659.701804 68.279 -55.3888
2678.975100 68.352 -55.4745
2698.388058 68.439 -55.6656
2717.941690 68.538 -55.9742
2737.637016 68.644 -56.4084
2757.475062 68.755 -56.9722
2777.456863 68.865 -57.6637
2797.583461 68.973 -58.4764
2817.855904 69.076 -59.3999
2838.275249 69.171 -60.4214
2858.842562 69.256 -61.5260
2879.558913 69.331 -62.6986
2900.425384 69.396 -63.9252
2921.443062 69.449 -65.1941
2942.613043 69.491 -66.4955
2963.936430 69.522 -67.8207
2985.414335 69.541 -69.1620
3007.047878 69.549 -70.5118
3028.838187 69.545 -71.8615
3050.786397 69.528 -73.1996
3072.893653 69.499 -74.5115
3095.161107 69.457 -75.7792
3117.589920 69.404 -76.9823
3140.181262 69.341 -78.0991
3162.936310 69.270 -79.1085
3185.856250 69.197 -79.9943
3208.942278 69.126 -80.7468
3232.195596 69.063 -81.3687
3255.617418 69.014 -81.8754
3279.208964 68.984 -82.2957
3302.971464 68.976 -82.6708
3326.906156 68.993 -83.0509
3351.014290 69.032 -83.4863
3375.297121 69.091 -84.0226
3399.755915 69.164 -84.6956
3424.391948 69.242 -85.5260
3449.206504 69.320 -86.5189
3474.200876 69.391 -87.6650
3499.376367 69.448 -88.9440
3524.734291 69.485 -90.3236
3550.275969 69.500 -91.7650
3576.002732 69.490 -93.2246
3601.915922 69.454 -94.6559
3628.016889 69.394 -96.0114
3654.306995 69.313 -97.2455
3680.787610 69.215 -98.3173
3707.460115 69.107 -99.1935
3734.325899 68.998 -99.8536
3761.386364 68.895 -100.2936
3788.642920 68.810 -100.5286
3816.096988 68.750 -100.5941
3843.750000 68.722 -100.5458
3871.603397 68.729 -100.4513
3899.658631 68.771 -100.3827
3927.917165 68.845 -100.4053
3956.380472 68.944 -100.5698
3985.050036 69.060 -100.9093
4013.927351 69.185 -101.4364
4043.013923 69.311 -102.1455
4072.311269 69.431 -103.0167
4101.820915 69.540 -104.0205
4131.544400 69.635 -105.1230
4161.483274 69.714 -106.2886
4191.639097 69.776 -107.4839
4222.013442 69.824 -108.6797
4252.607892 69.860 -109.8536
4283.424042 69.887 -110.9922
4314.463498 69.908 -112.0913
4345.727879 69.926 -113.1560
4377.218815 69.944 -114.1985
4408.937947 69.961 -115.2352
4440.886929 69.978 -116.2847
4473.067426 69.993 -117.3619
4505.481116 70.003 -118.4768
4538.129690 70.006 -119.6307
4571.014848 69.997 -120.8151
4604.138306 69.974 -122.0117
4637.501790 69.934 -123.1951
4671.107040 69.878 -124.3334
4704.955807 69.804 -125.3937
4739.049856 69.717 -126.3430
4773.390965 69.619 -127.1533
4807.980924 69.515 -127.8055
4842.821536 69.412 -128.2926
4877.914617 69.316 -128.6208
4913.261997 69.233 -128.8107
4948.865519 69.166 -128.8949
4984.727038 69.117 -128.9137
5020.848425 69.087 -128.9080
5057.231563 69.074 -128.9138
5093.878347 69.073 -128.9564
5130.790689 69.081 -129.0471
5167.970514 69.092 -129.1836
5205.419759 69.105 -129.3527
5243.140376 69.116 -129.5358
5281.134332 69.126 -129.7137
5319.403609 69.136 -129.8700
5357.950200 69.146 -129.9949
5396.776116 69.160 -130.0879
5435.883380 69.179 -130.1554
5475.274032 69.205 -130.2101
5514.950125 69.237 -130.2662
5554.913727 69.275 -130.3364
5595.166922 69.317 -130.4292
5635.711808 69.361 -130.5452
5676.550498 69.406 -130.6793
5717.685123 69.450 -130.8223
5759.117827 69.494 -130.9635
5800.850769 69.539 -131.0947
5842.886124 69.586 -131.2128
5885.226086 69.637 -131.3214
5927.872860 69.693 -131.4305
5970.828671 69.754 -131.5548
6014.095756 69.820 -131.7115
6057.676373 69.889 -131.9150
6101.572794 69.959 -132.1746
6145.787305 70.027 -132.4927
6190.322213 70.091 -132.8656
6235.179840 70.147 -133.2834
6280.362523 70.195 -133.7332
6325.872619 70.233 -134.1996
6371.712500 70.261 -134.6688
6417.884555 70.279 -135.1279
6464.391192 70.286 -135.5653
6511.234836 70.284 -135.9701
6558.417927 70.272 -136.3297
6605.942927 70.252 -136.6309
6653.812313 70.224 -136.8577
6702.028580 70.190 -136.9939
6750.594241 70.153 -137.0248
6799.511830 70.117 -136.9396
6848.783896 70.087 -136.7358
6898.413007 70.066 -136.4219
6948.401751 70.059 -136.0173
6998.752735 70.070 -135.5521
7049.468582 70.101 -135.0623
7100.551937 70.151 -134.5856
7152.005464 70.219 -134.1584
7203.831844 70.301 -133.8091
7256.033779 70.393 -133.5574
7308.613991 70.490 -133.4125
7361.575220 70.589 -133.3755
7414.920229 70.684 -133.4397
7468.651798 70.772 -133.5927
7522.772727 70.850 -133.8175
7577.285840 70.917 -134.0936
7632.193976 70.971 -134.3979
7687.500000 71.012 -134.7076
7743.206794 71.039 -135.0000
7799.317262 71.055 -135.2550
7855.834330 71.063 -135.4565
7912.760944 71.063 -135.5930
7970.100072 71.060 -135.6595
8027.854702 71.056 -135.6575
8086.027847 71.053 -135.5914
8144.622538 71.052 -135.4706
8203.641830 71.057 -135.3060
8263.088801 71.067 -135.1085
8322.966548 71.082 -134.8888
8383.278195 71.104 -134.6572
8444.026884 71.131 -134.4231
8505.215784 71.163 -134.1952
8566.848084 71.201 -133.9823
8628.926996 71.242 -133.7922
8691.455758 71.287 -133.6311
8754.437630 71.332 -133.5029
8817.875894 71.378 -133.4093
8881.773857 71.423 -133.3494
8946.134852 71.466 -133.3207
9010.962233 71.506 -133.3198
9076.259380 71.542 -133.3430
9142.029697 71.575 -133.3868
9208.276612 71.603 -133.4478
9275.003581 71.625 -133.5225
9342.214080 71.643 -133.6077
9409.911614 71.656 -133.7004
9478.099713 71.662 -133.7974
9546.781930 71.662 -133.8945
9615.961848 71.656 -133.9875
9685.643071 71.643 -134.0706
9755.829233 71.624 -134.1372
9826.523994 71.597 -134.1798
9897.731037 71.565 -134.1906
9969.454076 71.527 -134.1619
10041.696850 71.485 -134.0874
10114.463125 71.440 -133.9629
10187.756694 71.393 -133.7869
10261.581379 71.347 -133.5610
10335.941028 71.302 -133.2893
10410.839517 71.260 -132.9780
10486.280752 71.221 -132.6359
10562.268665 71.186 -132.2720
10638.807218 71.155 -131.8964
10715.900400 71.128 -131.5183
10793.552232 71.103 -131.1443
10871.766761 71.081 -130.7800
10950.548064 71.060 -130.4274
11029.900250 71.038 -130.0865
11109.827454 71.015 -129.7548
11190.333843 70.991 -129.4276
11271.423615 70.964 -129.1006
11353.100997 70.937 -128.7695
11435.370247 70.907 -128.4315
11518.235653 70.876 -128.0846
11601.701537 70.844 -127.7288
11685.772249 70.812 -127.3652
11770.452172 70.780 -126.9955
11855.745720 70.747 -126.6211
11941.657341 70.713 -126.2432
12028.191513 70.680 -125.8625
12115.352747 70.646 -125.4797
12203.145587 70.610 -125.0935
12291.574610 70.575 -124.7039
12380.644427 70.539 -124.3103
12470.359680 70.502 -123.9130
12560.725047 70.466 -123.5128
12651.745238 70.429 -123.1112
12743.425000 70.392 -122.7102
12835.769110 70.356 -122.3126
12928.782385 70.320 -121.9218
13022.469671 70.285 -121.5406
13116.835855 70.248 -121.1731
13211.885854 70.210 -120.8217
13307.624625 70.170 -120.4874
13404.057159 70.128 -120.1700
13501.188483 70.082 -119.8665
13599.023660 70.031 -119.5707
13697.567791 69.976 -119.2760
13796.826014 69.916 -118.9755
13896.803503 69.851 -118.6614
13997.505470 69.783 -118.3271
14098.937164 69.711 -117.9679
14201.103875 69.638 -117.5806
14304.010928 69.564 -117.1642
14407.663687 69.491 -116.7188
14512.067557 69.418 -116.2456
14617.227981 69.348 -115.7482
14723.150441 69.281 -115.2306
14829.840458 69.218 -114.6973
14937.303595 69.160 -114.1542
15045.545455 69.107 -113.6089
15154.571679 69.061 -113.0685
15264.387953 69.019 -112.5404
15375.000000 68.984 -112.0326
15486.413588 68.954 -111.5521
15598.634525 68.929 -111.1052
15711.668661 68.909 -110.6970
15825.521888 68.893 -110.3318
15940.200144 68.881 -110.0132
16055.709405 68.873 -109.7448
16172.055694 68.868 -109.5297
16289.245076 68.866 -109.3715
16407.283660 68.865 -109.2738
16526.177601 68.867 -109.2400
16645.933097 68.870 -109.2722
16766.556390 68.874 -109.3741
16888.053769 68.878 -109.5474
17010.431568 68.883 -109.7927
17133.696167 68.886 -110.1117
17257.853993 68.888 -110.5065
17382.911517 68.890 -110.9763
17508.875259 68.891 -111.5204
17635.751787 68.889 -112.1582
17763.547714 68.883 -112.8901
17892.269704 68.873 -113.6709
18021.924466 68.862 -114.5129
18152.518759 68.851 -115.4390
18284.059393 68.840 -116.4557
18416.553225 68.829 -117.5701
18550.007161 68.816 -118.7892
18684.428160 68.801 -120.1193
18819.823228 68.784 -121.5656
18956.199425 68.763 -123.1332
19093.563861 68.736 -124.8265
19231.923695 68.702 -126.6479
19371.286142 68.661 -128.5991
19511.658467 68.609 -130.6819
19653.047987 68.545 -132.8977
19795.462074 68.464 -135.2480
19938.908153 68.364 -137.7427
20083.393701 68.233 -140.2532
20228.926250 68.068 -142.7321
20375.513389 67.867 -145.3123
20523.162758 67.624 -147.9850
20671.882055 67.329 -150.7399
20821.679034 66.972 -153.5649
20972.561504 66.541 -156.4470
21124.537330 66.019 -159.3722
21277.614435 65.390 -162.3259
21431.800801 64.633 -165.2939
21587.104464 63.723 -168.2628
21743.533521 62.634 -171.2198
21901.096129 61.332 -174.1537
22059.800499 59.779 -177.0548
22219.654907 57.928 -179.9150
22380.667686 55.727 177.2720
22542.847230 53.108 174.5105
22706.201994 49.994 171.8042
22870.740494 46.289 169.1541
23036.471307 41.883 166.5610
23203.403074 36.652 164.0244
23371.544498 30.477 161.5428
23540.904344 23.295 159.1143
23711.491441 15.167 156.7358
23883.314682 6.726 154.4048
